1.0630014199106241 1.3763746958200749 0.9661063939484344 0.9556652512793327
1.0316239590331158 0.8113670738691454 1.1185868100693674 0.966657707901314
0.953172763850549 0.8392419055095257 1.2034808400823398 0.8730732226818599
1.0548599168413926 1.061544941687464 0.8591915291109982 1.0948353502517079
1.0007274863301705 0.8964391187896227 1.0878204366534332 0.870057820394069
1.1890243465669543 0.8987380163336394 0.7949376708310638 0.7704371236851124
1.049039692147287 0.9659845726505429 0.8779061430981671 0.9440705839153325
1.0602941338305079 1.045737241558702 0.9534027572612075 1.0649547685281995
0.8542217061454401 0.918404781418808 0.8477581262904081 1.222095433754332
1.0950384192214115 0.9952669650156554 0.9193113204010763 0.9341180207782274
1.3195830256681094 0.8899382848716867 0.882112157302636 1.0947533173565276
0.7112158308796253 0.7102092708693623 0.9844998359718256 0.8434750302930234
0.7744491362918565 1.0032675993347453 1.076187320973045 0.8286927951665675
0.8280949468313002 0.8749474303018175 0.9457742339164009 1.107734007146869
0.9757467624548635 0.8948641519242376 1.0139808709834466 0.8305571203817216
0.8195081195060077 0.827013050863646 0.7270651366191201 0.7994455074376132
0.9714404789913995 0.8586160176744789 1.0845764636175117 1.1060505246353687
0.8916483013058616 0.8645611982184731 1.0216947972158907 1.0427014695424073
0.9586494684283386 1.1822449368782508 0.8195614015945984 1.1059202445333636
1.0584843186089723 0.9305804165779223 0.8909307570439923 1.2245550261739029
0.9605426467570877 1.003762479423709 0.9787223154955074 0.9676795174892229
0.941769609210487 0.8298293084237628 1.10348006830646 0.9592060446180701
0.9647141707260845 0.9941187002480298 1.1196985931703543 1.1224311871201902
0.8140354166473465 1.0479584265815638 1.1044094608076531 0.9521887153681965
0.942573617446209 1.1169517826094522 1.0742364037167724 1.113045456763583
0.8788054912862553 1.0369993565566802 0.8803974908091812 1.0650114581318677
0.9541269107218153 0.9017077643550445 1.1724336976459637 0.9321106497355198
1.009071337751819 1.0687401841715294 0.7936486344456583 1.2285208413459217
0.8586449166679532 0.8431912221352225 0.85778397712975 0.759204227548278
0.9011323397485745 0.928251292421243 0.9077486191948041 0.8094249383848141
0.900496566974399 0.8773470361189869 1.0546890914621434 0.7358221150175246
1.069484850693598 1.0169683728850103 1.0449834775992355 0.9711887386684153

