0.00524	0.00524	0.00524	0.00524	0.00524	0.00524	0.00524	0.00524	0.00524	0.00524	0.00524	0.00524	0.00524	0.00524	0.00524	0.00524	0.00524	0.00524	0.00524	0.00524	0.00524	0.00524	0.00524	0.00524	
0.00524	0.00524	0.00524	0.00524	0.00524	0.00524	0.00524	0.00524	0.00524	0.00524	0.00524	0.00524	0.00524	0.00524	0.00524	0.00524	0.00524	0.00524	0.00524	0.00524	0.00524	0.00524	0.00524	0.00524	
0.00524	0.00524	0.00524	0.00524	0.00524	0.00524	0.00524	0.00524	0.00524	0.00524	0.00524	0.00524	0.00524	0.00524	0.00524	0.00524	0.00524	0.00524	0.00524	0.00524	0.00524	0.00524	0.00524	0.00524	
0.00524	0.00524	0.00524	0.00524	0.00524	0.00524	0.00524	0.00524	0.00524	0.00524	0.00524	0.00524	0.00524	0.00524	0.00524	0.00524	0.00524	0.00524	0.00524	0.00524	0.00524	0.00524	0.00524	0.00524	
0.00524	0.00524	0.00524	0.00524	0.00524	0.00524	0.00524	0.00524	0.00524	0.00524	0.00524	0.00524	0.00524	0.00524	0.00524	0.00524	0.00524	0.00524	0.00524	0.00524	0.00524	0.00524	0.00524	0.00524	
0.00524	0.00524	0.00524	0.00524	0.00524	0.00524	0.00524	0.00524	0.00524	0.00524	0.00524	0.00524	0.00524	0.00524	0.00524	0.00524	0.00524	0.00524	0.00524	0.00524	0.00524	0.00524	0.00524	0.00524	
0.00524	0.00524	0.00524	0.00524	0.00524	0.00524	0.00524	0.00524	0.00524	0.00524	0.00524	0.00524	0.00524	0.00524	0.00524	0.00524	0.00524	0.00524	0.00524	0.00524	0.00524	0.00524	0.00524	0.00524	
0.00524	0.00524	0.00524	0.00524	0.00524	0.00524	0.00524	0.00524	0.00524	0.00524	0.00524	0.00524	0.00524	0.00524	0.00524	0.00524	0.00524	0.00524	0.00524	0.00524	0.00524	0.00524	0.00524	0.00524	
0.00524	0.00524	0.00524	0.00524	0.00524	0.00524	0.00524	0.00524	0.00524	0.00524	0.00524	0.00524	0.00524	0.00524	0.00524	0.00524	0.00524	0.00524	0.00524	0.00524	0.00524	0.00524	0.00524	0.00524	
0.00524	0.00524	0.00524	0.00524	0.00524	0.00524	0.00524	0.00524	0.00524	0.00524	0.00524	0.00524	0.00524	0.00524	0.00524	0.00524	0.00524	0.00524	0.00524	0.00524	0.00524	0.00524	0.00524	0.00524	
0.00524	0.00524	0.00524	0.00524	0.00524	0.00524	0.00524	0.00524	0.00524	0.00524	0.00524	0.00524	0.00524	0.00524	0.00524	0.00524	0.00524	0.00524	0.00524	0.00524	0.00524	0.00524	0.00524	0.00524	
0.00524	0.00524	0.00524	0.00524	0.00524	0.00524	0.00524	0.00524	0.00524	0.00524	0.00524	0.00524	0.00524	0.00524	0.00524	0.00524	0.00524	0.00524	0.00524	0.00524	0.00524	0.00524	0.00524	0.00524	
0.00524	0.00524	0.00524	0.00524	0.00524	0.00524	0.00524	0.00524	0.00524	0.00524	0.00524	0.00524	0.00524	0.00524	0.00524	0.00524	0.00524	0.00524	0.00524	0.00524	0.00524	0.00524	0.00524	0.00524	
0.00524	0.00524	0.00524	0.00524	0.00524	0.00524	0.00524	0.00524	0.00524	0.00524	0.00524	0.00524	0.00524	0.00524	0.00524	0.00524	0.00524	0.00524	0.00524	0.00524	0.00524	0.00524	0.00524	0.00524	
0.00524	0.00524	0.00524	0.00524	0.00524	0.00524	0.00524	0.00524	0.00524	0.00524	0.00524	0.00524	0.00524	0.00524	0.00524	0.00524	0.00524	0.00524	0.00524	0.00524	0.00524	0.00524	0.00524	0.00524	
0.00524	0.00524	0.00524	0.00524	0.00524	0.00524	0.00524	0.00524	0.00524	0.00524	0.00524	0.00524	0.00524	0.00524	0.00524	0.00524	0.00524	0.00524	0.00524	0.00524	0.00524	0.00524	0.00524	0.00524	
0.00524	0.00524	0.00524	0.00524	0.00524	0.00524	0.00524	0.00524	0.00524	0.00524	0.00524	0.00524	0.00524	0.00524	0.00524	0.00524	0.00524	0.00524	0.00524	0.00524	0.00524	0.00524	0.00524	0.00524	
0.00524	0.00524	0.00524	0.00524	0.00524	0.00524	0.00524	0.00524	0.00524	0.00524	0.00524	0.00524	0.00524	0.00524	0.00524	0.00524	0.00524	0.00524	0.00524	0.00524	0.00524	0.00524	0.00524	0.00524	
0.00524	0.00524	0.00524	0.00524	0.00524	0.00524	0.00524	0.00524	0.00524	0.00524	0.00524	0.00524	0.00524	0.00524	0.00524	0.00524	0.00524	0.00524	0.00524	0.00524	0.00524	0.00524	0.00524	0.00524	
0.00524	0.00524	0.00524	0.00524	0.00524	0.00524	0.00524	0.00524	0.00524	0.00524	0.00524	0.00524	0.00524	0.00524	0.00524	0.00524	0.00524	0.00524	0.00524	0.00524	0.00524	0.00524	0.00524	0.00524	
0.00524	0.00524	0.00524	0.00524	0.00524	0.00524	0.00524	0.00524	0.00524	0.00524	0.00524	0.00524	0.00524	0.00524	0.00524	0.00524	0.00524	0.00524	0.00524	0.00524	0.00524	0.00524	0.00524	0.00524	
0.10471	0.10471	0.10471	0.10471	0.10471	0.10471	0.10471	0.10471	0.10471	0.10471	0.10471	0.10471	0.10471	0.10471	0.10471	0.10471	0.10471	0.10471	0.10471	0.10471	0.10471	0.10471	0.10471	0.10471	
0.10471	0.10471	0.10471	0.10471	0.10471	0.10471	0.10471	0.10471	0.10471	0.10471	0.10471	0.10471	0.10471	0.10471	0.10471	0.10471	0.10471	0.10471	0.10471	0.10471	0.10471	0.10471	0.10471	0.10471	
0.10471	0.10471	0.10471	0.10471	0.10471	0.10471	0.10471	0.10471	0.10471	0.10471	0.10471	0.10471	0.10471	0.10471	0.10471	0.10471	0.10471	0.10471	0.10471	0.10471	0.10471	0.10471	0.10471	0.10471	
0.10471	0.10471	0.10471	0.10471	0.10471	0.10471	0.10471	0.10471	0.10471	0.10471	0.10471	0.10471	0.10471	0.10471	0.10471	0.10471	0.10471	0.10471	0.10471	0.10471	0.10471	0.10471	0.10471	0.10471	
0.10471	0.10471	0.10471	0.10471	0.10471	0.10471	0.10471	0.10471	0.10471	0.10471	0.10471	0.10471	0.10471	0.10471	0.10471	0.10471	0.10471	0.10471	0.10471	0.10471	0.10471	0.10471	0.10471	0.10471	
0.10471	0.10471	0.10471	0.10471	0.10471	0.10471	0.10471	0.10471	0.10471	0.10471	0.10471	0.10471	0.10471	0.10471	0.10471	0.10471	0.10471	0.10471	0.10471	0.10471	0.10471	0.10471	0.10471	0.10471	
0.10471	0.10471	0.10471	0.10471	0.10471	0.10471	0.10471	0.10471	0.10471	0.10471	0.10471	0.10471	0.10471	0.10471	0.10471	0.10471	0.10471	0.10471	0.10471	0.10471	0.10471	0.10471	0.10471	0.10471	
0.10471	0.10471	0.10471	0.10471	0.10471	0.10471	0.10471	0.10471	0.10471	0.10471	0.10471	0.10471	0.10471	0.10471	0.10471	0.10471	0.10471	0.10471	0.10471	0.10471	0.10471	0.10471	0.10471	0.10471	
0.10471	0.10471	0.10471	0.10471	0.10471	0.10471	0.10471	0.10471	0.10471	0.10471	0.10471	0.10471	0.10471	0.10471	0.10471	0.10471	0.10471	0.10471	0.10471	0.10471	0.10471	0.10471	0.10471	0.10471	
0.10471	0.10471	0.10471	0.10471	0.10471	0.10471	0.10471	0.10471	0.10471	0.10471	0.10471	0.10471	0.10471	0.10471	0.10471	0.10471	0.10471	0.10471	0.10471	0.10471	0.10471	0.10471	0.10471	0.10471	
0.10471	0.10471	0.10471	0.10471	0.10471	0.10471	0.10471	0.10471	0.10471	0.10471	0.10471	0.10471	0.10471	0.10471	0.10471	0.10471	0.10471	0.10471	0.10471	0.10471	0.10471	0.10471	0.10471	0.10471	
0.10471	0.10471	0.10471	0.10471	0.10471	0.10471	0.10471	0.10471	0.10471	0.10471	0.10471	0.10471	0.10471	0.10471	0.10471	0.10471	0.10471	0.10471	0.10471	0.10471	0.10471	0.10471	0.10471	0.10471	
0.10471	0.10471	0.10471	0.10471	0.10471	0.10471	0.10471	0.10471	0.10471	0.10471	0.10471	0.10471	0.10471	0.10471	0.10471	0.10471	0.10471	0.10471	0.10471	0.10471	0.10471	0.10471	0.10471	0.10471	
0.10471	0.10471	0.10471	0.10471	0.10471	0.10471	0.10471	0.10471	0.10471	0.10471	0.10471	0.10471	0.10471	0.10471	0.10471	0.10471	0.10471	0.10471	0.10471	0.10471	0.10471	0.10471	0.10471	0.10471	
0.10471	0.10471	0.10471	0.10471	0.10471	0.10471	0.10471	0.10471	0.10471	0.10471	0.10471	0.10471	0.10471	0.10471	0.10471	0.10471	0.10471	0.10471	0.10471	0.10471	0.10471	0.10471	0.10471	0.10471	
0.10471	0.10471	0.10471	0.10471	0.10471	0.10471	0.10471	0.10471	0.10471	0.10471	0.10471	0.10471	0.10471	0.10471	0.10471	0.10471	0.10471	0.10471	0.10471	0.10471	0.10471	0.10471	0.10471	0.10471	
0.10471	0.10471	0.10471	0.10471	0.10471	0.10471	0.10471	0.10471	0.10471	0.10471	0.10471	0.10471	0.10471	0.10471	0.10471	0.10471	0.10471	0.10471	0.10471	0.10471	0.10471	0.10471	0.10471	0.10471	
0.10471	0.10471	0.10471	0.10471	0.10471	0.10471	0.10471	0.10471	0.10471	0.10471	0.10471	0.10471	0.10471	0.10471	0.10471	0.10471	0.10471	0.10471	0.10471	0.10471	0.10471	0.10471	0.10471	0.10471	
0.10471	0.10471	0.10471	0.10471	0.10471	0.10471	0.10471	0.10471	0.10471	0.10471	0.10471	0.10471	0.10471	0.10471	0.10471	0.10471	0.10471	0.10471	0.10471	0.10471	0.10471	0.10471	0.10471	0.10471	
0.10471	0.10471	0.10471	0.10471	0.10471	0.10471	0.10471	0.10471	0.10471	0.10471	0.10471	0.10471	0.10471	0.10471	0.10471	0.10471	0.10471	0.10471	0.10471	0.10471	0.10471	0.10471	0.10471	0.10471	
0.10471	0.10471	0.10471	0.10471	0.10471	0.10471	0.10471	0.10471	0.10471	0.10471	0.10471	0.10471	0.10471	0.10471	0.10471	0.10471	0.10471	0.10471	0.10471	0.10471	0.10471	0.10471	0.10471	0.10471	
0.20419	0.20419	0.20419	0.20419	0.20419	0.20419	0.20419	0.20419	0.20419	0.20419	0.20419	0.20419	0.20419	0.20419	0.20419	0.20419	0.20419	0.20419	0.20419	0.20419	0.20419	0.20419	0.20419	0.20419	
0.20419	0.20419	0.20419	0.20419	0.20419	0.20419	0.20419	0.20419	0.20419	0.20419	0.20419	0.20419	0.20419	0.20419	0.20419	0.20419	0.20419	0.20419	0.20419	0.20419	0.20419	0.20419	0.20419	0.20419	
0.20419	0.20419	0.20419	0.20419	0.20419	0.20419	0.20419	0.20419	0.20419	0.20419	0.20419	0.20419	0.20419	0.20419	0.20419	0.20419	0.20419	0.20419	0.20419	0.20419	0.20419	0.20419	0.20419	0.20419	
0.20419	0.20419	0.20419	0.20419	0.20419	0.20419	0.20419	0.20419	0.20419	0.20419	0.20419	0.20419	0.20419	0.20419	0.20419	0.20419	0.20419	0.20419	0.20419	0.20419	0.20419	0.20419	0.20419	0.20419	
0.20419	0.20419	0.20419	0.20419	0.20419	0.20419	0.20419	0.20419	0.20419	0.20419	0.20419	0.20419	0.20419	0.20419	0.20419	0.20419	0.20419	0.20419	0.20419	0.20419	0.20419	0.20419	0.20419	0.20419	
0.20419	0.20419	0.20419	0.20419	0.20419	0.20419	0.20419	0.20419	0.20419	0.20419	0.20419	0.20419	0.20419	0.20419	0.20419	0.20419	0.20419	0.20419	0.20419	0.20419	0.20419	0.20419	0.20419	0.20419	
0.20419	0.20419	0.20419	0.20419	0.20419	0.20419	0.20419	0.20419	0.20419	0.20419	0.20419	0.20419	0.20419	0.20419	0.20419	0.20419	0.20419	0.20419	0.20419	0.20419	0.20419	0.20419	0.20419	0.20419	
0.20419	0.20419	0.20419	0.20419	0.20419	0.20419	0.20419	0.20419	0.20419	0.20419	0.20419	0.20419	0.20419	0.20419	0.20419	0.20419	0.20419	0.20419	0.20419	0.20419	0.20419	0.20419	0.20419	0.20419	
0.20419	0.20419	0.20419	0.20419	0.20419	0.20419	0.20419	0.20419	0.20419	0.20419	0.20419	0.20419	0.20419	0.20419	0.20419	0.20419	0.20419	0.20419	0.20419	0.20419	0.20419	0.20419	0.20419	0.20419	
0.20419	0.20419	0.20419	0.20419	0.20419	0.20419	0.20419	0.20419	0.20419	0.20419	0.20419	0.20419	0.20419	0.20419	0.20419	0.20419	0.20419	0.20419	0.20419	0.20419	0.20419	0.20419	0.20419	0.20419	
0.20419	0.20419	0.20419	0.20419	0.20419	0.20419	0.20419	0.20419	0.20419	0.20419	0.20419	0.20419	0.20419	0.20419	0.20419	0.20419	0.20419	0.20419	0.20419	0.20419	0.20419	0.20419	0.20419	0.20419	
0.20419	0.20419	0.20419	0.20419	0.20419	0.20419	0.20419	0.20419	0.20419	0.20419	0.20419	0.20419	0.20419	0.20419	0.20419	0.20419	0.20419	0.20419	0.20419	0.20419	0.20419	0.20419	0.20419	0.20419	
0.20419	0.20419	0.20419	0.20419	0.20419	0.20419	0.20419	0.20419	0.20419	0.20419	0.20419	0.20419	0.20419	0.20419	0.20419	0.20419	0.20419	0.20419	0.20419	0.20419	0.20419	0.20419	0.20419	0.20419	
0.20419	0.20419	0.20419	0.20419	0.20419	0.20419	0.20419	0.20419	0.20419	0.20419	0.20419	0.20419	0.20419	0.20419	0.20419	0.20419	0.20419	0.20419	0.20419	0.20419	0.20419	0.20419	0.20419	0.20419	
0.20419	0.20419	0.20419	0.20419	0.20419	0.20419	0.20419	0.20419	0.20419	0.20419	0.20419	0.20419	0.20419	0.20419	0.20419	0.20419	0.20419	0.20419	0.20419	0.20419	0.20419	0.20419	0.20419	0.20419	
0.20419	0.20419	0.20419	0.20419	0.20419	0.20419	0.20419	0.20419	0.20419	0.20419	0.20419	0.20419	0.20419	0.20419	0.20419	0.20419	0.20419	0.20419	0.20419	0.20419	0.20419	0.20419	0.20419	0.20419	
0.20419	0.20419	0.20419	0.20419	0.20419	0.20419	0.20419	0.20419	0.20419	0.20419	0.20419	0.20419	0.20419	0.20419	0.20419	0.20419	0.20419	0.20419	0.20419	0.20419	0.20419	0.20419	0.20419	0.20419	
0.20419	0.20419	0.20419	0.20419	0.20419	0.20419	0.20419	0.20419	0.20419	0.20419	0.20419	0.20419	0.20419	0.20419	0.20419	0.20419	0.20419	0.20419	0.20419	0.20419	0.20419	0.20419	0.20419	0.20419	
0.20419	0.20419	0.20419	0.20419	0.20419	0.20419	0.20419	0.20419	0.20419	0.20419	0.20419	0.20419	0.20419	0.20419	0.20419	0.20419	0.20419	0.20419	0.20419	0.20419	0.20419	0.20419	0.20419	0.20419	
0.20419	0.20419	0.20419	0.20419	0.20419	0.20419	0.20419	0.20419	0.20419	0.20419	0.20419	0.20419	0.20419	0.20419	0.20419	0.20419	0.20419	0.20419	0.20419	0.20419	0.20419	0.20419	0.20419	0.20419	
0.20419	0.20419	0.20419	0.20419	0.20419	0.20419	0.20419	0.20419	0.20419	0.20419	0.20419	0.20419	0.20419	0.20419	0.20419	0.20419	0.20419	0.20419	0.20419	0.20419	0.20419	0.20419	0.20419	0.20419	
0.30367	0.30367	0.30367	0.30367	0.30367	0.30367	0.30367	0.30367	0.30367	0.30367	0.30367	0.30367	0.30367	0.30367	0.30367	0.30367	0.30367	0.30367	0.30367	0.30367	0.30367	0.30367	0.30367	0.30367	
0.30367	0.30367	0.30367	0.30367	0.30367	0.30367	0.30367	0.30367	0.30367	0.30367	0.30367	0.30367	0.30367	0.30367	0.30367	0.30367	0.30367	0.30367	0.30367	0.30367	0.30367	0.30367	0.30367	0.30367	
0.30367	0.30367	0.30367	0.30367	0.30367	0.30367	0.30367	0.30367	0.30367	0.30367	0.30367	0.30367	0.30367	0.30367	0.30367	0.30367	0.30367	0.30367	0.30367	0.30367	0.30367	0.30367	0.30367	0.30367	
0.30367	0.30367	0.30367	0.30367	0.30367	0.30367	0.30367	0.30367	0.30367	0.30367	0.30367	0.30367	0.30367	0.30367	0.30367	0.30367	0.30367	0.30367	0.30367	0.30367	0.30367	0.30367	0.30367	0.30367	
0.30367	0.30367	0.30367	0.30367	0.30367	0.30367	0.30367	0.30367	0.30367	0.30367	0.30367	0.30367	0.30367	0.30367	0.30367	0.30367	0.30367	0.30367	0.30367	0.30367	0.30367	0.30367	0.30367	0.30367	
0.30367	0.30367	0.30367	0.30367	0.30367	0.30367	0.30367	0.30367	0.30367	0.30367	0.30367	0.30367	0.30367	0.30367	0.30367	0.30367	0.30367	0.30367	0.30367	0.30367	0.30367	0.30367	0.30367	0.30367	
0.30367	0.30367	0.30367	0.30367	0.30367	0.30367	0.30367	0.30367	0.30367	0.30367	0.30367	0.30367	0.30367	0.30367	0.30367	0.30367	0.30367	0.30367	0.30367	0.30367	0.30367	0.30367	0.30367	0.30367	
0.30367	0.30367	0.30367	0.30367	0.30367	0.30367	0.30367	0.30367	0.30367	0.30367	0.30367	0.30367	0.30367	0.30367	0.30367	0.30367	0.30367	0.30367	0.30367	0.30367	0.30367	0.30367	0.30367	0.30367	
0.30367	0.30367	0.30367	0.30367	0.30367	0.30367	0.30367	0.30367	0.30367	0.30367	0.30367	0.30367	0.30367	0.30367	0.30367	0.30367	0.30367	0.30367	0.30367	0.30367	0.30367	0.30367	0.30367	0.30367	
0.30367	0.30367	0.30367	0.30367	0.30367	0.30367	0.30367	0.30367	0.30367	0.30367	0.30367	0.30367	0.30367	0.30367	0.30367	0.30367	0.30367	0.30367	0.30367	0.30367	0.30367	0.30367	0.30367	0.30367	
0.30367	0.30367	0.30367	0.30367	0.30367	0.30367	0.30367	0.30367	0.30367	0.30367	0.30367	0.30367	0.30367	0.30367	0.30367	0.30367	0.30367	0.30367	0.30367	0.30367	0.30367	0.30367	0.30367	0.30367	
0.30367	0.30367	0.30367	0.30367	0.30367	0.30367	0.30367	0.30367	0.30367	0.30367	0.30367	0.30367	0.30367	0.30367	0.30367	0.30367	0.30367	0.30367	0.30367	0.30367	0.30367	0.30367	0.30367	0.30367	
0.30367	0.30367	0.30367	0.30367	0.30367	0.30367	0.30367	0.30367	0.30367	0.30367	0.30367	0.30367	0.30367	0.30367	0.30367	0.30367	0.30367	0.30367	0.30367	0.30367	0.30367	0.30367	0.30367	0.30367	
0.30367	0.30367	0.30367	0.30367	0.30367	0.30367	0.30367	0.30367	0.30367	0.30367	0.30367	0.30367	0.30367	0.30367	0.30367	0.30367	0.30367	0.30367	0.30367	0.30367	0.30367	0.30367	0.30367	0.30367	
0.30367	0.30367	0.30367	0.30367	0.30367	0.30367	0.30367	0.30367	0.30367	0.30367	0.30367	0.30367	0.30367	0.30367	0.30367	0.30367	0.30367	0.30367	0.30367	0.30367	0.30367	0.30367	0.30367	0.30367	
0.30367	0.30367	0.30367	0.30367	0.30367	0.30367	0.30367	0.30367	0.30367	0.30367	0.30367	0.30367	0.30367	0.30367	0.30367	0.30367	0.30367	0.30367	0.30367	0.30367	0.30367	0.30367	0.30367	0.30367	
0.30367	0.30367	0.30367	0.30367	0.30367	0.30367	0.30367	0.30367	0.30367	0.30367	0.30367	0.30367	0.30367	0.30367	0.30367	0.30367	0.30367	0.30367	0.30367	0.30367	0.30367	0.30367	0.30367	0.30367	
0.30367	0.30367	0.30367	0.30367	0.30367	0.30367	0.30367	0.30367	0.30367	0.30367	0.30367	0.30367	0.30367	0.30367	0.30367	0.30367	0.30367	0.30367	0.30367	0.30367	0.30367	0.30367	0.30367	0.30367	
0.30367	0.30367	0.30367	0.30367	0.30367	0.30367	0.30367	0.30367	0.30367	0.30367	0.30367	0.30367	0.30367	0.30367	0.30367	0.30367	0.30367	0.30367	0.30367	0.30367	0.30367	0.30367	0.30367	0.30367	
0.30367	0.30367	0.30367	0.30367	0.30367	0.30367	0.30367	0.30367	0.30367	0.30367	0.30367	0.30367	0.30367	0.30367	0.30367	0.30367	0.30367	0.30367	0.30367	0.30367	0.30367	0.30367	0.30367	0.30367	
0.30367	0.30367	0.30367	0.30367	0.30367	0.30367	0.30367	0.30367	0.30367	0.30367	0.30367	0.30367	0.30367	0.30367	0.30367	0.30367	0.30367	0.30367	0.30367	0.30367	0.30367	0.30367	0.30367	0.30367	
0.40314	0.40314	0.40314	0.40314	0.40314	0.40314	0.40314	0.40314	0.40314	0.40314	0.40314	0.40314	0.40314	0.40314	0.40314	0.40314	0.40314	0.40314	0.40314	0.40314	0.40314	0.40314	0.40314	0.40314	
0.40314	0.40314	0.40314	0.40314	0.40314	0.40314	0.40314	0.40314	0.40314	0.40314	0.40314	0.40314	0.40314	0.40314	0.40314	0.40314	0.40314	0.40314	0.40314	0.40314	0.40314	0.40314	0.40314	0.40314	
0.40314	0.40314	0.40314	0.40314	0.40314	0.40314	0.40314	0.40314	0.40314	0.40314	0.40314	0.40314	0.40314	0.40314	0.40314	0.40314	0.40314	0.40314	0.40314	0.40314	0.40314	0.40314	0.40314	0.40314	
0.40314	0.40314	0.40314	0.40314	0.40314	0.40314	0.40314	0.40314	0.40314	0.40314	0.40314	0.40314	0.40314	0.40314	0.40314	0.40314	0.40314	0.40314	0.40314	0.40314	0.40314	0.40314	0.40314	0.40314	
0.40314	0.40314	0.40314	0.40314	0.40314	0.40314	0.40314	0.40314	0.40314	0.40314	0.40314	0.40314	0.40314	0.40314	0.40314	0.40314	0.40314	0.40314	0.40314	0.40314	0.40314	0.40314	0.40314	0.40314	
0.40314	0.40314	0.40314	0.40314	0.40314	0.40314	0.40314	0.40314	0.40314	0.40314	0.40314	0.40314	0.40314	0.40314	0.40314	0.40314	0.40314	0.40314	0.40314	0.40314	0.40314	0.40314	0.40314	0.40314	
0.40314	0.40314	0.40314	0.40314	0.40314	0.40314	0.40314	0.40314	0.40314	0.40314	0.40314	0.40314	0.40314	0.40314	0.40314	0.40314	0.40314	0.40314	0.40314	0.40314	0.40314	0.40314	0.40314	0.40314	
0.40314	0.40314	0.40314	0.40314	0.40314	0.40314	0.40314	0.40314	0.40314	0.40314	0.40314	0.40314	0.40314	0.40314	0.40314	0.40314	0.40314	0.40314	0.40314	0.40314	0.40314	0.40314	0.40314	0.40314	
0.40314	0.40314	0.40314	0.40314	0.40314	0.40314	0.40314	0.40314	0.40314	0.40314	0.40314	0.40314	0.40314	0.40314	0.40314	0.40314	0.40314	0.40314	0.40314	0.40314	0.40314	0.40314	0.40314	0.40314	
0.40314	0.40314	0.40314	0.40314	0.40314	0.40314	0.40314	0.40314	0.40314	0.40314	0.40314	0.40314	0.40314	0.40314	0.40314	0.40314	0.40314	0.40314	0.40314	0.40314	0.40314	0.40314	0.40314	0.40314	
0.40314	0.40314	0.40314	0.40314	0.40314	0.40314	0.40314	0.40314	0.40314	0.40314	0.40314	0.40314	0.40314	0.40314	0.40314	0.40314	0.40314	0.40314	0.40314	0.40314	0.40314	0.40314	0.40314	0.40314	
0.40314	0.40314	0.40314	0.40314	0.40314	0.40314	0.40314	0.40314	0.40314	0.40314	0.40314	0.40314	0.40314	0.40314	0.40314	0.40314	0.40314	0.40314	0.40314	0.40314	0.40314	0.40314	0.40314	0.40314	
0.40314	0.40314	0.40314	0.40314	0.40314	0.40314	0.40314	0.40314	0.40314	0.40314	0.40314	0.40314	0.40314	0.40314	0.40314	0.40314	0.40314	0.40314	0.40314	0.40314	0.40314	0.40314	0.40314	0.40314	
0.40314	0.40314	0.40314	0.40314	0.40314	0.40314	0.40314	0.40314	0.40314	0.40314	0.40314	0.40314	0.40314	0.40314	0.40314	0.40314	0.40314	0.40314	0.40314	0.40314	0.40314	0.40314	0.40314	0.40314	
0.40314	0.40314	0.40314	0.40314	0.40314	0.40314	0.40314	0.40314	0.40314	0.40314	0.40314	0.40314	0.40314	0.40314	0.40314	0.40314	0.40314	0.40314	0.40314	0.40314	0.40314	0.40314	0.40314	0.40314	
0.40314	0.40314	0.40314	0.40314	0.40314	0.40314	0.40314	0.40314	0.40314	0.40314	0.40314	0.40314	0.40314	0.40314	0.40314	0.40314	0.40314	0.40314	0.40314	0.40314	0.40314	0.40314	0.40314	0.40314	
0.40314	0.40314	0.40314	0.40314	0.40314	0.40314	0.40314	0.40314	0.40314	0.40314	0.40314	0.40314	0.40314	0.40314	0.40314	0.40314	0.40314	0.40314	0.40314	0.40314	0.40314	0.40314	0.40314	0.40314	
0.40314	0.40314	0.40314	0.40314	0.40314	0.40314	0.40314	0.40314	0.40314	0.40314	0.40314	0.40314	0.40314	0.40314	0.40314	0.40314	0.40314	0.40314	0.40314	0.40314	0.40314	0.40314	0.40314	0.40314	
0.40314	0.40314	0.40314	0.40314	0.40314	0.40314	0.40314	0.40314	0.40314	0.40314	0.40314	0.40314	0.40314	0.40314	0.40314	0.40314	0.40314	0.40314	0.40314	0.40314	0.40314	0.40314	0.40314	0.40314	
0.40314	0.40314	0.40314	0.40314	0.40314	0.40314	0.40314	0.40314	0.40314	0.40314	0.40314	0.40314	0.40314	0.40314	0.40314	0.40314	0.40314	0.40314	0.40314	0.40314	0.40314	0.40314	0.40314	0.40314	
0.40314	0.40314	0.40314	0.40314	0.40314	0.40314	0.40314	0.40314	0.40314	0.40314	0.40314	0.40314	0.40314	0.40314	0.40314	0.40314	0.40314	0.40314	0.40314	0.40314	0.40314	0.40314	0.40314	0.40314	
0.50262	0.50262	0.50262	0.50262	0.50262	0.50262	0.50262	0.50262	0.50262	0.50262	0.50262	0.50262	0.50262	0.50262	0.50262	0.50262	0.50262	0.50262	0.50262	0.50262	0.50262	0.50262	0.50262	0.50262	
0.50262	0.50262	0.50262	0.50262	0.50262	0.50262	0.50262	0.50262	0.50262	0.50262	0.50262	0.50262	0.50262	0.50262	0.50262	0.50262	0.50262	0.50262	0.50262	0.50262	0.50262	0.50262	0.50262	0.50262	
0.50262	0.50262	0.50262	0.50262	0.50262	0.50262	0.50262	0.50262	0.50262	0.50262	0.50262	0.50262	0.50262	0.50262	0.50262	0.50262	0.50262	0.50262	0.50262	0.50262	0.50262	0.50262	0.50262	0.50262	
0.50262	0.50262	0.50262	0.50262	0.50262	0.50262	0.50262	0.50262	0.50262	0.50262	0.50262	0.50262	0.50262	0.50262	0.50262	0.50262	0.50262	0.50262	0.50262	0.50262	0.50262	0.50262	0.50262	0.50262	
0.50262	0.50262	0.50262	0.50262	0.50262	0.50262	0.50262	0.50262	0.50262	0.50262	0.50262	0.50262	0.50262	0.50262	0.50262	0.50262	0.50262	0.50262	0.50262	0.50262	0.50262	0.50262	0.50262	0.50262	
0.50262	0.50262	0.50262	0.50262	0.50262	0.50262	0.50262	0.50262	0.50262	0.50262	0.50262	0.50262	0.50262	0.50262	0.50262	0.50262	0.50262	0.50262	0.50262	0.50262	0.50262	0.50262	0.50262	0.50262	
0.50262	0.50262	0.50262	0.50262	0.50262	0.50262	0.50262	0.50262	0.50262	0.50262	0.50262	0.50262	0.50262	0.50262	0.50262	0.50262	0.50262	0.50262	0.50262	0.50262	0.50262	0.50262	0.50262	0.50262	
0.50262	0.50262	0.50262	0.50262	0.50262	0.50262	0.50262	0.50262	0.50262	0.50262	0.50262	0.50262	0.50262	0.50262	0.50262	0.50262	0.50262	0.50262	0.50262	0.50262	0.50262	0.50262	0.50262	0.50262	
0.50262	0.50262	0.50262	0.50262	0.50262	0.50262	0.50262	0.50262	0.50262	0.50262	0.50262	0.50262	0.50262	0.50262	0.50262	0.50262	0.50262	0.50262	0.50262	0.50262	0.50262	0.50262	0.50262	0.50262	
0.50262	0.50262	0.50262	0.50262	0.50262	0.50262	0.50262	0.50262	0.50262	0.50262	0.50262	0.50262	0.50262	0.50262	0.50262	0.50262	0.50262	0.50262	0.50262	0.50262	0.50262	0.50262	0.50262	0.50262	
0.50262	0.50262	0.50262	0.50262	0.50262	0.50262	0.50262	0.50262	0.50262	0.50262	0.50262	0.50262	0.50262	0.50262	0.50262	0.50262	0.50262	0.50262	0.50262	0.50262	0.50262	0.50262	0.50262	0.50262	
0.50262	0.50262	0.50262	0.50262	0.50262	0.50262	0.50262	0.50262	0.50262	0.50262	0.50262	0.50262	0.50262	0.50262	0.50262	0.50262	0.50262	0.50262	0.50262	0.50262	0.50262	0.50262	0.50262	0.50262	
0.50262	0.50262	0.50262	0.50262	0.50262	0.50262	0.50262	0.50262	0.50262	0.50262	0.50262	0.50262	0.50262	0.50262	0.50262	0.50262	0.50262	0.50262	0.50262	0.50262	0.50262	0.50262	0.50262	0.50262	
0.50262	0.50262	0.50262	0.50262	0.50262	0.50262	0.50262	0.50262	0.50262	0.50262	0.50262	0.50262	0.50262	0.50262	0.50262	0.50262	0.50262	0.50262	0.50262	0.50262	0.50262	0.50262	0.50262	0.50262	
0.50262	0.50262	0.50262	0.50262	0.50262	0.50262	0.50262	0.50262	0.50262	0.50262	0.50262	0.50262	0.50262	0.50262	0.50262	0.50262	0.50262	0.50262	0.50262	0.50262	0.50262	0.50262	0.50262	0.50262	
0.50262	0.50262	0.50262	0.50262	0.50262	0.50262	0.50262	0.50262	0.50262	0.50262	0.50262	0.50262	0.50262	0.50262	0.50262	0.50262	0.50262	0.50262	0.50262	0.50262	0.50262	0.50262	0.50262	0.50262	
0.50262	0.50262	0.50262	0.50262	0.50262	0.50262	0.50262	0.50262	0.50262	0.50262	0.50262	0.50262	0.50262	0.50262	0.50262	0.50262	0.50262	0.50262	0.50262	0.50262	0.50262	0.50262	0.50262	0.50262	
0.50262	0.50262	0.50262	0.50262	0.50262	0.50262	0.50262	0.50262	0.50262	0.50262	0.50262	0.50262	0.50262	0.50262	0.50262	0.50262	0.50262	0.50262	0.50262	0.50262	0.50262	0.50262	0.50262	0.50262	
0.50262	0.50262	0.50262	0.50262	0.50262	0.50262	0.50262	0.50262	0.50262	0.50262	0.50262	0.50262	0.50262	0.50262	0.50262	0.50262	0.50262	0.50262	0.50262	0.50262	0.50262	0.50262	0.50262	0.50262	
0.50262	0.50262	0.50262	0.50262	0.50262	0.50262	0.50262	0.50262	0.50262	0.50262	0.50262	0.50262	0.50262	0.50262	0.50262	0.50262	0.50262	0.50262	0.50262	0.50262	0.50262	0.50262	0.50262	0.50262	
0.50262	0.50262	0.50262	0.50262	0.50262	0.50262	0.50262	0.50262	0.50262	0.50262	0.50262	0.50262	0.50262	0.50262	0.50262	0.50262	0.50262	0.50262	0.50262	0.50262	0.50262	0.50262	0.50262	0.50262	
0.60209	0.60209	0.60209	0.60209	0.60209	0.60209	0.60209	0.60209	0.60209	0.60209	0.60209	0.60209	0.60209	0.60209	0.60209	0.60209	0.60209	0.60209	0.60209	0.60209	0.60209	0.60209	0.60209	0.60209	
0.60209	0.60209	0.60209	0.60209	0.60209	0.60209	0.60209	0.60209	0.60209	0.60209	0.60209	0.60209	0.60209	0.60209	0.60209	0.60209	0.60209	0.60209	0.60209	0.60209	0.60209	0.60209	0.60209	0.60209	
0.60209	0.60209	0.60209	0.60209	0.60209	0.60209	0.60209	0.60209	0.60209	0.60209	0.60209	0.60209	0.60209	0.60209	0.60209	0.60209	0.60209	0.60209	0.60209	0.60209	0.60209	0.60209	0.60209	0.60209	
0.60209	0.60209	0.60209	0.60209	0.60209	0.60209	0.60209	0.60209	0.60209	0.60209	0.60209	0.60209	0.60209	0.60209	0.60209	0.60209	0.60209	0.60209	0.60209	0.60209	0.60209	0.60209	0.60209	0.60209	
0.60209	0.60209	0.60209	0.60209	0.60209	0.60209	0.60209	0.60209	0.60209	0.60209	0.60209	0.60209	0.60209	0.60209	0.60209	0.60209	0.60209	0.60209	0.60209	0.60209	0.60209	0.60209	0.60209	0.60209	
0.60209	0.60209	0.60209	0.60209	0.60209	0.60209	0.60209	0.60209	0.60209	0.60209	0.60209	0.60209	0.60209	0.60209	0.60209	0.60209	0.60209	0.60209	0.60209	0.60209	0.60209	0.60209	0.60209	0.60209	
0.60209	0.60209	0.60209	0.60209	0.60209	0.60209	0.60209	0.60209	0.60209	0.60209	0.60209	0.60209	0.60209	0.60209	0.60209	0.60209	0.60209	0.60209	0.60209	0.60209	0.60209	0.60209	0.60209	0.60209	
0.60209	0.60209	0.60209	0.60209	0.60209	0.60209	0.60209	0.60209	0.60209	0.60209	0.60209	0.60209	0.60209	0.60209	0.60209	0.60209	0.60209	0.60209	0.60209	0.60209	0.60209	0.60209	0.60209	0.60209	
0.60209	0.60209	0.60209	0.60209	0.60209	0.60209	0.60209	0.60209	0.60209	0.60209	0.60209	0.60209	0.60209	0.60209	0.60209	0.60209	0.60209	0.60209	0.60209	0.60209	0.60209	0.60209	0.60209	0.60209	
0.60209	0.60209	0.60209	0.60209	0.60209	0.60209	0.60209	0.60209	0.60209	0.60209	0.60209	0.60209	0.60209	0.60209	0.60209	0.60209	0.60209	0.60209	0.60209	0.60209	0.60209	0.60209	0.60209	0.60209	
0.60209	0.60209	0.60209	0.60209	0.60209	0.60209	0.60209	0.60209	0.60209	0.60209	0.60209	0.60209	0.60209	0.60209	0.60209	0.60209	0.60209	0.60209	0.60209	0.60209	0.60209	0.60209	0.60209	0.60209	
0.60209	0.60209	0.60209	0.60209	0.60209	0.60209	0.60209	0.60209	0.60209	0.60209	0.60209	0.60209	0.60209	0.60209	0.60209	0.60209	0.60209	0.60209	0.60209	0.60209	0.60209	0.60209	0.60209	0.60209	
0.60209	0.60209	0.60209	0.60209	0.60209	0.60209	0.60209	0.60209	0.60209	0.60209	0.60209	0.60209	0.60209	0.60209	0.60209	0.60209	0.60209	0.60209	0.60209	0.60209	0.60209	0.60209	0.60209	0.60209	
0.60209	0.60209	0.60209	0.60209	0.60209	0.60209	0.60209	0.60209	0.60209	0.60209	0.60209	0.60209	0.60209	0.60209	0.60209	0.60209	0.60209	0.60209	0.60209	0.60209	0.60209	0.60209	0.60209	0.60209	
0.60209	0.60209	0.60209	0.60209	0.60209	0.60209	0.60209	0.60209	0.60209	0.60209	0.60209	0.60209	0.60209	0.60209	0.60209	0.60209	0.60209	0.60209	0.60209	0.60209	0.60209	0.60209	0.60209	0.60209	
0.60209	0.60209	0.60209	0.60209	0.60209	0.60209	0.60209	0.60209	0.60209	0.60209	0.60209	0.60209	0.60209	0.60209	0.60209	0.60209	0.60209	0.60209	0.60209	0.60209	0.60209	0.60209	0.60209	0.60209	
0.60209	0.60209	0.60209	0.60209	0.60209	0.60209	0.60209	0.60209	0.60209	0.60209	0.60209	0.60209	0.60209	0.60209	0.60209	0.60209	0.60209	0.60209	0.60209	0.60209	0.60209	0.60209	0.60209	0.60209	
0.60209	0.60209	0.60209	0.60209	0.60209	0.60209	0.60209	0.60209	0.60209	0.60209	0.60209	0.60209	0.60209	0.60209	0.60209	0.60209	0.60209	0.60209	0.60209	0.60209	0.60209	0.60209	0.60209	0.60209	
0.60209	0.60209	0.60209	0.60209	0.60209	0.60209	0.60209	0.60209	0.60209	0.60209	0.60209	0.60209	0.60209	0.60209	0.60209	0.60209	0.60209	0.60209	0.60209	0.60209	0.60209	0.60209	0.60209	0.60209	
0.60209	0.60209	0.60209	0.60209	0.60209	0.60209	0.60209	0.60209	0.60209	0.60209	0.60209	0.60209	0.60209	0.60209	0.60209	0.60209	0.60209	0.60209	0.60209	0.60209	0.60209	0.60209	0.60209	0.60209	
0.60209	0.60209	0.60209	0.60209	0.60209	0.60209	0.60209	0.60209	0.60209	0.60209	0.60209	0.60209	0.60209	0.60209	0.60209	0.60209	0.60209	0.60209	0.60209	0.60209	0.60209	0.60209	0.60209	0.60209	
0.70157	0.70157	0.70157	0.70157	0.70157	0.70157	0.70157	0.70157	0.70157	0.70157	0.70157	0.70157	0.70157	0.70157	0.70157	0.70157	0.70157	0.70157	0.70157	0.70157	0.70157	0.70157	0.70157	0.70157	
0.70157	0.70157	0.70157	0.70157	0.70157	0.70157	0.70157	0.70157	0.70157	0.70157	0.70157	0.70157	0.70157	0.70157	0.70157	0.70157	0.70157	0.70157	0.70157	0.70157	0.70157	0.70157	0.70157	0.70157	
0.70157	0.70157	0.70157	0.70157	0.70157	0.70157	0.70157	0.70157	0.70157	0.70157	0.70157	0.70157	0.70157	0.70157	0.70157	0.70157	0.70157	0.70157	0.70157	0.70157	0.70157	0.70157	0.70157	0.70157	
0.70157	0.70157	0.70157	0.70157	0.70157	0.70157	0.70157	0.70157	0.70157	0.70157	0.70157	0.70157	0.70157	0.70157	0.70157	0.70157	0.70157	0.70157	0.70157	0.70157	0.70157	0.70157	0.70157	0.70157	
0.70157	0.70157	0.70157	0.70157	0.70157	0.70157	0.70157	0.70157	0.70157	0.70157	0.70157	0.70157	0.70157	0.70157	0.70157	0.70157	0.70157	0.70157	0.70157	0.70157	0.70157	0.70157	0.70157	0.70157	
0.70157	0.70157	0.70157	0.70157	0.70157	0.70157	0.70157	0.70157	0.70157	0.70157	0.70157	0.70157	0.70157	0.70157	0.70157	0.70157	0.70157	0.70157	0.70157	0.70157	0.70157	0.70157	0.70157	0.70157	
0.70157	0.70157	0.70157	0.70157	0.70157	0.70157	0.70157	0.70157	0.70157	0.70157	0.70157	0.70157	0.70157	0.70157	0.70157	0.70157	0.70157	0.70157	0.70157	0.70157	0.70157	0.70157	0.70157	0.70157	
0.70157	0.70157	0.70157	0.70157	0.70157	0.70157	0.70157	0.70157	0.70157	0.70157	0.70157	0.70157	0.70157	0.70157	0.70157	0.70157	0.70157	0.70157	0.70157	0.70157	0.70157	0.70157	0.70157	0.70157	
0.70157	0.70157	0.70157	0.70157	0.70157	0.70157	0.70157	0.70157	0.70157	0.70157	0.70157	0.70157	0.70157	0.70157	0.70157	0.70157	0.70157	0.70157	0.70157	0.70157	0.70157	0.70157	0.70157	0.70157	
0.70157	0.70157	0.70157	0.70157	0.70157	0.70157	0.70157	0.70157	0.70157	0.70157	0.70157	0.70157	0.70157	0.70157	0.70157	0.70157	0.70157	0.70157	0.70157	0.70157	0.70157	0.70157	0.70157	0.70157	
0.70157	0.70157	0.70157	0.70157	0.70157	0.70157	0.70157	0.70157	0.70157	0.70157	0.70157	0.70157	0.70157	0.70157	0.70157	0.70157	0.70157	0.70157	0.70157	0.70157	0.70157	0.70157	0.70157	0.70157	
0.70157	0.70157	0.70157	0.70157	0.70157	0.70157	0.70157	0.70157	0.70157	0.70157	0.70157	0.70157	0.70157	0.70157	0.70157	0.70157	0.70157	0.70157	0.70157	0.70157	0.70157	0.70157	0.70157	0.70157	
0.70157	0.70157	0.70157	0.70157	0.70157	0.70157	0.70157	0.70157	0.70157	0.70157	0.70157	0.70157	0.70157	0.70157	0.70157	0.70157	0.70157	0.70157	0.70157	0.70157	0.70157	0.70157	0.70157	0.70157	
0.70157	0.70157	0.70157	0.70157	0.70157	0.70157	0.70157	0.70157	0.70157	0.70157	0.70157	0.70157	0.70157	0.70157	0.70157	0.70157	0.70157	0.70157	0.70157	0.70157	0.70157	0.70157	0.70157	0.70157	
0.70157	0.70157	0.70157	0.70157	0.70157	0.70157	0.70157	0.70157	0.70157	0.70157	0.70157	0.70157	0.70157	0.70157	0.70157	0.70157	0.70157	0.70157	0.70157	0.70157	0.70157	0.70157	0.70157	0.70157	
0.70157	0.70157	0.70157	0.70157	0.70157	0.70157	0.70157	0.70157	0.70157	0.70157	0.70157	0.70157	0.70157	0.70157	0.70157	0.70157	0.70157	0.70157	0.70157	0.70157	0.70157	0.70157	0.70157	0.70157	
0.70157	0.70157	0.70157	0.70157	0.70157	0.70157	0.70157	0.70157	0.70157	0.70157	0.70157	0.70157	0.70157	0.70157	0.70157	0.70157	0.70157	0.70157	0.70157	0.70157	0.70157	0.70157	0.70157	0.70157	
0.70157	0.70157	0.70157	0.70157	0.70157	0.70157	0.70157	0.70157	0.70157	0.70157	0.70157	0.70157	0.70157	0.70157	0.70157	0.70157	0.70157	0.70157	0.70157	0.70157	0.70157	0.70157	0.70157	0.70157	
0.70157	0.70157	0.70157	0.70157	0.70157	0.70157	0.70157	0.70157	0.70157	0.70157	0.70157	0.70157	0.70157	0.70157	0.70157	0.70157	0.70157	0.70157	0.70157	0.70157	0.70157	0.70157	0.70157	0.70157	
0.70157	0.70157	0.70157	0.70157	0.70157	0.70157	0.70157	0.70157	0.70157	0.70157	0.70157	0.70157	0.70157	0.70157	0.70157	0.70157	0.70157	0.70157	0.70157	0.70157	0.70157	0.70157	0.70157	0.70157	
0.70157	0.70157	0.70157	0.70157	0.70157	0.70157	0.70157	0.70157	0.70157	0.70157	0.70157	0.70157	0.70157	0.70157	0.70157	0.70157	0.70157	0.70157	0.70157	0.70157	0.70157	0.70157	0.70157	0.70157	
0.80105	0.80105	0.80105	0.80105	0.80105	0.80105	0.80105	0.80105	0.80105	0.80105	0.80105	0.80105	0.80105	0.80105	0.80105	0.80105	0.80105	0.80105	0.80105	0.80105	0.80105	0.80105	0.80105	0.80105	
0.80105	0.80105	0.80105	0.80105	0.80105	0.80105	0.80105	0.80105	0.80105	0.80105	0.80105	0.80105	0.80105	0.80105	0.80105	0.80105	0.80105	0.80105	0.80105	0.80105	0.80105	0.80105	0.80105	0.80105	
0.80105	0.80105	0.80105	0.80105	0.80105	0.80105	0.80105	0.80105	0.80105	0.80105	0.80105	0.80105	0.80105	0.80105	0.80105	0.80105	0.80105	0.80105	0.80105	0.80105	0.80105	0.80105	0.80105	0.80105	
0.80105	0.80105	0.80105	0.80105	0.80105	0.80105	0.80105	0.80105	0.80105	0.80105	0.80105	0.80105	0.80105	0.80105	0.80105	0.80105	0.80105	0.80105	0.80105	0.80105	0.80105	0.80105	0.80105	0.80105	
0.80105	0.80105	0.80105	0.80105	0.80105	0.80105	0.80105	0.80105	0.80105	0.80105	0.80105	0.80105	0.80105	0.80105	0.80105	0.80105	0.80105	0.80105	0.80105	0.80105	0.80105	0.80105	0.80105	0.80105	
0.80105	0.80105	0.80105	0.80105	0.80105	0.80105	0.80105	0.80105	0.80105	0.80105	0.80105	0.80105	0.80105	0.80105	0.80105	0.80105	0.80105	0.80105	0.80105	0.80105	0.80105	0.80105	0.80105	0.80105	
0.80105	0.80105	0.80105	0.80105	0.80105	0.80105	0.80105	0.80105	0.80105	0.80105	0.80105	0.80105	0.80105	0.80105	0.80105	0.80105	0.80105	0.80105	0.80105	0.80105	0.80105	0.80105	0.80105	0.80105	
0.80105	0.80105	0.80105	0.80105	0.80105	0.80105	0.80105	0.80105	0.80105	0.80105	0.80105	0.80105	0.80105	0.80105	0.80105	0.80105	0.80105	0.80105	0.80105	0.80105	0.80105	0.80105	0.80105	0.80105	
0.80105	0.80105	0.80105	0.80105	0.80105	0.80105	0.80105	0.80105	0.80105	0.80105	0.80105	0.80105	0.80105	0.80105	0.80105	0.80105	0.80105	0.80105	0.80105	0.80105	0.80105	0.80105	0.80105	0.80105	
0.80105	0.80105	0.80105	0.80105	0.80105	0.80105	0.80105	0.80105	0.80105	0.80105	0.80105	0.80105	0.80105	0.80105	0.80105	0.80105	0.80105	0.80105	0.80105	0.80105	0.80105	0.80105	0.80105	0.80105	
0.80105	0.80105	0.80105	0.80105	0.80105	0.80105	0.80105	0.80105	0.80105	0.80105	0.80105	0.80105	0.80105	0.80105	0.80105	0.80105	0.80105	0.80105	0.80105	0.80105	0.80105	0.80105	0.80105	0.80105	
0.80105	0.80105	0.80105	0.80105	0.80105	0.80105	0.80105	0.80105	0.80105	0.80105	0.80105	0.80105	0.80105	0.80105	0.80105	0.80105	0.80105	0.80105	0.80105	0.80105	0.80105	0.80105	0.80105	0.80105	
0.80105	0.80105	0.80105	0.80105	0.80105	0.80105	0.80105	0.80105	0.80105	0.80105	0.80105	0.80105	0.80105	0.80105	0.80105	0.80105	0.80105	0.80105	0.80105	0.80105	0.80105	0.80105	0.80105	0.80105	
0.80105	0.80105	0.80105	0.80105	0.80105	0.80105	0.80105	0.80105	0.80105	0.80105	0.80105	0.80105	0.80105	0.80105	0.80105	0.80105	0.80105	0.80105	0.80105	0.80105	0.80105	0.80105	0.80105	0.80105	
0.80105	0.80105	0.80105	0.80105	0.80105	0.80105	0.80105	0.80105	0.80105	0.80105	0.80105	0.80105	0.80105	0.80105	0.80105	0.80105	0.80105	0.80105	0.80105	0.80105	0.80105	0.80105	0.80105	0.80105	
0.80105	0.80105	0.80105	0.80105	0.80105	0.80105	0.80105	0.80105	0.80105	0.80105	0.80105	0.80105	0.80105	0.80105	0.80105	0.80105	0.80105	0.80105	0.80105	0.80105	0.80105	0.80105	0.80105	0.80105	
0.80105	0.80105	0.80105	0.80105	0.80105	0.80105	0.80105	0.80105	0.80105	0.80105	0.80105	0.80105	0.80105	0.80105	0.80105	0.80105	0.80105	0.80105	0.80105	0.80105	0.80105	0.80105	0.80105	0.80105	
0.80105	0.80105	0.80105	0.80105	0.80105	0.80105	0.80105	0.80105	0.80105	0.80105	0.80105	0.80105	0.80105	0.80105	0.80105	0.80105	0.80105	0.80105	0.80105	0.80105	0.80105	0.80105	0.80105	0.80105	
0.80105	0.80105	0.80105	0.80105	0.80105	0.80105	0.80105	0.80105	0.80105	0.80105	0.80105	0.80105	0.80105	0.80105	0.80105	0.80105	0.80105	0.80105	0.80105	0.80105	0.80105	0.80105	0.80105	0.80105	
0.80105	0.80105	0.80105	0.80105	0.80105	0.80105	0.80105	0.80105	0.80105	0.80105	0.80105	0.80105	0.80105	0.80105	0.80105	0.80105	0.80105	0.80105	0.80105	0.80105	0.80105	0.80105	0.80105	0.80105	
0.80105	0.80105	0.80105	0.80105	0.80105	0.80105	0.80105	0.80105	0.80105	0.80105	0.80105	0.80105	0.80105	0.80105	0.80105	0.80105	0.80105	0.80105	0.80105	0.80105	0.80105	0.80105	0.80105	0.80105	
0.90052	0.90052	0.90052	0.90052	0.90052	0.90052	0.90052	0.90052	0.90052	0.90052	0.90052	0.90052	0.90052	0.90052	0.90052	0.90052	0.90052	0.90052	0.90052	0.90052	0.90052	0.90052	0.90052	0.90052	
0.90052	0.90052	0.90052	0.90052	0.90052	0.90052	0.90052	0.90052	0.90052	0.90052	0.90052	0.90052	0.90052	0.90052	0.90052	0.90052	0.90052	0.90052	0.90052	0.90052	0.90052	0.90052	0.90052	0.90052	
0.90052	0.90052	0.90052	0.90052	0.90052	0.90052	0.90052	0.90052	0.90052	0.90052	0.90052	0.90052	0.90052	0.90052	0.90052	0.90052	0.90052	0.90052	0.90052	0.90052	0.90052	0.90052	0.90052	0.90052	
0.90052	0.90052	0.90052	0.90052	0.90052	0.90052	0.90052	0.90052	0.90052	0.90052	0.90052	0.90052	0.90052	0.90052	0.90052	0.90052	0.90052	0.90052	0.90052	0.90052	0.90052	0.90052	0.90052	0.90052	
0.90052	0.90052	0.90052	0.90052	0.90052	0.90052	0.90052	0.90052	0.90052	0.90052	0.90052	0.90052	0.90052	0.90052	0.90052	0.90052	0.90052	0.90052	0.90052	0.90052	0.90052	0.90052	0.90052	0.90052	
0.90052	0.90052	0.90052	0.90052	0.90052	0.90052	0.90052	0.90052	0.90052	0.90052	0.90052	0.90052	0.90052	0.90052	0.90052	0.90052	0.90052	0.90052	0.90052	0.90052	0.90052	0.90052	0.90052	0.90052	
0.90052	0.90052	0.90052	0.90052	0.90052	0.90052	0.90052	0.90052	0.90052	0.90052	0.90052	0.90052	0.90052	0.90052	0.90052	0.90052	0.90052	0.90052	0.90052	0.90052	0.90052	0.90052	0.90052	0.90052	
0.90052	0.90052	0.90052	0.90052	0.90052	0.90052	0.90052	0.90052	0.90052	0.90052	0.90052	0.90052	0.90052	0.90052	0.90052	0.90052	0.90052	0.90052	0.90052	0.90052	0.90052	0.90052	0.90052	0.90052	
0.90052	0.90052	0.90052	0.90052	0.90052	0.90052	0.90052	0.90052	0.90052	0.90052	0.90052	0.90052	0.90052	0.90052	0.90052	0.90052	0.90052	0.90052	0.90052	0.90052	0.90052	0.90052	0.90052	0.90052	
0.90052	0.90052	0.90052	0.90052	0.90052	0.90052	0.90052	0.90052	0.90052	0.90052	0.90052	0.90052	0.90052	0.90052	0.90052	0.90052	0.90052	0.90052	0.90052	0.90052	0.90052	0.90052	0.90052	0.90052	
0.90052	0.90052	0.90052	0.90052	0.90052	0.90052	0.90052	0.90052	0.90052	0.90052	0.90052	0.90052	0.90052	0.90052	0.90052	0.90052	0.90052	0.90052	0.90052	0.90052	0.90052	0.90052	0.90052	0.90052	
0.90052	0.90052	0.90052	0.90052	0.90052	0.90052	0.90052	0.90052	0.90052	0.90052	0.90052	0.90052	0.90052	0.90052	0.90052	0.90052	0.90052	0.90052	0.90052	0.90052	0.90052	0.90052	0.90052	0.90052	
0.90052	0.90052	0.90052	0.90052	0.90052	0.90052	0.90052	0.90052	0.90052	0.90052	0.90052	0.90052	0.90052	0.90052	0.90052	0.90052	0.90052	0.90052	0.90052	0.90052	0.90052	0.90052	0.90052	0.90052	
0.90052	0.90052	0.90052	0.90052	0.90052	0.90052	0.90052	0.90052	0.90052	0.90052	0.90052	0.90052	0.90052	0.90052	0.90052	0.90052	0.90052	0.90052	0.90052	0.90052	0.90052	0.90052	0.90052	0.90052	
0.90052	0.90052	0.90052	0.90052	0.90052	0.90052	0.90052	0.90052	0.90052	0.90052	0.90052	0.90052	0.90052	0.90052	0.90052	0.90052	0.90052	0.90052	0.90052	0.90052	0.90052	0.90052	0.90052	0.90052	
0.90052	0.90052	0.90052	0.90052	0.90052	0.90052	0.90052	0.90052	0.90052	0.90052	0.90052	0.90052	0.90052	0.90052	0.90052	0.90052	0.90052	0.90052	0.90052	0.90052	0.90052	0.90052	0.90052	0.90052	
0.90052	0.90052	0.90052	0.90052	0.90052	0.90052	0.90052	0.90052	0.90052	0.90052	0.90052	0.90052	0.90052	0.90052	0.90052	0.90052	0.90052	0.90052	0.90052	0.90052	0.90052	0.90052	0.90052	0.90052	
0.90052	0.90052	0.90052	0.90052	0.90052	0.90052	0.90052	0.90052	0.90052	0.90052	0.90052	0.90052	0.90052	0.90052	0.90052	0.90052	0.90052	0.90052	0.90052	0.90052	0.90052	0.90052	0.90052	0.90052	
0.90052	0.90052	0.90052	0.90052	0.90052	0.90052	0.90052	0.90052	0.90052	0.90052	0.90052	0.90052	0.90052	0.90052	0.90052	0.90052	0.90052	0.90052	0.90052	0.90052	0.90052	0.90052	0.90052	0.90052	
0.90052	0.90052	0.90052	0.90052	0.90052	0.90052	0.90052	0.90052	0.90052	0.90052	0.90052	0.90052	0.90052	0.90052	0.90052	0.90052	0.90052	0.90052	0.90052	0.90052	0.90052	0.90052	0.90052	0.90052	
0.90052	0.90052	0.90052	0.90052	0.90052	0.90052	0.90052	0.90052	0.90052	0.90052	0.90052	0.90052	0.90052	0.90052	0.90052	0.90052	0.90052	0.90052	0.90052	0.90052	0.90052	0.90052	0.90052	0.90052	
1.00000	1.00000	1.00000	1.00000	1.00000	1.00000	1.00000	1.00000	1.00000	1.00000	1.00000	1.00000	1.00000	1.00000	1.00000	1.00000	1.00000	1.00000	1.00000	1.00000	1.00000	1.00000	1.00000	1.00000	
1.00000	1.00000	1.00000	1.00000	1.00000	1.00000	1.00000	1.00000	1.00000	1.00000	1.00000	1.00000	1.00000	1.00000	1.00000	1.00000	1.00000	1.00000	1.00000	1.00000	1.00000	1.00000	1.00000	1.00000	
1.00000	1.00000	1.00000	1.00000	1.00000	1.00000	1.00000	1.00000	1.00000	1.00000	1.00000	1.00000	1.00000	1.00000	1.00000	1.00000	1.00000	1.00000	1.00000	1.00000	1.00000	1.00000	1.00000	1.00000	
1.00000	1.00000	1.00000	1.00000	1.00000	1.00000	1.00000	1.00000	1.00000	1.00000	1.00000	1.00000	1.00000	1.00000	1.00000	1.00000	1.00000	1.00000	1.00000	1.00000	1.00000	1.00000	1.00000	1.00000	
1.00000	1.00000	1.00000	1.00000	1.00000	1.00000	1.00000	1.00000	1.00000	1.00000	1.00000	1.00000	1.00000	1.00000	1.00000	1.00000	1.00000	1.00000	1.00000	1.00000	1.00000	1.00000	1.00000	1.00000	
1.00000	1.00000	1.00000	1.00000	1.00000	1.00000	1.00000	1.00000	1.00000	1.00000	1.00000	1.00000	1.00000	1.00000	1.00000	1.00000	1.00000	1.00000	1.00000	1.00000	1.00000	1.00000	1.00000	1.00000	
1.00000	1.00000	1.00000	1.00000	1.00000	1.00000	1.00000	1.00000	1.00000	1.00000	1.00000	1.00000	1.00000	1.00000	1.00000	1.00000	1.00000	1.00000	1.00000	1.00000	1.00000	1.00000	1.00000	1.00000	
1.00000	1.00000	1.00000	1.00000	1.00000	1.00000	1.00000	1.00000	1.00000	1.00000	1.00000	1.00000	1.00000	1.00000	1.00000	1.00000	1.00000	1.00000	1.00000	1.00000	1.00000	1.00000	1.00000	1.00000	
1.00000	1.00000	1.00000	1.00000	1.00000	1.00000	1.00000	1.00000	1.00000	1.00000	1.00000	1.00000	1.00000	1.00000	1.00000	1.00000	1.00000	1.00000	1.00000	1.00000	1.00000	1.00000	1.00000	1.00000	
1.00000	1.00000	1.00000	1.00000	1.00000	1.00000	1.00000	1.00000	1.00000	1.00000	1.00000	1.00000	1.00000	1.00000	1.00000	1.00000	1.00000	1.00000	1.00000	1.00000	1.00000	1.00000	1.00000	1.00000	
1.00000	1.00000	1.00000	1.00000	1.00000	1.00000	1.00000	1.00000	1.00000	1.00000	1.00000	1.00000	1.00000	1.00000	1.00000	1.00000	1.00000	1.00000	1.00000	1.00000	1.00000	1.00000	1.00000	1.00000	
1.00000	1.00000	1.00000	1.00000	1.00000	1.00000	1.00000	1.00000	1.00000	1.00000	1.00000	1.00000	1.00000	1.00000	1.00000	1.00000	1.00000	1.00000	1.00000	1.00000	1.00000	1.00000	1.00000	1.00000	
1.00000	1.00000	1.00000	1.00000	1.00000	1.00000	1.00000	1.00000	1.00000	1.00000	1.00000	1.00000	1.00000	1.00000	1.00000	1.00000	1.00000	1.00000	1.00000	1.00000	1.00000	1.00000	1.00000	1.00000	
1.00000	1.00000	1.00000	1.00000	1.00000	1.00000	1.00000	1.00000	1.00000	1.00000	1.00000	1.00000	1.00000	1.00000	1.00000	1.00000	1.00000	1.00000	1.00000	1.00000	1.00000	1.00000	1.00000	1.00000	
1.00000	1.00000	1.00000	1.00000	1.00000	1.00000	1.00000	1.00000	1.00000	1.00000	1.00000	1.00000	1.00000	1.00000	1.00000	1.00000	1.00000	1.00000	1.00000	1.00000	1.00000	1.00000	1.00000	1.00000	
1.00000	1.00000	1.00000	1.00000	1.00000	1.00000	1.00000	1.00000	1.00000	1.00000	1.00000	1.00000	1.00000	1.00000	1.00000	1.00000	1.00000	1.00000	1.00000	1.00000	1.00000	1.00000	1.00000	1.00000	
1.00000	1.00000	1.00000	1.00000	1.00000	1.00000	1.00000	1.00000	1.00000	1.00000	1.00000	1.00000	1.00000	1.00000	1.00000	1.00000	1.00000	1.00000	1.00000	1.00000	1.00000	1.00000	1.00000	1.00000	
1.00000	1.00000	1.00000	1.00000	1.00000	1.00000	1.00000	1.00000	1.00000	1.00000	1.00000	1.00000	1.00000	1.00000	1.00000	1.00000	1.00000	1.00000	1.00000	1.00000	1.00000	1.00000	1.00000	1.00000	
1.00000	1.00000	1.00000	1.00000	1.00000	1.00000	1.00000	1.00000	1.00000	1.00000	1.00000	1.00000	1.00000	1.00000	1.00000	1.00000	1.00000	1.00000	1.00000	1.00000	1.00000	1.00000	1.00000	1.00000	
1.00000	1.00000	1.00000	1.00000	1.00000	1.00000	1.00000	1.00000	1.00000	1.00000	1.00000	1.00000	1.00000	1.00000	1.00000	1.00000	1.00000	1.00000	1.00000	1.00000	1.00000	1.00000	1.00000	1.00000	
1.00000	1.00000	1.00000	1.00000	1.00000	1.00000	1.00000	1.00000	1.00000	1.00000	1.00000	1.00000	1.00000	1.00000	1.00000	1.00000	1.00000	1.00000	1.00000	1.00000	1.00000	1.00000	1.00000	1.00000	
1.09948	1.09948	1.09948	1.09948	1.09948	1.09948	1.09948	1.09948	1.09948	1.09948	1.09948	1.09948	1.09948	1.09948	1.09948	1.09948	1.09948	1.09948	1.09948	1.09948	1.09948	1.09948	1.09948	1.09948	
1.09948	1.09948	1.09948	1.09948	1.09948	1.09948	1.09948	1.09948	1.09948	1.09948	1.09948	1.09948	1.09948	1.09948	1.09948	1.09948	1.09948	1.09948	1.09948	1.09948	1.09948	1.09948	1.09948	1.09948	
1.09948	1.09948	1.09948	1.09948	1.09948	1.09948	1.09948	1.09948	1.09948	1.09948	1.09948	1.09948	1.09948	1.09948	1.09948	1.09948	1.09948	1.09948	1.09948	1.09948	1.09948	1.09948	1.09948	1.09948	
1.09948	1.09948	1.09948	1.09948	1.09948	1.09948	1.09948	1.09948	1.09948	1.09948	1.09948	1.09948	1.09948	1.09948	1.09948	1.09948	1.09948	1.09948	1.09948	1.09948	1.09948	1.09948	1.09948	1.09948	
1.09948	1.09948	1.09948	1.09948	1.09948	1.09948	1.09948	1.09948	1.09948	1.09948	1.09948	1.09948	1.09948	1.09948	1.09948	1.09948	1.09948	1.09948	1.09948	1.09948	1.09948	1.09948	1.09948	1.09948	
1.09948	1.09948	1.09948	1.09948	1.09948	1.09948	1.09948	1.09948	1.09948	1.09948	1.09948	1.09948	1.09948	1.09948	1.09948	1.09948	1.09948	1.09948	1.09948	1.09948	1.09948	1.09948	1.09948	1.09948	
1.09948	1.09948	1.09948	1.09948	1.09948	1.09948	1.09948	1.09948	1.09948	1.09948	1.09948	1.09948	1.09948	1.09948	1.09948	1.09948	1.09948	1.09948	1.09948	1.09948	1.09948	1.09948	1.09948	1.09948	
1.09948	1.09948	1.09948	1.09948	1.09948	1.09948	1.09948	1.09948	1.09948	1.09948	1.09948	1.09948	1.09948	1.09948	1.09948	1.09948	1.09948	1.09948	1.09948	1.09948	1.09948	1.09948	1.09948	1.09948	
1.09948	1.09948	1.09948	1.09948	1.09948	1.09948	1.09948	1.09948	1.09948	1.09948	1.09948	1.09948	1.09948	1.09948	1.09948	1.09948	1.09948	1.09948	1.09948	1.09948	1.09948	1.09948	1.09948	1.09948	
1.09948	1.09948	1.09948	1.09948	1.09948	1.09948	1.09948	1.09948	1.09948	1.09948	1.09948	1.09948	1.09948	1.09948	1.09948	1.09948	1.09948	1.09948	1.09948	1.09948	1.09948	1.09948	1.09948	1.09948	
1.09948	1.09948	1.09948	1.09948	1.09948	1.09948	1.09948	1.09948	1.09948	1.09948	1.09948	1.09948	1.09948	1.09948	1.09948	1.09948	1.09948	1.09948	1.09948	1.09948	1.09948	1.09948	1.09948	1.09948	
1.09948	1.09948	1.09948	1.09948	1.09948	1.09948	1.09948	1.09948	1.09948	1.09948	1.09948	1.09948	1.09948	1.09948	1.09948	1.09948	1.09948	1.09948	1.09948	1.09948	1.09948	1.09948	1.09948	1.09948	
1.09948	1.09948	1.09948	1.09948	1.09948	1.09948	1.09948	1.09948	1.09948	1.09948	1.09948	1.09948	1.09948	1.09948	1.09948	1.09948	1.09948	1.09948	1.09948	1.09948	1.09948	1.09948	1.09948	1.09948	
1.09948	1.09948	1.09948	1.09948	1.09948	1.09948	1.09948	1.09948	1.09948	1.09948	1.09948	1.09948	1.09948	1.09948	1.09948	1.09948	1.09948	1.09948	1.09948	1.09948	1.09948	1.09948	1.09948	1.09948	
1.09948	1.09948	1.09948	1.09948	1.09948	1.09948	1.09948	1.09948	1.09948	1.09948	1.09948	1.09948	1.09948	1.09948	1.09948	1.09948	1.09948	1.09948	1.09948	1.09948	1.09948	1.09948	1.09948	1.09948	
1.09948	1.09948	1.09948	1.09948	1.09948	1.09948	1.09948	1.09948	1.09948	1.09948	1.09948	1.09948	1.09948	1.09948	1.09948	1.09948	1.09948	1.09948	1.09948	1.09948	1.09948	1.09948	1.09948	1.09948	
1.09948	1.09948	1.09948	1.09948	1.09948	1.09948	1.09948	1.09948	1.09948	1.09948	1.09948	1.09948	1.09948	1.09948	1.09948	1.09948	1.09948	1.09948	1.09948	1.09948	1.09948	1.09948	1.09948	1.09948	
1.09948	1.09948	1.09948	1.09948	1.09948	1.09948	1.09948	1.09948	1.09948	1.09948	1.09948	1.09948	1.09948	1.09948	1.09948	1.09948	1.09948	1.09948	1.09948	1.09948	1.09948	1.09948	1.09948	1.09948	
1.09948	1.09948	1.09948	1.09948	1.09948	1.09948	1.09948	1.09948	1.09948	1.09948	1.09948	1.09948	1.09948	1.09948	1.09948	1.09948	1.09948	1.09948	1.09948	1.09948	1.09948	1.09948	1.09948	1.09948	
1.09948	1.09948	1.09948	1.09948	1.09948	1.09948	1.09948	1.09948	1.09948	1.09948	1.09948	1.09948	1.09948	1.09948	1.09948	1.09948	1.09948	1.09948	1.09948	1.09948	1.09948	1.09948	1.09948	1.09948	
1.09948	1.09948	1.09948	1.09948	1.09948	1.09948	1.09948	1.09948	1.09948	1.09948	1.09948	1.09948	1.09948	1.09948	1.09948	1.09948	1.09948	1.09948	1.09948	1.09948	1.09948	1.09948	1.09948	1.09948	
1.19895	1.19895	1.19895	1.19895	1.19895	1.19895	1.19895	1.19895	1.19895	1.19895	1.19895	1.19895	1.19895	1.19895	1.19895	1.19895	1.19895	1.19895	1.19895	1.19895	1.19895	1.19895	1.19895	1.19895	
1.19895	1.19895	1.19895	1.19895	1.19895	1.19895	1.19895	1.19895	1.19895	1.19895	1.19895	1.19895	1.19895	1.19895	1.19895	1.19895	1.19895	1.19895	1.19895	1.19895	1.19895	1.19895	1.19895	1.19895	
1.19895	1.19895	1.19895	1.19895	1.19895	1.19895	1.19895	1.19895	1.19895	1.19895	1.19895	1.19895	1.19895	1.19895	1.19895	1.19895	1.19895	1.19895	1.19895	1.19895	1.19895	1.19895	1.19895	1.19895	
1.19895	1.19895	1.19895	1.19895	1.19895	1.19895	1.19895	1.19895	1.19895	1.19895	1.19895	1.19895	1.19895	1.19895	1.19895	1.19895	1.19895	1.19895	1.19895	1.19895	1.19895	1.19895	1.19895	1.19895	
1.19895	1.19895	1.19895	1.19895	1.19895	1.19895	1.19895	1.19895	1.19895	1.19895	1.19895	1.19895	1.19895	1.19895	1.19895	1.19895	1.19895	1.19895	1.19895	1.19895	1.19895	1.19895	1.19895	1.19895	
1.19895	1.19895	1.19895	1.19895	1.19895	1.19895	1.19895	1.19895	1.19895	1.19895	1.19895	1.19895	1.19895	1.19895	1.19895	1.19895	1.19895	1.19895	1.19895	1.19895	1.19895	1.19895	1.19895	1.19895	
1.19895	1.19895	1.19895	1.19895	1.19895	1.19895	1.19895	1.19895	1.19895	1.19895	1.19895	1.19895	1.19895	1.19895	1.19895	1.19895	1.19895	1.19895	1.19895	1.19895	1.19895	1.19895	1.19895	1.19895	
1.19895	1.19895	1.19895	1.19895	1.19895	1.19895	1.19895	1.19895	1.19895	1.19895	1.19895	1.19895	1.19895	1.19895	1.19895	1.19895	1.19895	1.19895	1.19895	1.19895	1.19895	1.19895	1.19895	1.19895	
1.19895	1.19895	1.19895	1.19895	1.19895	1.19895	1.19895	1.19895	1.19895	1.19895	1.19895	1.19895	1.19895	1.19895	1.19895	1.19895	1.19895	1.19895	1.19895	1.19895	1.19895	1.19895	1.19895	1.19895	
1.19895	1.19895	1.19895	1.19895	1.19895	1.19895	1.19895	1.19895	1.19895	1.19895	1.19895	1.19895	1.19895	1.19895	1.19895	1.19895	1.19895	1.19895	1.19895	1.19895	1.19895	1.19895	1.19895	1.19895	
1.19895	1.19895	1.19895	1.19895	1.19895	1.19895	1.19895	1.19895	1.19895	1.19895	1.19895	1.19895	1.19895	1.19895	1.19895	1.19895	1.19895	1.19895	1.19895	1.19895	1.19895	1.19895	1.19895	1.19895	
1.19895	1.19895	1.19895	1.19895	1.19895	1.19895	1.19895	1.19895	1.19895	1.19895	1.19895	1.19895	1.19895	1.19895	1.19895	1.19895	1.19895	1.19895	1.19895	1.19895	1.19895	1.19895	1.19895	1.19895	
1.19895	1.19895	1.19895	1.19895	1.19895	1.19895	1.19895	1.19895	1.19895	1.19895	1.19895	1.19895	1.19895	1.19895	1.19895	1.19895	1.19895	1.19895	1.19895	1.19895	1.19895	1.19895	1.19895	1.19895	
1.19895	1.19895	1.19895	1.19895	1.19895	1.19895	1.19895	1.19895	1.19895	1.19895	1.19895	1.19895	1.19895	1.19895	1.19895	1.19895	1.19895	1.19895	1.19895	1.19895	1.19895	1.19895	1.19895	1.19895	
1.19895	1.19895	1.19895	1.19895	1.19895	1.19895	1.19895	1.19895	1.19895	1.19895	1.19895	1.19895	1.19895	1.19895	1.19895	1.19895	1.19895	1.19895	1.19895	1.19895	1.19895	1.19895	1.19895	1.19895	
1.19895	1.19895	1.19895	1.19895	1.19895	1.19895	1.19895	1.19895	1.19895	1.19895	1.19895	1.19895	1.19895	1.19895	1.19895	1.19895	1.19895	1.19895	1.19895	1.19895	1.19895	1.19895	1.19895	1.19895	
1.19895	1.19895	1.19895	1.19895	1.19895	1.19895	1.19895	1.19895	1.19895	1.19895	1.19895	1.19895	1.19895	1.19895	1.19895	1.19895	1.19895	1.19895	1.19895	1.19895	1.19895	1.19895	1.19895	1.19895	
1.19895	1.19895	1.19895	1.19895	1.19895	1.19895	1.19895	1.19895	1.19895	1.19895	1.19895	1.19895	1.19895	1.19895	1.19895	1.19895	1.19895	1.19895	1.19895	1.19895	1.19895	1.19895	1.19895	1.19895	
1.19895	1.19895	1.19895	1.19895	1.19895	1.19895	1.19895	1.19895	1.19895	1.19895	1.19895	1.19895	1.19895	1.19895	1.19895	1.19895	1.19895	1.19895	1.19895	1.19895	1.19895	1.19895	1.19895	1.19895	
1.19895	1.19895	1.19895	1.19895	1.19895	1.19895	1.19895	1.19895	1.19895	1.19895	1.19895	1.19895	1.19895	1.19895	1.19895	1.19895	1.19895	1.19895	1.19895	1.19895	1.19895	1.19895	1.19895	1.19895	
1.19895	1.19895	1.19895	1.19895	1.19895	1.19895	1.19895	1.19895	1.19895	1.19895	1.19895	1.19895	1.19895	1.19895	1.19895	1.19895	1.19895	1.19895	1.19895	1.19895	1.19895	1.19895	1.19895	1.19895	
1.29843	1.29843	1.29843	1.29843	1.29843	1.29843	1.29843	1.29843	1.29843	1.29843	1.29843	1.29843	1.29843	1.29843	1.29843	1.29843	1.29843	1.29843	1.29843	1.29843	1.29843	1.29843	1.29843	1.29843	
1.29843	1.29843	1.29843	1.29843	1.29843	1.29843	1.29843	1.29843	1.29843	1.29843	1.29843	1.29843	1.29843	1.29843	1.29843	1.29843	1.29843	1.29843	1.29843	1.29843	1.29843	1.29843	1.29843	1.29843	
1.29843	1.29843	1.29843	1.29843	1.29843	1.29843	1.29843	1.29843	1.29843	1.29843	1.29843	1.29843	1.29843	1.29843	1.29843	1.29843	1.29843	1.29843	1.29843	1.29843	1.29843	1.29843	1.29843	1.29843	
1.29843	1.29843	1.29843	1.29843	1.29843	1.29843	1.29843	1.29843	1.29843	1.29843	1.29843	1.29843	1.29843	1.29843	1.29843	1.29843	1.29843	1.29843	1.29843	1.29843	1.29843	1.29843	1.29843	1.29843	
1.29843	1.29843	1.29843	1.29843	1.29843	1.29843	1.29843	1.29843	1.29843	1.29843	1.29843	1.29843	1.29843	1.29843	1.29843	1.29843	1.29843	1.29843	1.29843	1.29843	1.29843	1.29843	1.29843	1.29843	
1.29843	1.29843	1.29843	1.29843	1.29843	1.29843	1.29843	1.29843	1.29843	1.29843	1.29843	1.29843	1.29843	1.29843	1.29843	1.29843	1.29843	1.29843	1.29843	1.29843	1.29843	1.29843	1.29843	1.29843	
1.29843	1.29843	1.29843	1.29843	1.29843	1.29843	1.29843	1.29843	1.29843	1.29843	1.29843	1.29843	1.29843	1.29843	1.29843	1.29843	1.29843	1.29843	1.29843	1.29843	1.29843	1.29843	1.29843	1.29843	
1.29843	1.29843	1.29843	1.29843	1.29843	1.29843	1.29843	1.29843	1.29843	1.29843	1.29843	1.29843	1.29843	1.29843	1.29843	1.29843	1.29843	1.29843	1.29843	1.29843	1.29843	1.29843	1.29843	1.29843	
1.29843	1.29843	1.29843	1.29843	1.29843	1.29843	1.29843	1.29843	1.29843	1.29843	1.29843	1.29843	1.29843	1.29843	1.29843	1.29843	1.29843	1.29843	1.29843	1.29843	1.29843	1.29843	1.29843	1.29843	
1.29843	1.29843	1.29843	1.29843	1.29843	1.29843	1.29843	1.29843	1.29843	1.29843	1.29843	1.29843	1.29843	1.29843	1.29843	1.29843	1.29843	1.29843	1.29843	1.29843	1.29843	1.29843	1.29843	1.29843	
1.29843	1.29843	1.29843	1.29843	1.29843	1.29843	1.29843	1.29843	1.29843	1.29843	1.29843	1.29843	1.29843	1.29843	1.29843	1.29843	1.29843	1.29843	1.29843	1.29843	1.29843	1.29843	1.29843	1.29843	
1.29843	1.29843	1.29843	1.29843	1.29843	1.29843	1.29843	1.29843	1.29843	1.29843	1.29843	1.29843	1.29843	1.29843	1.29843	1.29843	1.29843	1.29843	1.29843	1.29843	1.29843	1.29843	1.29843	1.29843	
1.29843	1.29843	1.29843	1.29843	1.29843	1.29843	1.29843	1.29843	1.29843	1.29843	1.29843	1.29843	1.29843	1.29843	1.29843	1.29843	1.29843	1.29843	1.29843	1.29843	1.29843	1.29843	1.29843	1.29843	
1.29843	1.29843	1.29843	1.29843	1.29843	1.29843	1.29843	1.29843	1.29843	1.29843	1.29843	1.29843	1.29843	1.29843	1.29843	1.29843	1.29843	1.29843	1.29843	1.29843	1.29843	1.29843	1.29843	1.29843	
1.29843	1.29843	1.29843	1.29843	1.29843	1.29843	1.29843	1.29843	1.29843	1.29843	1.29843	1.29843	1.29843	1.29843	1.29843	1.29843	1.29843	1.29843	1.29843	1.29843	1.29843	1.29843	1.29843	1.29843	
1.29843	1.29843	1.29843	1.29843	1.29843	1.29843	1.29843	1.29843	1.29843	1.29843	1.29843	1.29843	1.29843	1.29843	1.29843	1.29843	1.29843	1.29843	1.29843	1.29843	1.29843	1.29843	1.29843	1.29843	
1.29843	1.29843	1.29843	1.29843	1.29843	1.29843	1.29843	1.29843	1.29843	1.29843	1.29843	1.29843	1.29843	1.29843	1.29843	1.29843	1.29843	1.29843	1.29843	1.29843	1.29843	1.29843	1.29843	1.29843	
1.29843	1.29843	1.29843	1.29843	1.29843	1.29843	1.29843	1.29843	1.29843	1.29843	1.29843	1.29843	1.29843	1.29843	1.29843	1.29843	1.29843	1.29843	1.29843	1.29843	1.29843	1.29843	1.29843	1.29843	
1.29843	1.29843	1.29843	1.29843	1.29843	1.29843	1.29843	1.29843	1.29843	1.29843	1.29843	1.29843	1.29843	1.29843	1.29843	1.29843	1.29843	1.29843	1.29843	1.29843	1.29843	1.29843	1.29843	1.29843	
1.29843	1.29843	1.29843	1.29843	1.29843	1.29843	1.29843	1.29843	1.29843	1.29843	1.29843	1.29843	1.29843	1.29843	1.29843	1.29843	1.29843	1.29843	1.29843	1.29843	1.29843	1.29843	1.29843	1.29843	
1.29843	1.29843	1.29843	1.29843	1.29843	1.29843	1.29843	1.29843	1.29843	1.29843	1.29843	1.29843	1.29843	1.29843	1.29843	1.29843	1.29843	1.29843	1.29843	1.29843	1.29843	1.29843	1.29843	1.29843	
1.39791	1.39791	1.39791	1.39791	1.39791	1.39791	1.39791	1.39791	1.39791	1.39791	1.39791	1.39791	1.39791	1.39791	1.39791	1.39791	1.39791	1.39791	1.39791	1.39791	1.39791	1.39791	1.39791	1.39791	
1.39791	1.39791	1.39791	1.39791	1.39791	1.39791	1.39791	1.39791	1.39791	1.39791	1.39791	1.39791	1.39791	1.39791	1.39791	1.39791	1.39791	1.39791	1.39791	1.39791	1.39791	1.39791	1.39791	1.39791	
1.39791	1.39791	1.39791	1.39791	1.39791	1.39791	1.39791	1.39791	1.39791	1.39791	1.39791	1.39791	1.39791	1.39791	1.39791	1.39791	1.39791	1.39791	1.39791	1.39791	1.39791	1.39791	1.39791	1.39791	
1.39791	1.39791	1.39791	1.39791	1.39791	1.39791	1.39791	1.39791	1.39791	1.39791	1.39791	1.39791	1.39791	1.39791	1.39791	1.39791	1.39791	1.39791	1.39791	1.39791	1.39791	1.39791	1.39791	1.39791	
1.39791	1.39791	1.39791	1.39791	1.39791	1.39791	1.39791	1.39791	1.39791	1.39791	1.39791	1.39791	1.39791	1.39791	1.39791	1.39791	1.39791	1.39791	1.39791	1.39791	1.39791	1.39791	1.39791	1.39791	
1.39791	1.39791	1.39791	1.39791	1.39791	1.39791	1.39791	1.39791	1.39791	1.39791	1.39791	1.39791	1.39791	1.39791	1.39791	1.39791	1.39791	1.39791	1.39791	1.39791	1.39791	1.39791	1.39791	1.39791	
1.39791	1.39791	1.39791	1.39791	1.39791	1.39791	1.39791	1.39791	1.39791	1.39791	1.39791	1.39791	1.39791	1.39791	1.39791	1.39791	1.39791	1.39791	1.39791	1.39791	1.39791	1.39791	1.39791	1.39791	
1.39791	1.39791	1.39791	1.39791	1.39791	1.39791	1.39791	1.39791	1.39791	1.39791	1.39791	1.39791	1.39791	1.39791	1.39791	1.39791	1.39791	1.39791	1.39791	1.39791	1.39791	1.39791	1.39791	1.39791	
1.39791	1.39791	1.39791	1.39791	1.39791	1.39791	1.39791	1.39791	1.39791	1.39791	1.39791	1.39791	1.39791	1.39791	1.39791	1.39791	1.39791	1.39791	1.39791	1.39791	1.39791	1.39791	1.39791	1.39791	
1.39791	1.39791	1.39791	1.39791	1.39791	1.39791	1.39791	1.39791	1.39791	1.39791	1.39791	1.39791	1.39791	1.39791	1.39791	1.39791	1.39791	1.39791	1.39791	1.39791	1.39791	1.39791	1.39791	1.39791	
1.39791	1.39791	1.39791	1.39791	1.39791	1.39791	1.39791	1.39791	1.39791	1.39791	1.39791	1.39791	1.39791	1.39791	1.39791	1.39791	1.39791	1.39791	1.39791	1.39791	1.39791	1.39791	1.39791	1.39791	
1.39791	1.39791	1.39791	1.39791	1.39791	1.39791	1.39791	1.39791	1.39791	1.39791	1.39791	1.39791	1.39791	1.39791	1.39791	1.39791	1.39791	1.39791	1.39791	1.39791	1.39791	1.39791	1.39791	1.39791	
1.39791	1.39791	1.39791	1.39791	1.39791	1.39791	1.39791	1.39791	1.39791	1.39791	1.39791	1.39791	1.39791	1.39791	1.39791	1.39791	1.39791	1.39791	1.39791	1.39791	1.39791	1.39791	1.39791	1.39791	
1.39791	1.39791	1.39791	1.39791	1.39791	1.39791	1.39791	1.39791	1.39791	1.39791	1.39791	1.39791	1.39791	1.39791	1.39791	1.39791	1.39791	1.39791	1.39791	1.39791	1.39791	1.39791	1.39791	1.39791	
1.39791	1.39791	1.39791	1.39791	1.39791	1.39791	1.39791	1.39791	1.39791	1.39791	1.39791	1.39791	1.39791	1.39791	1.39791	1.39791	1.39791	1.39791	1.39791	1.39791	1.39791	1.39791	1.39791	1.39791	
1.39791	1.39791	1.39791	1.39791	1.39791	1.39791	1.39791	1.39791	1.39791	1.39791	1.39791	1.39791	1.39791	1.39791	1.39791	1.39791	1.39791	1.39791	1.39791	1.39791	1.39791	1.39791	1.39791	1.39791	
1.39791	1.39791	1.39791	1.39791	1.39791	1.39791	1.39791	1.39791	1.39791	1.39791	1.39791	1.39791	1.39791	1.39791	1.39791	1.39791	1.39791	1.39791	1.39791	1.39791	1.39791	1.39791	1.39791	1.39791	
1.39791	1.39791	1.39791	1.39791	1.39791	1.39791	1.39791	1.39791	1.39791	1.39791	1.39791	1.39791	1.39791	1.39791	1.39791	1.39791	1.39791	1.39791	1.39791	1.39791	1.39791	1.39791	1.39791	1.39791	
1.39791	1.39791	1.39791	1.39791	1.39791	1.39791	1.39791	1.39791	1.39791	1.39791	1.39791	1.39791	1.39791	1.39791	1.39791	1.39791	1.39791	1.39791	1.39791	1.39791	1.39791	1.39791	1.39791	1.39791	
1.39791	1.39791	1.39791	1.39791	1.39791	1.39791	1.39791	1.39791	1.39791	1.39791	1.39791	1.39791	1.39791	1.39791	1.39791	1.39791	1.39791	1.39791	1.39791	1.39791	1.39791	1.39791	1.39791	1.39791	
1.39791	1.39791	1.39791	1.39791	1.39791	1.39791	1.39791	1.39791	1.39791	1.39791	1.39791	1.39791	1.39791	1.39791	1.39791	1.39791	1.39791	1.39791	1.39791	1.39791	1.39791	1.39791	1.39791	1.39791	
1.49738	1.49738	1.49738	1.49738	1.49738	1.49738	1.49738	1.49738	1.49738	1.49738	1.49738	1.49738	1.49738	1.49738	1.49738	1.49738	1.49738	1.49738	1.49738	1.49738	1.49738	1.49738	1.49738	1.49738	
1.49738	1.49738	1.49738	1.49738	1.49738	1.49738	1.49738	1.49738	1.49738	1.49738	1.49738	1.49738	1.49738	1.49738	1.49738	1.49738	1.49738	1.49738	1.49738	1.49738	1.49738	1.49738	1.49738	1.49738	
1.49738	1.49738	1.49738	1.49738	1.49738	1.49738	1.49738	1.49738	1.49738	1.49738	1.49738	1.49738	1.49738	1.49738	1.49738	1.49738	1.49738	1.49738	1.49738	1.49738	1.49738	1.49738	1.49738	1.49738	
1.49738	1.49738	1.49738	1.49738	1.49738	1.49738	1.49738	1.49738	1.49738	1.49738	1.49738	1.49738	1.49738	1.49738	1.49738	1.49738	1.49738	1.49738	1.49738	1.49738	1.49738	1.49738	1.49738	1.49738	
1.49738	1.49738	1.49738	1.49738	1.49738	1.49738	1.49738	1.49738	1.49738	1.49738	1.49738	1.49738	1.49738	1.49738	1.49738	1.49738	1.49738	1.49738	1.49738	1.49738	1.49738	1.49738	1.49738	1.49738	
1.49738	1.49738	1.49738	1.49738	1.49738	1.49738	1.49738	1.49738	1.49738	1.49738	1.49738	1.49738	1.49738	1.49738	1.49738	1.49738	1.49738	1.49738	1.49738	1.49738	1.49738	1.49738	1.49738	1.49738	
1.49738	1.49738	1.49738	1.49738	1.49738	1.49738	1.49738	1.49738	1.49738	1.49738	1.49738	1.49738	1.49738	1.49738	1.49738	1.49738	1.49738	1.49738	1.49738	1.49738	1.49738	1.49738	1.49738	1.49738	
1.49738	1.49738	1.49738	1.49738	1.49738	1.49738	1.49738	1.49738	1.49738	1.49738	1.49738	1.49738	1.49738	1.49738	1.49738	1.49738	1.49738	1.49738	1.49738	1.49738	1.49738	1.49738	1.49738	1.49738	
1.49738	1.49738	1.49738	1.49738	1.49738	1.49738	1.49738	1.49738	1.49738	1.49738	1.49738	1.49738	1.49738	1.49738	1.49738	1.49738	1.49738	1.49738	1.49738	1.49738	1.49738	1.49738	1.49738	1.49738	
1.49738	1.49738	1.49738	1.49738	1.49738	1.49738	1.49738	1.49738	1.49738	1.49738	1.49738	1.49738	1.49738	1.49738	1.49738	1.49738	1.49738	1.49738	1.49738	1.49738	1.49738	1.49738	1.49738	1.49738	
1.49738	1.49738	1.49738	1.49738	1.49738	1.49738	1.49738	1.49738	1.49738	1.49738	1.49738	1.49738	1.49738	1.49738	1.49738	1.49738	1.49738	1.49738	1.49738	1.49738	1.49738	1.49738	1.49738	1.49738	
1.49738	1.49738	1.49738	1.49738	1.49738	1.49738	1.49738	1.49738	1.49738	1.49738	1.49738	1.49738	1.49738	1.49738	1.49738	1.49738	1.49738	1.49738	1.49738	1.49738	1.49738	1.49738	1.49738	1.49738	
1.49738	1.49738	1.49738	1.49738	1.49738	1.49738	1.49738	1.49738	1.49738	1.49738	1.49738	1.49738	1.49738	1.49738	1.49738	1.49738	1.49738	1.49738	1.49738	1.49738	1.49738	1.49738	1.49738	1.49738	
1.49738	1.49738	1.49738	1.49738	1.49738	1.49738	1.49738	1.49738	1.49738	1.49738	1.49738	1.49738	1.49738	1.49738	1.49738	1.49738	1.49738	1.49738	1.49738	1.49738	1.49738	1.49738	1.49738	1.49738	
1.49738	1.49738	1.49738	1.49738	1.49738	1.49738	1.49738	1.49738	1.49738	1.49738	1.49738	1.49738	1.49738	1.49738	1.49738	1.49738	1.49738	1.49738	1.49738	1.49738	1.49738	1.49738	1.49738	1.49738	
1.49738	1.49738	1.49738	1.49738	1.49738	1.49738	1.49738	1.49738	1.49738	1.49738	1.49738	1.49738	1.49738	1.49738	1.49738	1.49738	1.49738	1.49738	1.49738	1.49738	1.49738	1.49738	1.49738	1.49738	
1.49738	1.49738	1.49738	1.49738	1.49738	1.49738	1.49738	1.49738	1.49738	1.49738	1.49738	1.49738	1.49738	1.49738	1.49738	1.49738	1.49738	1.49738	1.49738	1.49738	1.49738	1.49738	1.49738	1.49738	
1.49738	1.49738	1.49738	1.49738	1.49738	1.49738	1.49738	1.49738	1.49738	1.49738	1.49738	1.49738	1.49738	1.49738	1.49738	1.49738	1.49738	1.49738	1.49738	1.49738	1.49738	1.49738	1.49738	1.49738	
1.49738	1.49738	1.49738	1.49738	1.49738	1.49738	1.49738	1.49738	1.49738	1.49738	1.49738	1.49738	1.49738	1.49738	1.49738	1.49738	1.49738	1.49738	1.49738	1.49738	1.49738	1.49738	1.49738	1.49738	
1.49738	1.49738	1.49738	1.49738	1.49738	1.49738	1.49738	1.49738	1.49738	1.49738	1.49738	1.49738	1.49738	1.49738	1.49738	1.49738	1.49738	1.49738	1.49738	1.49738	1.49738	1.49738	1.49738	1.49738	
1.49738	1.49738	1.49738	1.49738	1.49738	1.49738	1.49738	1.49738	1.49738	1.49738	1.49738	1.49738	1.49738	1.49738	1.49738	1.49738	1.49738	1.49738	1.49738	1.49738	1.49738	1.49738	1.49738	1.49738	
1.59686	1.59686	1.59686	1.59686	1.59686	1.59686	1.59686	1.59686	1.59686	1.59686	1.59686	1.59686	1.59686	1.59686	1.59686	1.59686	1.59686	1.59686	1.59686	1.59686	1.59686	1.59686	1.59686	1.59686	
1.59686	1.59686	1.59686	1.59686	1.59686	1.59686	1.59686	1.59686	1.59686	1.59686	1.59686	1.59686	1.59686	1.59686	1.59686	1.59686	1.59686	1.59686	1.59686	1.59686	1.59686	1.59686	1.59686	1.59686	
1.59686	1.59686	1.59686	1.59686	1.59686	1.59686	1.59686	1.59686	1.59686	1.59686	1.59686	1.59686	1.59686	1.59686	1.59686	1.59686	1.59686	1.59686	1.59686	1.59686	1.59686	1.59686	1.59686	1.59686	
1.59686	1.59686	1.59686	1.59686	1.59686	1.59686	1.59686	1.59686	1.59686	1.59686	1.59686	1.59686	1.59686	1.59686	1.59686	1.59686	1.59686	1.59686	1.59686	1.59686	1.59686	1.59686	1.59686	1.59686	
1.59686	1.59686	1.59686	1.59686	1.59686	1.59686	1.59686	1.59686	1.59686	1.59686	1.59686	1.59686	1.59686	1.59686	1.59686	1.59686	1.59686	1.59686	1.59686	1.59686	1.59686	1.59686	1.59686	1.59686	
1.59686	1.59686	1.59686	1.59686	1.59686	1.59686	1.59686	1.59686	1.59686	1.59686	1.59686	1.59686	1.59686	1.59686	1.59686	1.59686	1.59686	1.59686	1.59686	1.59686	1.59686	1.59686	1.59686	1.59686	
1.59686	1.59686	1.59686	1.59686	1.59686	1.59686	1.59686	1.59686	1.59686	1.59686	1.59686	1.59686	1.59686	1.59686	1.59686	1.59686	1.59686	1.59686	1.59686	1.59686	1.59686	1.59686	1.59686	1.59686	
1.59686	1.59686	1.59686	1.59686	1.59686	1.59686	1.59686	1.59686	1.59686	1.59686	1.59686	1.59686	1.59686	1.59686	1.59686	1.59686	1.59686	1.59686	1.59686	1.59686	1.59686	1.59686	1.59686	1.59686	
1.59686	1.59686	1.59686	1.59686	1.59686	1.59686	1.59686	1.59686	1.59686	1.59686	1.59686	1.59686	1.59686	1.59686	1.59686	1.59686	1.59686	1.59686	1.59686	1.59686	1.59686	1.59686	1.59686	1.59686	
1.59686	1.59686	1.59686	1.59686	1.59686	1.59686	1.59686	1.59686	1.59686	1.59686	1.59686	1.59686	1.59686	1.59686	1.59686	1.59686	1.59686	1.59686	1.59686	1.59686	1.59686	1.59686	1.59686	1.59686	
1.59686	1.59686	1.59686	1.59686	1.59686	1.59686	1.59686	1.59686	1.59686	1.59686	1.59686	1.59686	1.59686	1.59686	1.59686	1.59686	1.59686	1.59686	1.59686	1.59686	1.59686	1.59686	1.59686	1.59686	
1.59686	1.59686	1.59686	1.59686	1.59686	1.59686	1.59686	1.59686	1.59686	1.59686	1.59686	1.59686	1.59686	1.59686	1.59686	1.59686	1.59686	1.59686	1.59686	1.59686	1.59686	1.59686	1.59686	1.59686	
1.59686	1.59686	1.59686	1.59686	1.59686	1.59686	1.59686	1.59686	1.59686	1.59686	1.59686	1.59686	1.59686	1.59686	1.59686	1.59686	1.59686	1.59686	1.59686	1.59686	1.59686	1.59686	1.59686	1.59686	
1.59686	1.59686	1.59686	1.59686	1.59686	1.59686	1.59686	1.59686	1.59686	1.59686	1.59686	1.59686	1.59686	1.59686	1.59686	1.59686	1.59686	1.59686	1.59686	1.59686	1.59686	1.59686	1.59686	1.59686	
1.59686	1.59686	1.59686	1.59686	1.59686	1.59686	1.59686	1.59686	1.59686	1.59686	1.59686	1.59686	1.59686	1.59686	1.59686	1.59686	1.59686	1.59686	1.59686	1.59686	1.59686	1.59686	1.59686	1.59686	
1.59686	1.59686	1.59686	1.59686	1.59686	1.59686	1.59686	1.59686	1.59686	1.59686	1.59686	1.59686	1.59686	1.59686	1.59686	1.59686	1.59686	1.59686	1.59686	1.59686	1.59686	1.59686	1.59686	1.59686	
1.59686	1.59686	1.59686	1.59686	1.59686	1.59686	1.59686	1.59686	1.59686	1.59686	1.59686	1.59686	1.59686	1.59686	1.59686	1.59686	1.59686	1.59686	1.59686	1.59686	1.59686	1.59686	1.59686	1.59686	
1.59686	1.59686	1.59686	1.59686	1.59686	1.59686	1.59686	1.59686	1.59686	1.59686	1.59686	1.59686	1.59686	1.59686	1.59686	1.59686	1.59686	1.59686	1.59686	1.59686	1.59686	1.59686	1.59686	1.59686	
1.59686	1.59686	1.59686	1.59686	1.59686	1.59686	1.59686	1.59686	1.59686	1.59686	1.59686	1.59686	1.59686	1.59686	1.59686	1.59686	1.59686	1.59686	1.59686	1.59686	1.59686	1.59686	1.59686	1.59686	
1.59686	1.59686	1.59686	1.59686	1.59686	1.59686	1.59686	1.59686	1.59686	1.59686	1.59686	1.59686	1.59686	1.59686	1.59686	1.59686	1.59686	1.59686	1.59686	1.59686	1.59686	1.59686	1.59686	1.59686	
1.59686	1.59686	1.59686	1.59686	1.59686	1.59686	1.59686	1.59686	1.59686	1.59686	1.59686	1.59686	1.59686	1.59686	1.59686	1.59686	1.59686	1.59686	1.59686	1.59686	1.59686	1.59686	1.59686	1.59686	
1.69633	1.69633	1.69633	1.69633	1.69633	1.69633	1.69633	1.69633	1.69633	1.69633	1.69633	1.69633	1.69633	1.69633	1.69633	1.69633	1.69633	1.69633	1.69633	1.69633	1.69633	1.69633	1.69633	1.69633	
1.69633	1.69633	1.69633	1.69633	1.69633	1.69633	1.69633	1.69633	1.69633	1.69633	1.69633	1.69633	1.69633	1.69633	1.69633	1.69633	1.69633	1.69633	1.69633	1.69633	1.69633	1.69633	1.69633	1.69633	
1.69633	1.69633	1.69633	1.69633	1.69633	1.69633	1.69633	1.69633	1.69633	1.69633	1.69633	1.69633	1.69633	1.69633	1.69633	1.69633	1.69633	1.69633	1.69633	1.69633	1.69633	1.69633	1.69633	1.69633	
1.69633	1.69633	1.69633	1.69633	1.69633	1.69633	1.69633	1.69633	1.69633	1.69633	1.69633	1.69633	1.69633	1.69633	1.69633	1.69633	1.69633	1.69633	1.69633	1.69633	1.69633	1.69633	1.69633	1.69633	
1.69633	1.69633	1.69633	1.69633	1.69633	1.69633	1.69633	1.69633	1.69633	1.69633	1.69633	1.69633	1.69633	1.69633	1.69633	1.69633	1.69633	1.69633	1.69633	1.69633	1.69633	1.69633	1.69633	1.69633	
1.69633	1.69633	1.69633	1.69633	1.69633	1.69633	1.69633	1.69633	1.69633	1.69633	1.69633	1.69633	1.69633	1.69633	1.69633	1.69633	1.69633	1.69633	1.69633	1.69633	1.69633	1.69633	1.69633	1.69633	
1.69633	1.69633	1.69633	1.69633	1.69633	1.69633	1.69633	1.69633	1.69633	1.69633	1.69633	1.69633	1.69633	1.69633	1.69633	1.69633	1.69633	1.69633	1.69633	1.69633	1.69633	1.69633	1.69633	1.69633	
1.69633	1.69633	1.69633	1.69633	1.69633	1.69633	1.69633	1.69633	1.69633	1.69633	1.69633	1.69633	1.69633	1.69633	1.69633	1.69633	1.69633	1.69633	1.69633	1.69633	1.69633	1.69633	1.69633	1.69633	
1.69633	1.69633	1.69633	1.69633	1.69633	1.69633	1.69633	1.69633	1.69633	1.69633	1.69633	1.69633	1.69633	1.69633	1.69633	1.69633	1.69633	1.69633	1.69633	1.69633	1.69633	1.69633	1.69633	1.69633	
1.69633	1.69633	1.69633	1.69633	1.69633	1.69633	1.69633	1.69633	1.69633	1.69633	1.69633	1.69633	1.69633	1.69633	1.69633	1.69633	1.69633	1.69633	1.69633	1.69633	1.69633	1.69633	1.69633	1.69633	
1.69633	1.69633	1.69633	1.69633	1.69633	1.69633	1.69633	1.69633	1.69633	1.69633	1.69633	1.69633	1.69633	1.69633	1.69633	1.69633	1.69633	1.69633	1.69633	1.69633	1.69633	1.69633	1.69633	1.69633	
1.69633	1.69633	1.69633	1.69633	1.69633	1.69633	1.69633	1.69633	1.69633	1.69633	1.69633	1.69633	1.69633	1.69633	1.69633	1.69633	1.69633	1.69633	1.69633	1.69633	1.69633	1.69633	1.69633	1.69633	
1.69633	1.69633	1.69633	1.69633	1.69633	1.69633	1.69633	1.69633	1.69633	1.69633	1.69633	1.69633	1.69633	1.69633	1.69633	1.69633	1.69633	1.69633	1.69633	1.69633	1.69633	1.69633	1.69633	1.69633	
1.69633	1.69633	1.69633	1.69633	1.69633	1.69633	1.69633	1.69633	1.69633	1.69633	1.69633	1.69633	1.69633	1.69633	1.69633	1.69633	1.69633	1.69633	1.69633	1.69633	1.69633	1.69633	1.69633	1.69633	
1.69633	1.69633	1.69633	1.69633	1.69633	1.69633	1.69633	1.69633	1.69633	1.69633	1.69633	1.69633	1.69633	1.69633	1.69633	1.69633	1.69633	1.69633	1.69633	1.69633	1.69633	1.69633	1.69633	1.69633	
1.69633	1.69633	1.69633	1.69633	1.69633	1.69633	1.69633	1.69633	1.69633	1.69633	1.69633	1.69633	1.69633	1.69633	1.69633	1.69633	1.69633	1.69633	1.69633	1.69633	1.69633	1.69633	1.69633	1.69633	
1.69633	1.69633	1.69633	1.69633	1.69633	1.69633	1.69633	1.69633	1.69633	1.69633	1.69633	1.69633	1.69633	1.69633	1.69633	1.69633	1.69633	1.69633	1.69633	1.69633	1.69633	1.69633	1.69633	1.69633	
1.69633	1.69633	1.69633	1.69633	1.69633	1.69633	1.69633	1.69633	1.69633	1.69633	1.69633	1.69633	1.69633	1.69633	1.69633	1.69633	1.69633	1.69633	1.69633	1.69633	1.69633	1.69633	1.69633	1.69633	
1.69633	1.69633	1.69633	1.69633	1.69633	1.69633	1.69633	1.69633	1.69633	1.69633	1.69633	1.69633	1.69633	1.69633	1.69633	1.69633	1.69633	1.69633	1.69633	1.69633	1.69633	1.69633	1.69633	1.69633	
1.69633	1.69633	1.69633	1.69633	1.69633	1.69633	1.69633	1.69633	1.69633	1.69633	1.69633	1.69633	1.69633	1.69633	1.69633	1.69633	1.69633	1.69633	1.69633	1.69633	1.69633	1.69633	1.69633	1.69633	
1.69633	1.69633	1.69633	1.69633	1.69633	1.69633	1.69633	1.69633	1.69633	1.69633	1.69633	1.69633	1.69633	1.69633	1.69633	1.69633	1.69633	1.69633	1.69633	1.69633	1.69633	1.69633	1.69633	1.69633	
1.79581	1.79581	1.79581	1.79581	1.79581	1.79581	1.79581	1.79581	1.79581	1.79581	1.79581	1.79581	1.79581	1.79581	1.79581	1.79581	1.79581	1.79581	1.79581	1.79581	1.79581	1.79581	1.79581	1.79581	
1.79581	1.79581	1.79581	1.79581	1.79581	1.79581	1.79581	1.79581	1.79581	1.79581	1.79581	1.79581	1.79581	1.79581	1.79581	1.79581	1.79581	1.79581	1.79581	1.79581	1.79581	1.79581	1.79581	1.79581	
1.79581	1.79581	1.79581	1.79581	1.79581	1.79581	1.79581	1.79581	1.79581	1.79581	1.79581	1.79581	1.79581	1.79581	1.79581	1.79581	1.79581	1.79581	1.79581	1.79581	1.79581	1.79581	1.79581	1.79581	
1.79581	1.79581	1.79581	1.79581	1.79581	1.79581	1.79581	1.79581	1.79581	1.79581	1.79581	1.79581	1.79581	1.79581	1.79581	1.79581	1.79581	1.79581	1.79581	1.79581	1.79581	1.79581	1.79581	1.79581	
1.79581	1.79581	1.79581	1.79581	1.79581	1.79581	1.79581	1.79581	1.79581	1.79581	1.79581	1.79581	1.79581	1.79581	1.79581	1.79581	1.79581	1.79581	1.79581	1.79581	1.79581	1.79581	1.79581	1.79581	
1.79581	1.79581	1.79581	1.79581	1.79581	1.79581	1.79581	1.79581	1.79581	1.79581	1.79581	1.79581	1.79581	1.79581	1.79581	1.79581	1.79581	1.79581	1.79581	1.79581	1.79581	1.79581	1.79581	1.79581	
1.79581	1.79581	1.79581	1.79581	1.79581	1.79581	1.79581	1.79581	1.79581	1.79581	1.79581	1.79581	1.79581	1.79581	1.79581	1.79581	1.79581	1.79581	1.79581	1.79581	1.79581	1.79581	1.79581	1.79581	
1.79581	1.79581	1.79581	1.79581	1.79581	1.79581	1.79581	1.79581	1.79581	1.79581	1.79581	1.79581	1.79581	1.79581	1.79581	1.79581	1.79581	1.79581	1.79581	1.79581	1.79581	1.79581	1.79581	1.79581	
1.79581	1.79581	1.79581	1.79581	1.79581	1.79581	1.79581	1.79581	1.79581	1.79581	1.79581	1.79581	1.79581	1.79581	1.79581	1.79581	1.79581	1.79581	1.79581	1.79581	1.79581	1.79581	1.79581	1.79581	
1.79581	1.79581	1.79581	1.79581	1.79581	1.79581	1.79581	1.79581	1.79581	1.79581	1.79581	1.79581	1.79581	1.79581	1.79581	1.79581	1.79581	1.79581	1.79581	1.79581	1.79581	1.79581	1.79581	1.79581	
1.79581	1.79581	1.79581	1.79581	1.79581	1.79581	1.79581	1.79581	1.79581	1.79581	1.79581	1.79581	1.79581	1.79581	1.79581	1.79581	1.79581	1.79581	1.79581	1.79581	1.79581	1.79581	1.79581	1.79581	
1.79581	1.79581	1.79581	1.79581	1.79581	1.79581	1.79581	1.79581	1.79581	1.79581	1.79581	1.79581	1.79581	1.79581	1.79581	1.79581	1.79581	1.79581	1.79581	1.79581	1.79581	1.79581	1.79581	1.79581	
1.79581	1.79581	1.79581	1.79581	1.79581	1.79581	1.79581	1.79581	1.79581	1.79581	1.79581	1.79581	1.79581	1.79581	1.79581	1.79581	1.79581	1.79581	1.79581	1.79581	1.79581	1.79581	1.79581	1.79581	
1.79581	1.79581	1.79581	1.79581	1.79581	1.79581	1.79581	1.79581	1.79581	1.79581	1.79581	1.79581	1.79581	1.79581	1.79581	1.79581	1.79581	1.79581	1.79581	1.79581	1.79581	1.79581	1.79581	1.79581	
1.79581	1.79581	1.79581	1.79581	1.79581	1.79581	1.79581	1.79581	1.79581	1.79581	1.79581	1.79581	1.79581	1.79581	1.79581	1.79581	1.79581	1.79581	1.79581	1.79581	1.79581	1.79581	1.79581	1.79581	
1.79581	1.79581	1.79581	1.79581	1.79581	1.79581	1.79581	1.79581	1.79581	1.79581	1.79581	1.79581	1.79581	1.79581	1.79581	1.79581	1.79581	1.79581	1.79581	1.79581	1.79581	1.79581	1.79581	1.79581	
1.79581	1.79581	1.79581	1.79581	1.79581	1.79581	1.79581	1.79581	1.79581	1.79581	1.79581	1.79581	1.79581	1.79581	1.79581	1.79581	1.79581	1.79581	1.79581	1.79581	1.79581	1.79581	1.79581	1.79581	
1.79581	1.79581	1.79581	1.79581	1.79581	1.79581	1.79581	1.79581	1.79581	1.79581	1.79581	1.79581	1.79581	1.79581	1.79581	1.79581	1.79581	1.79581	1.79581	1.79581	1.79581	1.79581	1.79581	1.79581	
1.79581	1.79581	1.79581	1.79581	1.79581	1.79581	1.79581	1.79581	1.79581	1.79581	1.79581	1.79581	1.79581	1.79581	1.79581	1.79581	1.79581	1.79581	1.79581	1.79581	1.79581	1.79581	1.79581	1.79581	
1.79581	1.79581	1.79581	1.79581	1.79581	1.79581	1.79581	1.79581	1.79581	1.79581	1.79581	1.79581	1.79581	1.79581	1.79581	1.79581	1.79581	1.79581	1.79581	1.79581	1.79581	1.79581	1.79581	1.79581	
1.79581	1.79581	1.79581	1.79581	1.79581	1.79581	1.79581	1.79581	1.79581	1.79581	1.79581	1.79581	1.79581	1.79581	1.79581	1.79581	1.79581	1.79581	1.79581	1.79581	1.79581	1.79581	1.79581	1.79581	
1.89529	1.89529	1.89529	1.89529	1.89529	1.89529	1.89529	1.89529	1.89529	1.89529	1.89529	1.89529	1.89529	1.89529	1.89529	1.89529	1.89529	1.89529	1.89529	1.89529	1.89529	1.89529	1.89529	1.89529	
1.89529	1.89529	1.89529	1.89529	1.89529	1.89529	1.89529	1.89529	1.89529	1.89529	1.89529	1.89529	1.89529	1.89529	1.89529	1.89529	1.89529	1.89529	1.89529	1.89529	1.89529	1.89529	1.89529	1.89529	
1.89529	1.89529	1.89529	1.89529	1.89529	1.89529	1.89529	1.89529	1.89529	1.89529	1.89529	1.89529	1.89529	1.89529	1.89529	1.89529	1.89529	1.89529	1.89529	1.89529	1.89529	1.89529	1.89529	1.89529	
1.89529	1.89529	1.89529	1.89529	1.89529	1.89529	1.89529	1.89529	1.89529	1.89529	1.89529	1.89529	1.89529	1.89529	1.89529	1.89529	1.89529	1.89529	1.89529	1.89529	1.89529	1.89529	1.89529	1.89529	
1.89529	1.89529	1.89529	1.89529	1.89529	1.89529	1.89529	1.89529	1.89529	1.89529	1.89529	1.89529	1.89529	1.89529	1.89529	1.89529	1.89529	1.89529	1.89529	1.89529	1.89529	1.89529	1.89529	1.89529	
1.89529	1.89529	1.89529	1.89529	1.89529	1.89529	1.89529	1.89529	1.89529	1.89529	1.89529	1.89529	1.89529	1.89529	1.89529	1.89529	1.89529	1.89529	1.89529	1.89529	1.89529	1.89529	1.89529	1.89529	
1.89529	1.89529	1.89529	1.89529	1.89529	1.89529	1.89529	1.89529	1.89529	1.89529	1.89529	1.89529	1.89529	1.89529	1.89529	1.89529	1.89529	1.89529	1.89529	1.89529	1.89529	1.89529	1.89529	1.89529	
1.89529	1.89529	1.89529	1.89529	1.89529	1.89529	1.89529	1.89529	1.89529	1.89529	1.89529	1.89529	1.89529	1.89529	1.89529	1.89529	1.89529	1.89529	1.89529	1.89529	1.89529	1.89529	1.89529	1.89529	
1.89529	1.89529	1.89529	1.89529	1.89529	1.89529	1.89529	1.89529	1.89529	1.89529	1.89529	1.89529	1.89529	1.89529	1.89529	1.89529	1.89529	1.89529	1.89529	1.89529	1.89529	1.89529	1.89529	1.89529	
1.89529	1.89529	1.89529	1.89529	1.89529	1.89529	1.89529	1.89529	1.89529	1.89529	1.89529	1.89529	1.89529	1.89529	1.89529	1.89529	1.89529	1.89529	1.89529	1.89529	1.89529	1.89529	1.89529	1.89529	
1.89529	1.89529	1.89529	1.89529	1.89529	1.89529	1.89529	1.89529	1.89529	1.89529	1.89529	1.89529	1.89529	1.89529	1.89529	1.89529	1.89529	1.89529	1.89529	1.89529	1.89529	1.89529	1.89529	1.89529	
1.89529	1.89529	1.89529	1.89529	1.89529	1.89529	1.89529	1.89529	1.89529	1.89529	1.89529	1.89529	1.89529	1.89529	1.89529	1.89529	1.89529	1.89529	1.89529	1.89529	1.89529	1.89529	1.89529	1.89529	
1.89529	1.89529	1.89529	1.89529	1.89529	1.89529	1.89529	1.89529	1.89529	1.89529	1.89529	1.89529	1.89529	1.89529	1.89529	1.89529	1.89529	1.89529	1.89529	1.89529	1.89529	1.89529	1.89529	1.89529	
1.89529	1.89529	1.89529	1.89529	1.89529	1.89529	1.89529	1.89529	1.89529	1.89529	1.89529	1.89529	1.89529	1.89529	1.89529	1.89529	1.89529	1.89529	1.89529	1.89529	1.89529	1.89529	1.89529	1.89529	
1.89529	1.89529	1.89529	1.89529	1.89529	1.89529	1.89529	1.89529	1.89529	1.89529	1.89529	1.89529	1.89529	1.89529	1.89529	1.89529	1.89529	1.89529	1.89529	1.89529	1.89529	1.89529	1.89529	1.89529	
1.89529	1.89529	1.89529	1.89529	1.89529	1.89529	1.89529	1.89529	1.89529	1.89529	1.89529	1.89529	1.89529	1.89529	1.89529	1.89529	1.89529	1.89529	1.89529	1.89529	1.89529	1.89529	1.89529	1.89529	
1.89529	1.89529	1.89529	1.89529	1.89529	1.89529	1.89529	1.89529	1.89529	1.89529	1.89529	1.89529	1.89529	1.89529	1.89529	1.89529	1.89529	1.89529	1.89529	1.89529	1.89529	1.89529	1.89529	1.89529	
1.89529	1.89529	1.89529	1.89529	1.89529	1.89529	1.89529	1.89529	1.89529	1.89529	1.89529	1.89529	1.89529	1.89529	1.89529	1.89529	1.89529	1.89529	1.89529	1.89529	1.89529	1.89529	1.89529	1.89529	
1.89529	1.89529	1.89529	1.89529	1.89529	1.89529	1.89529	1.89529	1.89529	1.89529	1.89529	1.89529	1.89529	1.89529	1.89529	1.89529	1.89529	1.89529	1.89529	1.89529	1.89529	1.89529	1.89529	1.89529	
1.89529	1.89529	1.89529	1.89529	1.89529	1.89529	1.89529	1.89529	1.89529	1.89529	1.89529	1.89529	1.89529	1.89529	1.89529	1.89529	1.89529	1.89529	1.89529	1.89529	1.89529	1.89529	1.89529	1.89529	
1.89529	1.89529	1.89529	1.89529	1.89529	1.89529	1.89529	1.89529	1.89529	1.89529	1.89529	1.89529	1.89529	1.89529	1.89529	1.89529	1.89529	1.89529	1.89529	1.89529	1.89529	1.89529	1.89529	1.89529	
1.99476	1.99476	1.99476	1.99476	1.99476	1.99476	1.99476	1.99476	1.99476	1.99476	1.99476	1.99476	1.99476	1.99476	1.99476	1.99476	1.99476	1.99476	1.99476	1.99476	1.99476	1.99476	1.99476	1.99476	
1.99476	1.99476	1.99476	1.99476	1.99476	1.99476	1.99476	1.99476	1.99476	1.99476	1.99476	1.99476	1.99476	1.99476	1.99476	1.99476	1.99476	1.99476	1.99476	1.99476	1.99476	1.99476	1.99476	1.99476	
1.99476	1.99476	1.99476	1.99476	1.99476	1.99476	1.99476	1.99476	1.99476	1.99476	1.99476	1.99476	1.99476	1.99476	1.99476	1.99476	1.99476	1.99476	1.99476	1.99476	1.99476	1.99476	1.99476	1.99476	
1.99476	1.99476	1.99476	1.99476	1.99476	1.99476	1.99476	1.99476	1.99476	1.99476	1.99476	1.99476	1.99476	1.99476	1.99476	1.99476	1.99476	1.99476	1.99476	1.99476	1.99476	1.99476	1.99476	1.99476	
1.99476	1.99476	1.99476	1.99476	1.99476	1.99476	1.99476	1.99476	1.99476	1.99476	1.99476	1.99476	1.99476	1.99476	1.99476	1.99476	1.99476	1.99476	1.99476	1.99476	1.99476	1.99476	1.99476	1.99476	
1.99476	1.99476	1.99476	1.99476	1.99476	1.99476	1.99476	1.99476	1.99476	1.99476	1.99476	1.99476	1.99476	1.99476	1.99476	1.99476	1.99476	1.99476	1.99476	1.99476	1.99476	1.99476	1.99476	1.99476	
1.99476	1.99476	1.99476	1.99476	1.99476	1.99476	1.99476	1.99476	1.99476	1.99476	1.99476	1.99476	1.99476	1.99476	1.99476	1.99476	1.99476	1.99476	1.99476	1.99476	1.99476	1.99476	1.99476	1.99476	
1.99476	1.99476	1.99476	1.99476	1.99476	1.99476	1.99476	1.99476	1.99476	1.99476	1.99476	1.99476	1.99476	1.99476	1.99476	1.99476	1.99476	1.99476	1.99476	1.99476	1.99476	1.99476	1.99476	1.99476	
1.99476	1.99476	1.99476	1.99476	1.99476	1.99476	1.99476	1.99476	1.99476	1.99476	1.99476	1.99476	1.99476	1.99476	1.99476	1.99476	1.99476	1.99476	1.99476	1.99476	1.99476	1.99476	1.99476	1.99476	
1.99476	1.99476	1.99476	1.99476	1.99476	1.99476	1.99476	1.99476	1.99476	1.99476	1.99476	1.99476	1.99476	1.99476	1.99476	1.99476	1.99476	1.99476	1.99476	1.99476	1.99476	1.99476	1.99476	1.99476	
1.99476	1.99476	1.99476	1.99476	1.99476	1.99476	1.99476	1.99476	1.99476	1.99476	1.99476	1.99476	1.99476	1.99476	1.99476	1.99476	1.99476	1.99476	1.99476	1.99476	1.99476	1.99476	1.99476	1.99476	
1.99476	1.99476	1.99476	1.99476	1.99476	1.99476	1.99476	1.99476	1.99476	1.99476	1.99476	1.99476	1.99476	1.99476	1.99476	1.99476	1.99476	1.99476	1.99476	1.99476	1.99476	1.99476	1.99476	1.99476	
1.99476	1.99476	1.99476	1.99476	1.99476	1.99476	1.99476	1.99476	1.99476	1.99476	1.99476	1.99476	1.99476	1.99476	1.99476	1.99476	1.99476	1.99476	1.99476	1.99476	1.99476	1.99476	1.99476	1.99476	
1.99476	1.99476	1.99476	1.99476	1.99476	1.99476	1.99476	1.99476	1.99476	1.99476	1.99476	1.99476	1.99476	1.99476	1.99476	1.99476	1.99476	1.99476	1.99476	1.99476	1.99476	1.99476	1.99476	1.99476	
1.99476	1.99476	1.99476	1.99476	1.99476	1.99476	1.99476	1.99476	1.99476	1.99476	1.99476	1.99476	1.99476	1.99476	1.99476	1.99476	1.99476	1.99476	1.99476	1.99476	1.99476	1.99476	1.99476	1.99476	
1.99476	1.99476	1.99476	1.99476	1.99476	1.99476	1.99476	1.99476	1.99476	1.99476	1.99476	1.99476	1.99476	1.99476	1.99476	1.99476	1.99476	1.99476	1.99476	1.99476	1.99476	1.99476	1.99476	1.99476	
1.99476	1.99476	1.99476	1.99476	1.99476	1.99476	1.99476	1.99476	1.99476	1.99476	1.99476	1.99476	1.99476	1.99476	1.99476	1.99476	1.99476	1.99476	1.99476	1.99476	1.99476	1.99476	1.99476	1.99476	
1.99476	1.99476	1.99476	1.99476	1.99476	1.99476	1.99476	1.99476	1.99476	1.99476	1.99476	1.99476	1.99476	1.99476	1.99476	1.99476	1.99476	1.99476	1.99476	1.99476	1.99476	1.99476	1.99476	1.99476	
1.99476	1.99476	1.99476	1.99476	1.99476	1.99476	1.99476	1.99476	1.99476	1.99476	1.99476	1.99476	1.99476	1.99476	1.99476	1.99476	1.99476	1.99476	1.99476	1.99476	1.99476	1.99476	1.99476	1.99476	
1.99476	1.99476	1.99476	1.99476	1.99476	1.99476	1.99476	1.99476	1.99476	1.99476	1.99476	1.99476	1.99476	1.99476	1.99476	1.99476	1.99476	1.99476	1.99476	1.99476	1.99476	1.99476	1.99476	1.99476	
1.99476	1.99476	1.99476	1.99476	1.99476	1.99476	1.99476	1.99476	1.99476	1.99476	1.99476	1.99476	1.99476	1.99476	1.99476	1.99476	1.99476	1.99476	1.99476	1.99476	1.99476	1.99476	1.99476	1.99476	
