0.995	0.995	0.995	0.995	0.995	0.995	0.995	0.995	0.995	0.995	0.995	0.995	0.995	0.995	0.995	0.995	0.995	0.995	0.995	0.995	0.995	0.995	0.995	0.995	
0.995	0.995	0.995	0.995	0.995	0.995	0.995	0.995	0.995	0.995	0.995	0.995	0.995	0.995	0.995	0.995	0.995	0.995	0.995	0.995	0.995	0.995	0.995	0.995	
0.995	0.995	0.995	0.995	0.995	0.995	0.995	0.995	0.995	0.995	0.995	0.995	0.995	0.995	0.995	0.995	0.995	0.995	0.995	0.995	0.995	0.995	0.995	0.995	
0.995	0.995	0.995	0.995	0.995	0.995	0.995	0.995	0.995	0.995	0.995	0.995	0.995	0.995	0.995	0.995	0.995	0.995	0.995	0.995	0.995	0.995	0.995	0.995	
0.995	0.995	0.995	0.995	0.995	0.995	0.995	0.995	0.995	0.995	0.995	0.995	0.995	0.995	0.995	0.995	0.995	0.995	0.995	0.995	0.995	0.995	0.995	0.995	
0.995	0.995	0.995	0.995	0.995	0.995	0.995	0.995	0.995	0.995	0.995	0.995	0.995	0.995	0.995	0.995	0.995	0.995	0.995	0.995	0.995	0.995	0.995	0.995	
0.995	0.995	0.995	0.995	0.995	0.995	0.995	0.995	0.995	0.995	0.995	0.995	0.995	0.995	0.995	0.995	0.995	0.995	0.995	0.995	0.995	0.995	0.995	0.995	
0.995	0.995	0.995	0.995	0.995	0.995	0.995	0.995	0.995	0.995	0.995	0.995	0.995	0.995	0.995	0.995	0.995	0.995	0.995	0.995	0.995	0.995	0.995	0.995	
0.995	0.995	0.995	0.995	0.995	0.995	0.995	0.995	0.995	0.995	0.995	0.995	0.995	0.995	0.995	0.995	0.995	0.995	0.995	0.995	0.995	0.995	0.995	0.995	
0.995	0.995	0.995	0.995	0.995	0.995	0.995	0.995	0.995	0.995	0.995	0.995	0.995	0.995	0.995	0.995	0.995	0.995	0.995	0.995	0.995	0.995	0.995	0.995	
0.995	0.995	0.995	0.995	0.995	0.995	0.995	0.995	0.995	0.995	0.995	0.995	0.995	0.995	0.995	0.995	0.995	0.995	0.995	0.995	0.995	0.995	0.995	0.995	
0.995	0.995	0.995	0.995	0.995	0.995	0.995	0.995	0.995	0.995	0.995	0.995	0.995	0.995	0.995	0.995	0.995	0.995	0.995	0.995	0.995	0.995	0.995	0.995	
0.995	0.995	0.995	0.995	0.995	0.995	0.995	0.995	0.995	0.995	0.995	0.995	0.995	0.995	0.995	0.995	0.995	0.995	0.995	0.995	0.995	0.995	0.995	0.995	
0.995	0.995	0.995	0.995	0.995	0.995	0.995	0.995	0.995	0.995	0.995	0.995	0.995	0.995	0.995	0.995	0.995	0.995	0.995	0.995	0.995	0.995	0.995	0.995	
0.995	0.995	0.995	0.995	0.995	0.995	0.995	0.995	0.995	0.995	0.995	0.995	0.995	0.995	0.995	0.995	0.995	0.995	0.995	0.995	0.995	0.995	0.995	0.995	
0.995	0.995	0.995	0.995	0.995	0.995	0.995	0.995	0.995	0.995	0.995	0.995	0.995	0.995	0.995	0.995	0.995	0.995	0.995	0.995	0.995	0.995	0.995	0.995	
0.995	0.995	0.995	0.995	0.995	0.995	0.995	0.995	0.995	0.995	0.995	0.995	0.995	0.995	0.995	0.995	0.995	0.995	0.995	0.995	0.995	0.995	0.995	0.995	
0.995	0.995	0.995	0.995	0.995	0.995	0.995	0.995	0.995	0.995	0.995	0.995	0.995	0.995	0.995	0.995	0.995	0.995	0.995	0.995	0.995	0.995	0.995	0.995	
0.995	0.995	0.995	0.995	0.995	0.995	0.995	0.995	0.995	0.995	0.995	0.995	0.995	0.995	0.995	0.995	0.995	0.995	0.995	0.995	0.995	0.995	0.995	0.995	
0.995	0.995	0.995	0.995	0.995	0.995	0.995	0.995	0.995	0.995	0.995	0.995	0.995	0.995	0.995	0.995	0.995	0.995	0.995	0.995	0.995	0.995	0.995	0.995	
0.995	0.995	0.995	0.995	0.995	0.995	0.995	0.995	0.995	0.995	0.995	0.995	0.995	0.995	0.995	0.995	0.995	0.995	0.995	0.995	0.995	0.995	0.995	0.995	
0.895	0.895	0.895	0.895	0.895	0.895	0.895	0.895	0.895	0.895	0.895	0.895	0.895	0.895	0.895	0.895	0.895	0.895	0.895	0.895	0.895	0.895	0.895	0.895	
0.895	0.895	0.895	0.895	0.895	0.895	0.895	0.895	0.895	0.895	0.895	0.895	0.895	0.895	0.895	0.895	0.895	0.895	0.895	0.895	0.895	0.895	0.895	0.895	
0.895	0.895	0.895	0.895	0.895	0.895	0.895	0.895	0.895	0.895	0.895	0.895	0.895	0.895	0.895	0.895	0.895	0.895	0.895	0.895	0.895	0.895	0.895	0.895	
0.895	0.895	0.895	0.895	0.895	0.895	0.895	0.895	0.895	0.895	0.895	0.895	0.895	0.895	0.895	0.895	0.895	0.895	0.895	0.895	0.895	0.895	0.895	0.895	
0.895	0.895	0.895	0.895	0.895	0.895	0.895	0.895	0.895	0.895	0.895	0.895	0.895	0.895	0.895	0.895	0.895	0.895	0.895	0.895	0.895	0.895	0.895	0.895	
0.895	0.895	0.895	0.895	0.895	0.895	0.895	0.895	0.895	0.895	0.895	0.895	0.895	0.895	0.895	0.895	0.895	0.895	0.895	0.895	0.895	0.895	0.895	0.895	
0.895	0.895	0.895	0.895	0.895	0.895	0.895	0.895	0.895	0.895	0.895	0.895	0.895	0.895	0.895	0.895	0.895	0.895	0.895	0.895	0.895	0.895	0.895	0.895	
0.895	0.895	0.895	0.895	0.895	0.895	0.895	0.895	0.895	0.895	0.895	0.895	0.895	0.895	0.895	0.895	0.895	0.895	0.895	0.895	0.895	0.895	0.895	0.895	
0.895	0.895	0.895	0.895	0.895	0.895	0.895	0.895	0.895	0.895	0.895	0.895	0.895	0.895	0.895	0.895	0.895	0.895	0.895	0.895	0.895	0.895	0.895	0.895	
0.895	0.895	0.895	0.895	0.895	0.895	0.895	0.895	0.895	0.895	0.895	0.895	0.895	0.895	0.895	0.895	0.895	0.895	0.895	0.895	0.895	0.895	0.895	0.895	
0.895	0.895	0.895	0.895	0.895	0.895	0.895	0.895	0.895	0.895	0.895	0.895	0.895	0.895	0.895	0.895	0.895	0.895	0.895	0.895	0.895	0.895	0.895	0.895	
0.895	0.895	0.895	0.895	0.895	0.895	0.895	0.895	0.895	0.895	0.895	0.895	0.895	0.895	0.895	0.895	0.895	0.895	0.895	0.895	0.895	0.895	0.895	0.895	
0.895	0.895	0.895	0.895	0.895	0.895	0.895	0.895	0.895	0.895	0.895	0.895	0.895	0.895	0.895	0.895	0.895	0.895	0.895	0.895	0.895	0.895	0.895	0.895	
0.895	0.895	0.895	0.895	0.895	0.895	0.895	0.895	0.895	0.895	0.895	0.895	0.895	0.895	0.895	0.895	0.895	0.895	0.895	0.895	0.895	0.895	0.895	0.895	
0.895	0.895	0.895	0.895	0.895	0.895	0.895	0.895	0.895	0.895	0.895	0.895	0.895	0.895	0.895	0.895	0.895	0.895	0.895	0.895	0.895	0.895	0.895	0.895	
0.895	0.895	0.895	0.895	0.895	0.895	0.895	0.895	0.895	0.895	0.895	0.895	0.895	0.895	0.895	0.895	0.895	0.895	0.895	0.895	0.895	0.895	0.895	0.895	
0.895	0.895	0.895	0.895	0.895	0.895	0.895	0.895	0.895	0.895	0.895	0.895	0.895	0.895	0.895	0.895	0.895	0.895	0.895	0.895	0.895	0.895	0.895	0.895	
0.895	0.895	0.895	0.895	0.895	0.895	0.895	0.895	0.895	0.895	0.895	0.895	0.895	0.895	0.895	0.895	0.895	0.895	0.895	0.895	0.895	0.895	0.895	0.895	
0.895	0.895	0.895	0.895	0.895	0.895	0.895	0.895	0.895	0.895	0.895	0.895	0.895	0.895	0.895	0.895	0.895	0.895	0.895	0.895	0.895	0.895	0.895	0.895	
0.895	0.895	0.895	0.895	0.895	0.895	0.895	0.895	0.895	0.895	0.895	0.895	0.895	0.895	0.895	0.895	0.895	0.895	0.895	0.895	0.895	0.895	0.895	0.895	
0.895	0.895	0.895	0.895	0.895	0.895	0.895	0.895	0.895	0.895	0.895	0.895	0.895	0.895	0.895	0.895	0.895	0.895	0.895	0.895	0.895	0.895	0.895	0.895	
0.796	0.796	0.796	0.796	0.796	0.796	0.796	0.796	0.796	0.796	0.796	0.796	0.796	0.796	0.796	0.796	0.796	0.796	0.796	0.796	0.796	0.796	0.796	0.796	
0.796	0.796	0.796	0.796	0.796	0.796	0.796	0.796	0.796	0.796	0.796	0.796	0.796	0.796	0.796	0.796	0.796	0.796	0.796	0.796	0.796	0.796	0.796	0.796	
0.796	0.796	0.796	0.796	0.796	0.796	0.796	0.796	0.796	0.796	0.796	0.796	0.796	0.796	0.796	0.796	0.796	0.796	0.796	0.796	0.796	0.796	0.796	0.796	
0.796	0.796	0.796	0.796	0.796	0.796	0.796	0.796	0.796	0.796	0.796	0.796	0.796	0.796	0.796	0.796	0.796	0.796	0.796	0.796	0.796	0.796	0.796	0.796	
0.796	0.796	0.796	0.796	0.796	0.796	0.796	0.796	0.796	0.796	0.796	0.796	0.796	0.796	0.796	0.796	0.796	0.796	0.796	0.796	0.796	0.796	0.796	0.796	
0.796	0.796	0.796	0.796	0.796	0.796	0.796	0.796	0.796	0.796	0.796	0.796	0.796	0.796	0.796	0.796	0.796	0.796	0.796	0.796	0.796	0.796	0.796	0.796	
0.796	0.796	0.796	0.796	0.796	0.796	0.796	0.796	0.796	0.796	0.796	0.796	0.796	0.796	0.796	0.796	0.796	0.796	0.796	0.796	0.796	0.796	0.796	0.796	
0.796	0.796	0.796	0.796	0.796	0.796	0.796	0.796	0.796	0.796	0.796	0.796	0.796	0.796	0.796	0.796	0.796	0.796	0.796	0.796	0.796	0.796	0.796	0.796	
0.796	0.796	0.796	0.796	0.796	0.796	0.796	0.796	0.796	0.796	0.796	0.796	0.796	0.796	0.796	0.796	0.796	0.796	0.796	0.796	0.796	0.796	0.796	0.796	
0.796	0.796	0.796	0.796	0.796	0.796	0.796	0.796	0.796	0.796	0.796	0.796	0.796	0.796	0.796	0.796	0.796	0.796	0.796	0.796	0.796	0.796	0.796	0.796	
0.796	0.796	0.796	0.796	0.796	0.796	0.796	0.796	0.796	0.796	0.796	0.796	0.796	0.796	0.796	0.796	0.796	0.796	0.796	0.796	0.796	0.796	0.796	0.796	
0.796	0.796	0.796	0.796	0.796	0.796	0.796	0.796	0.796	0.796	0.796	0.796	0.796	0.796	0.796	0.796	0.796	0.796	0.796	0.796	0.796	0.796	0.796	0.796	
0.796	0.796	0.796	0.796	0.796	0.796	0.796	0.796	0.796	0.796	0.796	0.796	0.796	0.796	0.796	0.796	0.796	0.796	0.796	0.796	0.796	0.796	0.796	0.796	
0.796	0.796	0.796	0.796	0.796	0.796	0.796	0.796	0.796	0.796	0.796	0.796	0.796	0.796	0.796	0.796	0.796	0.796	0.796	0.796	0.796	0.796	0.796	0.796	
0.796	0.796	0.796	0.796	0.796	0.796	0.796	0.796	0.796	0.796	0.796	0.796	0.796	0.796	0.796	0.796	0.796	0.796	0.796	0.796	0.796	0.796	0.796	0.796	
0.796	0.796	0.796	0.796	0.796	0.796	0.796	0.796	0.796	0.796	0.796	0.796	0.796	0.796	0.796	0.796	0.796	0.796	0.796	0.796	0.796	0.796	0.796	0.796	
0.796	0.796	0.796	0.796	0.796	0.796	0.796	0.796	0.796	0.796	0.796	0.796	0.796	0.796	0.796	0.796	0.796	0.796	0.796	0.796	0.796	0.796	0.796	0.796	
0.796	0.796	0.796	0.796	0.796	0.796	0.796	0.796	0.796	0.796	0.796	0.796	0.796	0.796	0.796	0.796	0.796	0.796	0.796	0.796	0.796	0.796	0.796	0.796	
0.796	0.796	0.796	0.796	0.796	0.796	0.796	0.796	0.796	0.796	0.796	0.796	0.796	0.796	0.796	0.796	0.796	0.796	0.796	0.796	0.796	0.796	0.796	0.796	
0.796	0.796	0.796	0.796	0.796	0.796	0.796	0.796	0.796	0.796	0.796	0.796	0.796	0.796	0.796	0.796	0.796	0.796	0.796	0.796	0.796	0.796	0.796	0.796	
0.796	0.796	0.796	0.796	0.796	0.796	0.796	0.796	0.796	0.796	0.796	0.796	0.796	0.796	0.796	0.796	0.796	0.796	0.796	0.796	0.796	0.796	0.796	0.796	
0.696	0.696	0.696	0.696	0.696	0.696	0.696	0.696	0.696	0.696	0.696	0.696	0.696	0.696	0.696	0.696	0.696	0.696	0.696	0.696	0.696	0.696	0.696	0.696	
0.696	0.696	0.696	0.696	0.696	0.696	0.696	0.696	0.696	0.696	0.696	0.696	0.696	0.696	0.696	0.696	0.696	0.696	0.696	0.696	0.696	0.696	0.696	0.696	
0.696	0.696	0.696	0.696	0.696	0.696	0.696	0.696	0.696	0.696	0.696	0.696	0.696	0.696	0.696	0.696	0.696	0.696	0.696	0.696	0.696	0.696	0.696	0.696	
0.696	0.696	0.696	0.696	0.696	0.696	0.696	0.696	0.696	0.696	0.696	0.696	0.696	0.696	0.696	0.696	0.696	0.696	0.696	0.696	0.696	0.696	0.696	0.696	
0.696	0.696	0.696	0.696	0.696	0.696	0.696	0.696	0.696	0.696	0.696	0.696	0.696	0.696	0.696	0.696	0.696	0.696	0.696	0.696	0.696	0.696	0.696	0.696	
0.696	0.696	0.696	0.696	0.696	0.696	0.696	0.696	0.696	0.696	0.696	0.696	0.696	0.696	0.696	0.696	0.696	0.696	0.696	0.696	0.696	0.696	0.696	0.696	
0.696	0.696	0.696	0.696	0.696	0.696	0.696	0.696	0.696	0.696	0.696	0.696	0.696	0.696	0.696	0.696	0.696	0.696	0.696	0.696	0.696	0.696	0.696	0.696	
0.696	0.696	0.696	0.696	0.696	0.696	0.696	0.696	0.696	0.696	0.696	0.696	0.696	0.696	0.696	0.696	0.696	0.696	0.696	0.696	0.696	0.696	0.696	0.696	
0.696	0.696	0.696	0.696	0.696	0.696	0.696	0.696	0.696	0.696	0.696	0.696	0.696	0.696	0.696	0.696	0.696	0.696	0.696	0.696	0.696	0.696	0.696	0.696	
0.696	0.696	0.696	0.696	0.696	0.696	0.696	0.696	0.696	0.696	0.696	0.696	0.696	0.696	0.696	0.696	0.696	0.696	0.696	0.696	0.696	0.696	0.696	0.696	
0.696	0.696	0.696	0.696	0.696	0.696	0.696	0.696	0.696	0.696	0.696	0.696	0.696	0.696	0.696	0.696	0.696	0.696	0.696	0.696	0.696	0.696	0.696	0.696	
0.696	0.696	0.696	0.696	0.696	0.696	0.696	0.696	0.696	0.696	0.696	0.696	0.696	0.696	0.696	0.696	0.696	0.696	0.696	0.696	0.696	0.696	0.696	0.696	
0.696	0.696	0.696	0.696	0.696	0.696	0.696	0.696	0.696	0.696	0.696	0.696	0.696	0.696	0.696	0.696	0.696	0.696	0.696	0.696	0.696	0.696	0.696	0.696	
0.696	0.696	0.696	0.696	0.696	0.696	0.696	0.696	0.696	0.696	0.696	0.696	0.696	0.696	0.696	0.696	0.696	0.696	0.696	0.696	0.696	0.696	0.696	0.696	
0.696	0.696	0.696	0.696	0.696	0.696	0.696	0.696	0.696	0.696	0.696	0.696	0.696	0.696	0.696	0.696	0.696	0.696	0.696	0.696	0.696	0.696	0.696	0.696	
0.696	0.696	0.696	0.696	0.696	0.696	0.696	0.696	0.696	0.696	0.696	0.696	0.696	0.696	0.696	0.696	0.696	0.696	0.696	0.696	0.696	0.696	0.696	0.696	
0.696	0.696	0.696	0.696	0.696	0.696	0.696	0.696	0.696	0.696	0.696	0.696	0.696	0.696	0.696	0.696	0.696	0.696	0.696	0.696	0.696	0.696	0.696	0.696	
0.696	0.696	0.696	0.696	0.696	0.696	0.696	0.696	0.696	0.696	0.696	0.696	0.696	0.696	0.696	0.696	0.696	0.696	0.696	0.696	0.696	0.696	0.696	0.696	
0.696	0.696	0.696	0.696	0.696	0.696	0.696	0.696	0.696	0.696	0.696	0.696	0.696	0.696	0.696	0.696	0.696	0.696	0.696	0.696	0.696	0.696	0.696	0.696	
0.696	0.696	0.696	0.696	0.696	0.696	0.696	0.696	0.696	0.696	0.696	0.696	0.696	0.696	0.696	0.696	0.696	0.696	0.696	0.696	0.696	0.696	0.696	0.696	
0.696	0.696	0.696	0.696	0.696	0.696	0.696	0.696	0.696	0.696	0.696	0.696	0.696	0.696	0.696	0.696	0.696	0.696	0.696	0.696	0.696	0.696	0.696	0.696	
0.597	0.597	0.597	0.597	0.597	0.597	0.597	0.597	0.597	0.597	0.597	0.597	0.597	0.597	0.597	0.597	0.597	0.597	0.597	0.597	0.597	0.597	0.597	0.597	
0.597	0.597	0.597	0.597	0.597	0.597	0.597	0.597	0.597	0.597	0.597	0.597	0.597	0.597	0.597	0.597	0.597	0.597	0.597	0.597	0.597	0.597	0.597	0.597	
0.597	0.597	0.597	0.597	0.597	0.597	0.597	0.597	0.597	0.597	0.597	0.597	0.597	0.597	0.597	0.597	0.597	0.597	0.597	0.597	0.597	0.597	0.597	0.597	
0.597	0.597	0.597	0.597	0.597	0.597	0.597	0.597	0.597	0.597	0.597	0.597	0.597	0.597	0.597	0.597	0.597	0.597	0.597	0.597	0.597	0.597	0.597	0.597	
0.597	0.597	0.597	0.597	0.597	0.597	0.597	0.597	0.597	0.597	0.597	0.597	0.597	0.597	0.597	0.597	0.597	0.597	0.597	0.597	0.597	0.597	0.597	0.597	
0.597	0.597	0.597	0.597	0.597	0.597	0.597	0.597	0.597	0.597	0.597	0.597	0.597	0.597	0.597	0.597	0.597	0.597	0.597	0.597	0.597	0.597	0.597	0.597	
0.597	0.597	0.597	0.597	0.597	0.597	0.597	0.597	0.597	0.597	0.597	0.597	0.597	0.597	0.597	0.597	0.597	0.597	0.597	0.597	0.597	0.597	0.597	0.597	
0.597	0.597	0.597	0.597	0.597	0.597	0.597	0.597	0.597	0.597	0.597	0.597	0.597	0.597	0.597	0.597	0.597	0.597	0.597	0.597	0.597	0.597	0.597	0.597	
0.597	0.597	0.597	0.597	0.597	0.597	0.597	0.597	0.597	0.597	0.597	0.597	0.597	0.597	0.597	0.597	0.597	0.597	0.597	0.597	0.597	0.597	0.597	0.597	
0.597	0.597	0.597	0.597	0.597	0.597	0.597	0.597	0.597	0.597	0.597	0.597	0.597	0.597	0.597	0.597	0.597	0.597	0.597	0.597	0.597	0.597	0.597	0.597	
0.597	0.597	0.597	0.597	0.597	0.597	0.597	0.597	0.597	0.597	0.597	0.597	0.597	0.597	0.597	0.597	0.597	0.597	0.597	0.597	0.597	0.597	0.597	0.597	
0.597	0.597	0.597	0.597	0.597	0.597	0.597	0.597	0.597	0.597	0.597	0.597	0.597	0.597	0.597	0.597	0.597	0.597	0.597	0.597	0.597	0.597	0.597	0.597	
0.597	0.597	0.597	0.597	0.597	0.597	0.597	0.597	0.597	0.597	0.597	0.597	0.597	0.597	0.597	0.597	0.597	0.597	0.597	0.597	0.597	0.597	0.597	0.597	
0.597	0.597	0.597	0.597	0.597	0.597	0.597	0.597	0.597	0.597	0.597	0.597	0.597	0.597	0.597	0.597	0.597	0.597	0.597	0.597	0.597	0.597	0.597	0.597	
0.597	0.597	0.597	0.597	0.597	0.597	0.597	0.597	0.597	0.597	0.597	0.597	0.597	0.597	0.597	0.597	0.597	0.597	0.597	0.597	0.597	0.597	0.597	0.597	
0.597	0.597	0.597	0.597	0.597	0.597	0.597	0.597	0.597	0.597	0.597	0.597	0.597	0.597	0.597	0.597	0.597	0.597	0.597	0.597	0.597	0.597	0.597	0.597	
0.597	0.597	0.597	0.597	0.597	0.597	0.597	0.597	0.597	0.597	0.597	0.597	0.597	0.597	0.597	0.597	0.597	0.597	0.597	0.597	0.597	0.597	0.597	0.597	
0.597	0.597	0.597	0.597	0.597	0.597	0.597	0.597	0.597	0.597	0.597	0.597	0.597	0.597	0.597	0.597	0.597	0.597	0.597	0.597	0.597	0.597	0.597	0.597	
0.597	0.597	0.597	0.597	0.597	0.597	0.597	0.597	0.597	0.597	0.597	0.597	0.597	0.597	0.597	0.597	0.597	0.597	0.597	0.597	0.597	0.597	0.597	0.597	
0.597	0.597	0.597	0.597	0.597	0.597	0.597	0.597	0.597	0.597	0.597	0.597	0.597	0.597	0.597	0.597	0.597	0.597	0.597	0.597	0.597	0.597	0.597	0.597	
0.597	0.597	0.597	0.597	0.597	0.597	0.597	0.597	0.597	0.597	0.597	0.597	0.597	0.597	0.597	0.597	0.597	0.597	0.597	0.597	0.597	0.597	0.597	0.597	
0.497	0.497	0.497	0.497	0.497	0.497	0.497	0.497	0.497	0.497	0.497	0.497	0.497	0.497	0.497	0.497	0.497	0.497	0.497	0.497	0.497	0.497	0.497	0.497	
0.497	0.497	0.497	0.497	0.497	0.497	0.497	0.497	0.497	0.497	0.497	0.497	0.497	0.497	0.497	0.497	0.497	0.497	0.497	0.497	0.497	0.497	0.497	0.497	
0.497	0.497	0.497	0.497	0.497	0.497	0.497	0.497	0.497	0.497	0.497	0.497	0.497	0.497	0.497	0.497	0.497	0.497	0.497	0.497	0.497	0.497	0.497	0.497	
0.497	0.497	0.497	0.497	0.497	0.497	0.497	0.497	0.497	0.497	0.497	0.497	0.497	0.497	0.497	0.497	0.497	0.497	0.497	0.497	0.497	0.497	0.497	0.497	
0.497	0.497	0.497	0.497	0.497	0.497	0.497	0.497	0.497	0.497	0.497	0.497	0.497	0.497	0.497	0.497	0.497	0.497	0.497	0.497	0.497	0.497	0.497	0.497	
0.497	0.497	0.497	0.497	0.497	0.497	0.497	0.497	0.497	0.497	0.497	0.497	0.497	0.497	0.497	0.497	0.497	0.497	0.497	0.497	0.497	0.497	0.497	0.497	
0.497	0.497	0.497	0.497	0.497	0.497	0.497	0.497	0.497	0.497	0.497	0.497	0.497	0.497	0.497	0.497	0.497	0.497	0.497	0.497	0.497	0.497	0.497	0.497	
0.497	0.497	0.497	0.497	0.497	0.497	0.497	0.497	0.497	0.497	0.497	0.497	0.497	0.497	0.497	0.497	0.497	0.497	0.497	0.497	0.497	0.497	0.497	0.497	
0.497	0.497	0.497	0.497	0.497	0.497	0.497	0.497	0.497	0.497	0.497	0.497	0.497	0.497	0.497	0.497	0.497	0.497	0.497	0.497	0.497	0.497	0.497	0.497	
0.497	0.497	0.497	0.497	0.497	0.497	0.497	0.497	0.497	0.497	0.497	0.497	0.497	0.497	0.497	0.497	0.497	0.497	0.497	0.497	0.497	0.497	0.497	0.497	
0.497	0.497	0.497	0.497	0.497	0.497	0.497	0.497	0.497	0.497	0.497	0.497	0.497	0.497	0.497	0.497	0.497	0.497	0.497	0.497	0.497	0.497	0.497	0.497	
0.497	0.497	0.497	0.497	0.497	0.497	0.497	0.497	0.497	0.497	0.497	0.497	0.497	0.497	0.497	0.497	0.497	0.497	0.497	0.497	0.497	0.497	0.497	0.497	
0.497	0.497	0.497	0.497	0.497	0.497	0.497	0.497	0.497	0.497	0.497	0.497	0.497	0.497	0.497	0.497	0.497	0.497	0.497	0.497	0.497	0.497	0.497	0.497	
0.497	0.497	0.497	0.497	0.497	0.497	0.497	0.497	0.497	0.497	0.497	0.497	0.497	0.497	0.497	0.497	0.497	0.497	0.497	0.497	0.497	0.497	0.497	0.497	
0.497	0.497	0.497	0.497	0.497	0.497	0.497	0.497	0.497	0.497	0.497	0.497	0.497	0.497	0.497	0.497	0.497	0.497	0.497	0.497	0.497	0.497	0.497	0.497	
0.497	0.497	0.497	0.497	0.497	0.497	0.497	0.497	0.497	0.497	0.497	0.497	0.497	0.497	0.497	0.497	0.497	0.497	0.497	0.497	0.497	0.497	0.497	0.497	
0.497	0.497	0.497	0.497	0.497	0.497	0.497	0.497	0.497	0.497	0.497	0.497	0.497	0.497	0.497	0.497	0.497	0.497	0.497	0.497	0.497	0.497	0.497	0.497	
0.497	0.497	0.497	0.497	0.497	0.497	0.497	0.497	0.497	0.497	0.497	0.497	0.497	0.497	0.497	0.497	0.497	0.497	0.497	0.497	0.497	0.497	0.497	0.497	
0.497	0.497	0.497	0.497	0.497	0.497	0.497	0.497	0.497	0.497	0.497	0.497	0.497	0.497	0.497	0.497	0.497	0.497	0.497	0.497	0.497	0.497	0.497	0.497	
0.497	0.497	0.497	0.497	0.497	0.497	0.497	0.497	0.497	0.497	0.497	0.497	0.497	0.497	0.497	0.497	0.497	0.497	0.497	0.497	0.497	0.497	0.497	0.497	
0.497	0.497	0.497	0.497	0.497	0.497	0.497	0.497	0.497	0.497	0.497	0.497	0.497	0.497	0.497	0.497	0.497	0.497	0.497	0.497	0.497	0.497	0.497	0.497	
0.398	0.398	0.398	0.398	0.398	0.398	0.398	0.398	0.398	0.398	0.398	0.398	0.398	0.398	0.398	0.398	0.398	0.398	0.398	0.398	0.398	0.398	0.398	0.398	
0.398	0.398	0.398	0.398	0.398	0.398	0.398	0.398	0.398	0.398	0.398	0.398	0.398	0.398	0.398	0.398	0.398	0.398	0.398	0.398	0.398	0.398	0.398	0.398	
0.398	0.398	0.398	0.398	0.398	0.398	0.398	0.398	0.398	0.398	0.398	0.398	0.398	0.398	0.398	0.398	0.398	0.398	0.398	0.398	0.398	0.398	0.398	0.398	
0.398	0.398	0.398	0.398	0.398	0.398	0.398	0.398	0.398	0.398	0.398	0.398	0.398	0.398	0.398	0.398	0.398	0.398	0.398	0.398	0.398	0.398	0.398	0.398	
0.398	0.398	0.398	0.398	0.398	0.398	0.398	0.398	0.398	0.398	0.398	0.398	0.398	0.398	0.398	0.398	0.398	0.398	0.398	0.398	0.398	0.398	0.398	0.398	
0.398	0.398	0.398	0.398	0.398	0.398	0.398	0.398	0.398	0.398	0.398	0.398	0.398	0.398	0.398	0.398	0.398	0.398	0.398	0.398	0.398	0.398	0.398	0.398	
0.398	0.398	0.398	0.398	0.398	0.398	0.398	0.398	0.398	0.398	0.398	0.398	0.398	0.398	0.398	0.398	0.398	0.398	0.398	0.398	0.398	0.398	0.398	0.398	
0.398	0.398	0.398	0.398	0.398	0.398	0.398	0.398	0.398	0.398	0.398	0.398	0.398	0.398	0.398	0.398	0.398	0.398	0.398	0.398	0.398	0.398	0.398	0.398	
0.398	0.398	0.398	0.398	0.398	0.398	0.398	0.398	0.398	0.398	0.398	0.398	0.398	0.398	0.398	0.398	0.398	0.398	0.398	0.398	0.398	0.398	0.398	0.398	
0.398	0.398	0.398	0.398	0.398	0.398	0.398	0.398	0.398	0.398	0.398	0.398	0.398	0.398	0.398	0.398	0.398	0.398	0.398	0.398	0.398	0.398	0.398	0.398	
0.398	0.398	0.398	0.398	0.398	0.398	0.398	0.398	0.398	0.398	0.398	0.398	0.398	0.398	0.398	0.398	0.398	0.398	0.398	0.398	0.398	0.398	0.398	0.398	
0.398	0.398	0.398	0.398	0.398	0.398	0.398	0.398	0.398	0.398	0.398	0.398	0.398	0.398	0.398	0.398	0.398	0.398	0.398	0.398	0.398	0.398	0.398	0.398	
0.398	0.398	0.398	0.398	0.398	0.398	0.398	0.398	0.398	0.398	0.398	0.398	0.398	0.398	0.398	0.398	0.398	0.398	0.398	0.398	0.398	0.398	0.398	0.398	
0.398	0.398	0.398	0.398	0.398	0.398	0.398	0.398	0.398	0.398	0.398	0.398	0.398	0.398	0.398	0.398	0.398	0.398	0.398	0.398	0.398	0.398	0.398	0.398	
0.398	0.398	0.398	0.398	0.398	0.398	0.398	0.398	0.398	0.398	0.398	0.398	0.398	0.398	0.398	0.398	0.398	0.398	0.398	0.398	0.398	0.398	0.398	0.398	
0.398	0.398	0.398	0.398	0.398	0.398	0.398	0.398	0.398	0.398	0.398	0.398	0.398	0.398	0.398	0.398	0.398	0.398	0.398	0.398	0.398	0.398	0.398	0.398	
0.398	0.398	0.398	0.398	0.398	0.398	0.398	0.398	0.398	0.398	0.398	0.398	0.398	0.398	0.398	0.398	0.398	0.398	0.398	0.398	0.398	0.398	0.398	0.398	
0.398	0.398	0.398	0.398	0.398	0.398	0.398	0.398	0.398	0.398	0.398	0.398	0.398	0.398	0.398	0.398	0.398	0.398	0.398	0.398	0.398	0.398	0.398	0.398	
0.398	0.398	0.398	0.398	0.398	0.398	0.398	0.398	0.398	0.398	0.398	0.398	0.398	0.398	0.398	0.398	0.398	0.398	0.398	0.398	0.398	0.398	0.398	0.398	
0.398	0.398	0.398	0.398	0.398	0.398	0.398	0.398	0.398	0.398	0.398	0.398	0.398	0.398	0.398	0.398	0.398	0.398	0.398	0.398	0.398	0.398	0.398	0.398	
0.398	0.398	0.398	0.398	0.398	0.398	0.398	0.398	0.398	0.398	0.398	0.398	0.398	0.398	0.398	0.398	0.398	0.398	0.398	0.398	0.398	0.398	0.398	0.398	
0.298	0.298	0.298	0.298	0.298	0.298	0.298	0.298	0.298	0.298	0.298	0.298	0.298	0.298	0.298	0.298	0.298	0.298	0.298	0.298	0.298	0.298	0.298	0.298	
0.298	0.298	0.298	0.298	0.298	0.298	0.298	0.298	0.298	0.298	0.298	0.298	0.298	0.298	0.298	0.298	0.298	0.298	0.298	0.298	0.298	0.298	0.298	0.298	
0.298	0.298	0.298	0.298	0.298	0.298	0.298	0.298	0.298	0.298	0.298	0.298	0.298	0.298	0.298	0.298	0.298	0.298	0.298	0.298	0.298	0.298	0.298	0.298	
0.298	0.298	0.298	0.298	0.298	0.298	0.298	0.298	0.298	0.298	0.298	0.298	0.298	0.298	0.298	0.298	0.298	0.298	0.298	0.298	0.298	0.298	0.298	0.298	
0.298	0.298	0.298	0.298	0.298	0.298	0.298	0.298	0.298	0.298	0.298	0.298	0.298	0.298	0.298	0.298	0.298	0.298	0.298	0.298	0.298	0.298	0.298	0.298	
0.298	0.298	0.298	0.298	0.298	0.298	0.298	0.298	0.298	0.298	0.298	0.298	0.298	0.298	0.298	0.298	0.298	0.298	0.298	0.298	0.298	0.298	0.298	0.298	
0.298	0.298	0.298	0.298	0.298	0.298	0.298	0.298	0.298	0.298	0.298	0.298	0.298	0.298	0.298	0.298	0.298	0.298	0.298	0.298	0.298	0.298	0.298	0.298	
0.298	0.298	0.298	0.298	0.298	0.298	0.298	0.298	0.298	0.298	0.298	0.298	0.298	0.298	0.298	0.298	0.298	0.298	0.298	0.298	0.298	0.298	0.298	0.298	
0.298	0.298	0.298	0.298	0.298	0.298	0.298	0.298	0.298	0.298	0.298	0.298	0.298	0.298	0.298	0.298	0.298	0.298	0.298	0.298	0.298	0.298	0.298	0.298	
0.298	0.298	0.298	0.298	0.298	0.298	0.298	0.298	0.298	0.298	0.298	0.298	0.298	0.298	0.298	0.298	0.298	0.298	0.298	0.298	0.298	0.298	0.298	0.298	
0.298	0.298	0.298	0.298	0.298	0.298	0.298	0.298	0.298	0.298	0.298	0.298	0.298	0.298	0.298	0.298	0.298	0.298	0.298	0.298	0.298	0.298	0.298	0.298	
0.298	0.298	0.298	0.298	0.298	0.298	0.298	0.298	0.298	0.298	0.298	0.298	0.298	0.298	0.298	0.298	0.298	0.298	0.298	0.298	0.298	0.298	0.298	0.298	
0.298	0.298	0.298	0.298	0.298	0.298	0.298	0.298	0.298	0.298	0.298	0.298	0.298	0.298	0.298	0.298	0.298	0.298	0.298	0.298	0.298	0.298	0.298	0.298	
0.298	0.298	0.298	0.298	0.298	0.298	0.298	0.298	0.298	0.298	0.298	0.298	0.298	0.298	0.298	0.298	0.298	0.298	0.298	0.298	0.298	0.298	0.298	0.298	
0.298	0.298	0.298	0.298	0.298	0.298	0.298	0.298	0.298	0.298	0.298	0.298	0.298	0.298	0.298	0.298	0.298	0.298	0.298	0.298	0.298	0.298	0.298	0.298	
0.298	0.298	0.298	0.298	0.298	0.298	0.298	0.298	0.298	0.298	0.298	0.298	0.298	0.298	0.298	0.298	0.298	0.298	0.298	0.298	0.298	0.298	0.298	0.298	
0.298	0.298	0.298	0.298	0.298	0.298	0.298	0.298	0.298	0.298	0.298	0.298	0.298	0.298	0.298	0.298	0.298	0.298	0.298	0.298	0.298	0.298	0.298	0.298	
0.298	0.298	0.298	0.298	0.298	0.298	0.298	0.298	0.298	0.298	0.298	0.298	0.298	0.298	0.298	0.298	0.298	0.298	0.298	0.298	0.298	0.298	0.298	0.298	
0.298	0.298	0.298	0.298	0.298	0.298	0.298	0.298	0.298	0.298	0.298	0.298	0.298	0.298	0.298	0.298	0.298	0.298	0.298	0.298	0.298	0.298	0.298	0.298	
0.298	0.298	0.298	0.298	0.298	0.298	0.298	0.298	0.298	0.298	0.298	0.298	0.298	0.298	0.298	0.298	0.298	0.298	0.298	0.298	0.298	0.298	0.298	0.298	
0.298	0.298	0.298	0.298	0.298	0.298	0.298	0.298	0.298	0.298	0.298	0.298	0.298	0.298	0.298	0.298	0.298	0.298	0.298	0.298	0.298	0.298	0.298	0.298	
0.199	0.199	0.199	0.199	0.199	0.199	0.199	0.199	0.199	0.199	0.199	0.199	0.199	0.199	0.199	0.199	0.199	0.199	0.199	0.199	0.199	0.199	0.199	0.199	
0.199	0.199	0.199	0.199	0.199	0.199	0.199	0.199	0.199	0.199	0.199	0.199	0.199	0.199	0.199	0.199	0.199	0.199	0.199	0.199	0.199	0.199	0.199	0.199	
0.199	0.199	0.199	0.199	0.199	0.199	0.199	0.199	0.199	0.199	0.199	0.199	0.199	0.199	0.199	0.199	0.199	0.199	0.199	0.199	0.199	0.199	0.199	0.199	
0.199	0.199	0.199	0.199	0.199	0.199	0.199	0.199	0.199	0.199	0.199	0.199	0.199	0.199	0.199	0.199	0.199	0.199	0.199	0.199	0.199	0.199	0.199	0.199	
0.199	0.199	0.199	0.199	0.199	0.199	0.199	0.199	0.199	0.199	0.199	0.199	0.199	0.199	0.199	0.199	0.199	0.199	0.199	0.199	0.199	0.199	0.199	0.199	
0.199	0.199	0.199	0.199	0.199	0.199	0.199	0.199	0.199	0.199	0.199	0.199	0.199	0.199	0.199	0.199	0.199	0.199	0.199	0.199	0.199	0.199	0.199	0.199	
0.199	0.199	0.199	0.199	0.199	0.199	0.199	0.199	0.199	0.199	0.199	0.199	0.199	0.199	0.199	0.199	0.199	0.199	0.199	0.199	0.199	0.199	0.199	0.199	
0.199	0.199	0.199	0.199	0.199	0.199	0.199	0.199	0.199	0.199	0.199	0.199	0.199	0.199	0.199	0.199	0.199	0.199	0.199	0.199	0.199	0.199	0.199	0.199	
0.199	0.199	0.199	0.199	0.199	0.199	0.199	0.199	0.199	0.199	0.199	0.199	0.199	0.199	0.199	0.199	0.199	0.199	0.199	0.199	0.199	0.199	0.199	0.199	
0.199	0.199	0.199	0.199	0.199	0.199	0.199	0.199	0.199	0.199	0.199	0.199	0.199	0.199	0.199	0.199	0.199	0.199	0.199	0.199	0.199	0.199	0.199	0.199	
0.199	0.199	0.199	0.199	0.199	0.199	0.199	0.199	0.199	0.199	0.199	0.199	0.199	0.199	0.199	0.199	0.199	0.199	0.199	0.199	0.199	0.199	0.199	0.199	
0.199	0.199	0.199	0.199	0.199	0.199	0.199	0.199	0.199	0.199	0.199	0.199	0.199	0.199	0.199	0.199	0.199	0.199	0.199	0.199	0.199	0.199	0.199	0.199	
0.199	0.199	0.199	0.199	0.199	0.199	0.199	0.199	0.199	0.199	0.199	0.199	0.199	0.199	0.199	0.199	0.199	0.199	0.199	0.199	0.199	0.199	0.199	0.199	
0.199	0.199	0.199	0.199	0.199	0.199	0.199	0.199	0.199	0.199	0.199	0.199	0.199	0.199	0.199	0.199	0.199	0.199	0.199	0.199	0.199	0.199	0.199	0.199	
0.199	0.199	0.199	0.199	0.199	0.199	0.199	0.199	0.199	0.199	0.199	0.199	0.199	0.199	0.199	0.199	0.199	0.199	0.199	0.199	0.199	0.199	0.199	0.199	
0.199	0.199	0.199	0.199	0.199	0.199	0.199	0.199	0.199	0.199	0.199	0.199	0.199	0.199	0.199	0.199	0.199	0.199	0.199	0.199	0.199	0.199	0.199	0.199	
0.199	0.199	0.199	0.199	0.199	0.199	0.199	0.199	0.199	0.199	0.199	0.199	0.199	0.199	0.199	0.199	0.199	0.199	0.199	0.199	0.199	0.199	0.199	0.199	
0.199	0.199	0.199	0.199	0.199	0.199	0.199	0.199	0.199	0.199	0.199	0.199	0.199	0.199	0.199	0.199	0.199	0.199	0.199	0.199	0.199	0.199	0.199	0.199	
0.199	0.199	0.199	0.199	0.199	0.199	0.199	0.199	0.199	0.199	0.199	0.199	0.199	0.199	0.199	0.199	0.199	0.199	0.199	0.199	0.199	0.199	0.199	0.199	
0.199	0.199	0.199	0.199	0.199	0.199	0.199	0.199	0.199	0.199	0.199	0.199	0.199	0.199	0.199	0.199	0.199	0.199	0.199	0.199	0.199	0.199	0.199	0.199	
0.199	0.199	0.199	0.199	0.199	0.199	0.199	0.199	0.199	0.199	0.199	0.199	0.199	0.199	0.199	0.199	0.199	0.199	0.199	0.199	0.199	0.199	0.199	0.199	
0.0995	0.0995	0.0995	0.0995	0.0995	0.0995	0.0995	0.0995	0.0995	0.0995	0.0995	0.0995	0.0995	0.0995	0.0995	0.0995	0.0995	0.0995	0.0995	0.0995	0.0995	0.0995	0.0995	0.0995	
0.0995	0.0995	0.0995	0.0995	0.0995	0.0995	0.0995	0.0995	0.0995	0.0995	0.0995	0.0995	0.0995	0.0995	0.0995	0.0995	0.0995	0.0995	0.0995	0.0995	0.0995	0.0995	0.0995	0.0995	
0.0995	0.0995	0.0995	0.0995	0.0995	0.0995	0.0995	0.0995	0.0995	0.0995	0.0995	0.0995	0.0995	0.0995	0.0995	0.0995	0.0995	0.0995	0.0995	0.0995	0.0995	0.0995	0.0995	0.0995	
0.0995	0.0995	0.0995	0.0995	0.0995	0.0995	0.0995	0.0995	0.0995	0.0995	0.0995	0.0995	0.0995	0.0995	0.0995	0.0995	0.0995	0.0995	0.0995	0.0995	0.0995	0.0995	0.0995	0.0995	
0.0995	0.0995	0.0995	0.0995	0.0995	0.0995	0.0995	0.0995	0.0995	0.0995	0.0995	0.0995	0.0995	0.0995	0.0995	0.0995	0.0995	0.0995	0.0995	0.0995	0.0995	0.0995	0.0995	0.0995	
0.0995	0.0995	0.0995	0.0995	0.0995	0.0995	0.0995	0.0995	0.0995	0.0995	0.0995	0.0995	0.0995	0.0995	0.0995	0.0995	0.0995	0.0995	0.0995	0.0995	0.0995	0.0995	0.0995	0.0995	
0.0995	0.0995	0.0995	0.0995	0.0995	0.0995	0.0995	0.0995	0.0995	0.0995	0.0995	0.0995	0.0995	0.0995	0.0995	0.0995	0.0995	0.0995	0.0995	0.0995	0.0995	0.0995	0.0995	0.0995	
0.0995	0.0995	0.0995	0.0995	0.0995	0.0995	0.0995	0.0995	0.0995	0.0995	0.0995	0.0995	0.0995	0.0995	0.0995	0.0995	0.0995	0.0995	0.0995	0.0995	0.0995	0.0995	0.0995	0.0995	
0.0995	0.0995	0.0995	0.0995	0.0995	0.0995	0.0995	0.0995	0.0995	0.0995	0.0995	0.0995	0.0995	0.0995	0.0995	0.0995	0.0995	0.0995	0.0995	0.0995	0.0995	0.0995	0.0995	0.0995	
0.0995	0.0995	0.0995	0.0995	0.0995	0.0995	0.0995	0.0995	0.0995	0.0995	0.0995	0.0995	0.0995	0.0995	0.0995	0.0995	0.0995	0.0995	0.0995	0.0995	0.0995	0.0995	0.0995	0.0995	
0.0995	0.0995	0.0995	0.0995	0.0995	0.0995	0.0995	0.0995	0.0995	0.0995	0.0995	0.0995	0.0995	0.0995	0.0995	0.0995	0.0995	0.0995	0.0995	0.0995	0.0995	0.0995	0.0995	0.0995	
0.0995	0.0995	0.0995	0.0995	0.0995	0.0995	0.0995	0.0995	0.0995	0.0995	0.0995	0.0995	0.0995	0.0995	0.0995	0.0995	0.0995	0.0995	0.0995	0.0995	0.0995	0.0995	0.0995	0.0995	
0.0995	0.0995	0.0995	0.0995	0.0995	0.0995	0.0995	0.0995	0.0995	0.0995	0.0995	0.0995	0.0995	0.0995	0.0995	0.0995	0.0995	0.0995	0.0995	0.0995	0.0995	0.0995	0.0995	0.0995	
0.0995	0.0995	0.0995	0.0995	0.0995	0.0995	0.0995	0.0995	0.0995	0.0995	0.0995	0.0995	0.0995	0.0995	0.0995	0.0995	0.0995	0.0995	0.0995	0.0995	0.0995	0.0995	0.0995	0.0995	
0.0995	0.0995	0.0995	0.0995	0.0995	0.0995	0.0995	0.0995	0.0995	0.0995	0.0995	0.0995	0.0995	0.0995	0.0995	0.0995	0.0995	0.0995	0.0995	0.0995	0.0995	0.0995	0.0995	0.0995	
0.0995	0.0995	0.0995	0.0995	0.0995	0.0995	0.0995	0.0995	0.0995	0.0995	0.0995	0.0995	0.0995	0.0995	0.0995	0.0995	0.0995	0.0995	0.0995	0.0995	0.0995	0.0995	0.0995	0.0995	
0.0995	0.0995	0.0995	0.0995	0.0995	0.0995	0.0995	0.0995	0.0995	0.0995	0.0995	0.0995	0.0995	0.0995	0.0995	0.0995	0.0995	0.0995	0.0995	0.0995	0.0995	0.0995	0.0995	0.0995	
0.0995	0.0995	0.0995	0.0995	0.0995	0.0995	0.0995	0.0995	0.0995	0.0995	0.0995	0.0995	0.0995	0.0995	0.0995	0.0995	0.0995	0.0995	0.0995	0.0995	0.0995	0.0995	0.0995	0.0995	
0.0995	0.0995	0.0995	0.0995	0.0995	0.0995	0.0995	0.0995	0.0995	0.0995	0.0995	0.0995	0.0995	0.0995	0.0995	0.0995	0.0995	0.0995	0.0995	0.0995	0.0995	0.0995	0.0995	0.0995	
0.0995	0.0995	0.0995	0.0995	0.0995	0.0995	0.0995	0.0995	0.0995	0.0995	0.0995	0.0995	0.0995	0.0995	0.0995	0.0995	0.0995	0.0995	0.0995	0.0995	0.0995	0.0995	0.0995	0.0995	
0.0995	0.0995	0.0995	0.0995	0.0995	0.0995	0.0995	0.0995	0.0995	0.0995	0.0995	0.0995	0.0995	0.0995	0.0995	0.0995	0.0995	0.0995	0.0995	0.0995	0.0995	0.0995	0.0995	0.0995	
0	0	0	0	0	0	0	0	0	0	0	0	0	0	0	0	0	0	0	0	0	0	0	0	
0	0	0	0	0	0	0	0	0	0	0	0	0	0	0	0	0	0	0	0	0	0	0	0	
0	0	0	0	0	0	0	0	0	0	0	0	0	0	0	0	0	0	0	0	0	0	0	0	
0	0	0	0	0	0	0	0	0	0	0	0	0	0	0	0	0	0	0	0	0	0	0	0	
0	0	0	0	0	0	0	0	0	0	0	0	0	0	0	0	0	0	0	0	0	0	0	0	
0	0	0	0	0	0	0	0	0	0	0	0	0	0	0	0	0	0	0	0	0	0	0	0	
0	0	0	0	0	0	0	0	0	0	0	0	0	0	0	0	0	0	0	0	0	0	0	0	
0	0	0	0	0	0	0	0	0	0	0	0	0	0	0	0	0	0	0	0	0	0	0	0	
0	0	0	0	0	0	0	0	0	0	0	0	0	0	0	0	0	0	0	0	0	0	0	0	
0	0	0	0	0	0	0	0	0	0	0	0	0	0	0	0	0	0	0	0	0	0	0	0	
0	0	0	0	0	0	0	0	0	0	0	0	0	0	0	0	0	0	0	0	0	0	0	0	
0	0	0	0	0	0	0	0	0	0	0	0	0	0	0	0	0	0	0	0	0	0	0	0	
0	0	0	0	0	0	0	0	0	0	0	0	0	0	0	0	0	0	0	0	0	0	0	0	
0	0	0	0	0	0	0	0	0	0	0	0	0	0	0	0	0	0	0	0	0	0	0	0	
0	0	0	0	0	0	0	0	0	0	0	0	0	0	0	0	0	0	0	0	0	0	0	0	
0	0	0	0	0	0	0	0	0	0	0	0	0	0	0	0	0	0	0	0	0	0	0	0	
0	0	0	0	0	0	0	0	0	0	0	0	0	0	0	0	0	0	0	0	0	0	0	0	
0	0	0	0	0	0	0	0	0	0	0	0	0	0	0	0	0	0	0	0	0	0	0	0	
0	0	0	0	0	0	0	0	0	0	0	0	0	0	0	0	0	0	0	0	0	0	0	0	
0	0	0	0	0	0	0	0	0	0	0	0	0	0	0	0	0	0	0	0	0	0	0	0	
0	0	0	0	0	0	0	0	0	0	0	0	0	0	0	0	0	0	0	0	0	0	0	0	
-0.0995	-0.0995	-0.0995	-0.0995	-0.0995	-0.0995	-0.0995	-0.0995	-0.0995	-0.0995	-0.0995	-0.0995	-0.0995	-0.0995	-0.0995	-0.0995	-0.0995	-0.0995	-0.0995	-0.0995	-0.0995	-0.0995	-0.0995	-0.0995	
-0.0995	-0.0995	-0.0995	-0.0995	-0.0995	-0.0995	-0.0995	-0.0995	-0.0995	-0.0995	-0.0995	-0.0995	-0.0995	-0.0995	-0.0995	-0.0995	-0.0995	-0.0995	-0.0995	-0.0995	-0.0995	-0.0995	-0.0995	-0.0995	
-0.0995	-0.0995	-0.0995	-0.0995	-0.0995	-0.0995	-0.0995	-0.0995	-0.0995	-0.0995	-0.0995	-0.0995	-0.0995	-0.0995	-0.0995	-0.0995	-0.0995	-0.0995	-0.0995	-0.0995	-0.0995	-0.0995	-0.0995	-0.0995	
-0.0995	-0.0995	-0.0995	-0.0995	-0.0995	-0.0995	-0.0995	-0.0995	-0.0995	-0.0995	-0.0995	-0.0995	-0.0995	-0.0995	-0.0995	-0.0995	-0.0995	-0.0995	-0.0995	-0.0995	-0.0995	-0.0995	-0.0995	-0.0995	
-0.0995	-0.0995	-0.0995	-0.0995	-0.0995	-0.0995	-0.0995	-0.0995	-0.0995	-0.0995	-0.0995	-0.0995	-0.0995	-0.0995	-0.0995	-0.0995	-0.0995	-0.0995	-0.0995	-0.0995	-0.0995	-0.0995	-0.0995	-0.0995	
-0.0995	-0.0995	-0.0995	-0.0995	-0.0995	-0.0995	-0.0995	-0.0995	-0.0995	-0.0995	-0.0995	-0.0995	-0.0995	-0.0995	-0.0995	-0.0995	-0.0995	-0.0995	-0.0995	-0.0995	-0.0995	-0.0995	-0.0995	-0.0995	
-0.0995	-0.0995	-0.0995	-0.0995	-0.0995	-0.0995	-0.0995	-0.0995	-0.0995	-0.0995	-0.0995	-0.0995	-0.0995	-0.0995	-0.0995	-0.0995	-0.0995	-0.0995	-0.0995	-0.0995	-0.0995	-0.0995	-0.0995	-0.0995	
-0.0995	-0.0995	-0.0995	-0.0995	-0.0995	-0.0995	-0.0995	-0.0995	-0.0995	-0.0995	-0.0995	-0.0995	-0.0995	-0.0995	-0.0995	-0.0995	-0.0995	-0.0995	-0.0995	-0.0995	-0.0995	-0.0995	-0.0995	-0.0995	
-0.0995	-0.0995	-0.0995	-0.0995	-0.0995	-0.0995	-0.0995	-0.0995	-0.0995	-0.0995	-0.0995	-0.0995	-0.0995	-0.0995	-0.0995	-0.0995	-0.0995	-0.0995	-0.0995	-0.0995	-0.0995	-0.0995	-0.0995	-0.0995	
-0.0995	-0.0995	-0.0995	-0.0995	-0.0995	-0.0995	-0.0995	-0.0995	-0.0995	-0.0995	-0.0995	-0.0995	-0.0995	-0.0995	-0.0995	-0.0995	-0.0995	-0.0995	-0.0995	-0.0995	-0.0995	-0.0995	-0.0995	-0.0995	
-0.0995	-0.0995	-0.0995	-0.0995	-0.0995	-0.0995	-0.0995	-0.0995	-0.0995	-0.0995	-0.0995	-0.0995	-0.0995	-0.0995	-0.0995	-0.0995	-0.0995	-0.0995	-0.0995	-0.0995	-0.0995	-0.0995	-0.0995	-0.0995	
-0.0995	-0.0995	-0.0995	-0.0995	-0.0995	-0.0995	-0.0995	-0.0995	-0.0995	-0.0995	-0.0995	-0.0995	-0.0995	-0.0995	-0.0995	-0.0995	-0.0995	-0.0995	-0.0995	-0.0995	-0.0995	-0.0995	-0.0995	-0.0995	
-0.0995	-0.0995	-0.0995	-0.0995	-0.0995	-0.0995	-0.0995	-0.0995	-0.0995	-0.0995	-0.0995	-0.0995	-0.0995	-0.0995	-0.0995	-0.0995	-0.0995	-0.0995	-0.0995	-0.0995	-0.0995	-0.0995	-0.0995	-0.0995	
-0.0995	-0.0995	-0.0995	-0.0995	-0.0995	-0.0995	-0.0995	-0.0995	-0.0995	-0.0995	-0.0995	-0.0995	-0.0995	-0.0995	-0.0995	-0.0995	-0.0995	-0.0995	-0.0995	-0.0995	-0.0995	-0.0995	-0.0995	-0.0995	
-0.0995	-0.0995	-0.0995	-0.0995	-0.0995	-0.0995	-0.0995	-0.0995	-0.0995	-0.0995	-0.0995	-0.0995	-0.0995	-0.0995	-0.0995	-0.0995	-0.0995	-0.0995	-0.0995	-0.0995	-0.0995	-0.0995	-0.0995	-0.0995	
-0.0995	-0.0995	-0.0995	-0.0995	-0.0995	-0.0995	-0.0995	-0.0995	-0.0995	-0.0995	-0.0995	-0.0995	-0.0995	-0.0995	-0.0995	-0.0995	-0.0995	-0.0995	-0.0995	-0.0995	-0.0995	-0.0995	-0.0995	-0.0995	
-0.0995	-0.0995	-0.0995	-0.0995	-0.0995	-0.0995	-0.0995	-0.0995	-0.0995	-0.0995	-0.0995	-0.0995	-0.0995	-0.0995	-0.0995	-0.0995	-0.0995	-0.0995	-0.0995	-0.0995	-0.0995	-0.0995	-0.0995	-0.0995	
-0.0995	-0.0995	-0.0995	-0.0995	-0.0995	-0.0995	-0.0995	-0.0995	-0.0995	-0.0995	-0.0995	-0.0995	-0.0995	-0.0995	-0.0995	-0.0995	-0.0995	-0.0995	-0.0995	-0.0995	-0.0995	-0.0995	-0.0995	-0.0995	
-0.0995	-0.0995	-0.0995	-0.0995	-0.0995	-0.0995	-0.0995	-0.0995	-0.0995	-0.0995	-0.0995	-0.0995	-0.0995	-0.0995	-0.0995	-0.0995	-0.0995	-0.0995	-0.0995	-0.0995	-0.0995	-0.0995	-0.0995	-0.0995	
-0.0995	-0.0995	-0.0995	-0.0995	-0.0995	-0.0995	-0.0995	-0.0995	-0.0995	-0.0995	-0.0995	-0.0995	-0.0995	-0.0995	-0.0995	-0.0995	-0.0995	-0.0995	-0.0995	-0.0995	-0.0995	-0.0995	-0.0995	-0.0995	
-0.0995	-0.0995	-0.0995	-0.0995	-0.0995	-0.0995	-0.0995	-0.0995	-0.0995	-0.0995	-0.0995	-0.0995	-0.0995	-0.0995	-0.0995	-0.0995	-0.0995	-0.0995	-0.0995	-0.0995	-0.0995	-0.0995	-0.0995	-0.0995	
-0.199	-0.199	-0.199	-0.199	-0.199	-0.199	-0.199	-0.199	-0.199	-0.199	-0.199	-0.199	-0.199	-0.199	-0.199	-0.199	-0.199	-0.199	-0.199	-0.199	-0.199	-0.199	-0.199	-0.199	
-0.199	-0.199	-0.199	-0.199	-0.199	-0.199	-0.199	-0.199	-0.199	-0.199	-0.199	-0.199	-0.199	-0.199	-0.199	-0.199	-0.199	-0.199	-0.199	-0.199	-0.199	-0.199	-0.199	-0.199	
-0.199	-0.199	-0.199	-0.199	-0.199	-0.199	-0.199	-0.199	-0.199	-0.199	-0.199	-0.199	-0.199	-0.199	-0.199	-0.199	-0.199	-0.199	-0.199	-0.199	-0.199	-0.199	-0.199	-0.199	
-0.199	-0.199	-0.199	-0.199	-0.199	-0.199	-0.199	-0.199	-0.199	-0.199	-0.199	-0.199	-0.199	-0.199	-0.199	-0.199	-0.199	-0.199	-0.199	-0.199	-0.199	-0.199	-0.199	-0.199	
-0.199	-0.199	-0.199	-0.199	-0.199	-0.199	-0.199	-0.199	-0.199	-0.199	-0.199	-0.199	-0.199	-0.199	-0.199	-0.199	-0.199	-0.199	-0.199	-0.199	-0.199	-0.199	-0.199	-0.199	
-0.199	-0.199	-0.199	-0.199	-0.199	-0.199	-0.199	-0.199	-0.199	-0.199	-0.199	-0.199	-0.199	-0.199	-0.199	-0.199	-0.199	-0.199	-0.199	-0.199	-0.199	-0.199	-0.199	-0.199	
-0.199	-0.199	-0.199	-0.199	-0.199	-0.199	-0.199	-0.199	-0.199	-0.199	-0.199	-0.199	-0.199	-0.199	-0.199	-0.199	-0.199	-0.199	-0.199	-0.199	-0.199	-0.199	-0.199	-0.199	
-0.199	-0.199	-0.199	-0.199	-0.199	-0.199	-0.199	-0.199	-0.199	-0.199	-0.199	-0.199	-0.199	-0.199	-0.199	-0.199	-0.199	-0.199	-0.199	-0.199	-0.199	-0.199	-0.199	-0.199	
-0.199	-0.199	-0.199	-0.199	-0.199	-0.199	-0.199	-0.199	-0.199	-0.199	-0.199	-0.199	-0.199	-0.199	-0.199	-0.199	-0.199	-0.199	-0.199	-0.199	-0.199	-0.199	-0.199	-0.199	
-0.199	-0.199	-0.199	-0.199	-0.199	-0.199	-0.199	-0.199	-0.199	-0.199	-0.199	-0.199	-0.199	-0.199	-0.199	-0.199	-0.199	-0.199	-0.199	-0.199	-0.199	-0.199	-0.199	-0.199	
-0.199	-0.199	-0.199	-0.199	-0.199	-0.199	-0.199	-0.199	-0.199	-0.199	-0.199	-0.199	-0.199	-0.199	-0.199	-0.199	-0.199	-0.199	-0.199	-0.199	-0.199	-0.199	-0.199	-0.199	
-0.199	-0.199	-0.199	-0.199	-0.199	-0.199	-0.199	-0.199	-0.199	-0.199	-0.199	-0.199	-0.199	-0.199	-0.199	-0.199	-0.199	-0.199	-0.199	-0.199	-0.199	-0.199	-0.199	-0.199	
-0.199	-0.199	-0.199	-0.199	-0.199	-0.199	-0.199	-0.199	-0.199	-0.199	-0.199	-0.199	-0.199	-0.199	-0.199	-0.199	-0.199	-0.199	-0.199	-0.199	-0.199	-0.199	-0.199	-0.199	
-0.199	-0.199	-0.199	-0.199	-0.199	-0.199	-0.199	-0.199	-0.199	-0.199	-0.199	-0.199	-0.199	-0.199	-0.199	-0.199	-0.199	-0.199	-0.199	-0.199	-0.199	-0.199	-0.199	-0.199	
-0.199	-0.199	-0.199	-0.199	-0.199	-0.199	-0.199	-0.199	-0.199	-0.199	-0.199	-0.199	-0.199	-0.199	-0.199	-0.199	-0.199	-0.199	-0.199	-0.199	-0.199	-0.199	-0.199	-0.199	
-0.199	-0.199	-0.199	-0.199	-0.199	-0.199	-0.199	-0.199	-0.199	-0.199	-0.199	-0.199	-0.199	-0.199	-0.199	-0.199	-0.199	-0.199	-0.199	-0.199	-0.199	-0.199	-0.199	-0.199	
-0.199	-0.199	-0.199	-0.199	-0.199	-0.199	-0.199	-0.199	-0.199	-0.199	-0.199	-0.199	-0.199	-0.199	-0.199	-0.199	-0.199	-0.199	-0.199	-0.199	-0.199	-0.199	-0.199	-0.199	
-0.199	-0.199	-0.199	-0.199	-0.199	-0.199	-0.199	-0.199	-0.199	-0.199	-0.199	-0.199	-0.199	-0.199	-0.199	-0.199	-0.199	-0.199	-0.199	-0.199	-0.199	-0.199	-0.199	-0.199	
-0.199	-0.199	-0.199	-0.199	-0.199	-0.199	-0.199	-0.199	-0.199	-0.199	-0.199	-0.199	-0.199	-0.199	-0.199	-0.199	-0.199	-0.199	-0.199	-0.199	-0.199	-0.199	-0.199	-0.199	
-0.199	-0.199	-0.199	-0.199	-0.199	-0.199	-0.199	-0.199	-0.199	-0.199	-0.199	-0.199	-0.199	-0.199	-0.199	-0.199	-0.199	-0.199	-0.199	-0.199	-0.199	-0.199	-0.199	-0.199	
-0.199	-0.199	-0.199	-0.199	-0.199	-0.199	-0.199	-0.199	-0.199	-0.199	-0.199	-0.199	-0.199	-0.199	-0.199	-0.199	-0.199	-0.199	-0.199	-0.199	-0.199	-0.199	-0.199	-0.199	
-0.298	-0.298	-0.298	-0.298	-0.298	-0.298	-0.298	-0.298	-0.298	-0.298	-0.298	-0.298	-0.298	-0.298	-0.298	-0.298	-0.298	-0.298	-0.298	-0.298	-0.298	-0.298	-0.298	-0.298	
-0.298	-0.298	-0.298	-0.298	-0.298	-0.298	-0.298	-0.298	-0.298	-0.298	-0.298	-0.298	-0.298	-0.298	-0.298	-0.298	-0.298	-0.298	-0.298	-0.298	-0.298	-0.298	-0.298	-0.298	
-0.298	-0.298	-0.298	-0.298	-0.298	-0.298	-0.298	-0.298	-0.298	-0.298	-0.298	-0.298	-0.298	-0.298	-0.298	-0.298	-0.298	-0.298	-0.298	-0.298	-0.298	-0.298	-0.298	-0.298	
-0.298	-0.298	-0.298	-0.298	-0.298	-0.298	-0.298	-0.298	-0.298	-0.298	-0.298	-0.298	-0.298	-0.298	-0.298	-0.298	-0.298	-0.298	-0.298	-0.298	-0.298	-0.298	-0.298	-0.298	
-0.298	-0.298	-0.298	-0.298	-0.298	-0.298	-0.298	-0.298	-0.298	-0.298	-0.298	-0.298	-0.298	-0.298	-0.298	-0.298	-0.298	-0.298	-0.298	-0.298	-0.298	-0.298	-0.298	-0.298	
-0.298	-0.298	-0.298	-0.298	-0.298	-0.298	-0.298	-0.298	-0.298	-0.298	-0.298	-0.298	-0.298	-0.298	-0.298	-0.298	-0.298	-0.298	-0.298	-0.298	-0.298	-0.298	-0.298	-0.298	
-0.298	-0.298	-0.298	-0.298	-0.298	-0.298	-0.298	-0.298	-0.298	-0.298	-0.298	-0.298	-0.298	-0.298	-0.298	-0.298	-0.298	-0.298	-0.298	-0.298	-0.298	-0.298	-0.298	-0.298	
-0.298	-0.298	-0.298	-0.298	-0.298	-0.298	-0.298	-0.298	-0.298	-0.298	-0.298	-0.298	-0.298	-0.298	-0.298	-0.298	-0.298	-0.298	-0.298	-0.298	-0.298	-0.298	-0.298	-0.298	
-0.298	-0.298	-0.298	-0.298	-0.298	-0.298	-0.298	-0.298	-0.298	-0.298	-0.298	-0.298	-0.298	-0.298	-0.298	-0.298	-0.298	-0.298	-0.298	-0.298	-0.298	-0.298	-0.298	-0.298	
-0.298	-0.298	-0.298	-0.298	-0.298	-0.298	-0.298	-0.298	-0.298	-0.298	-0.298	-0.298	-0.298	-0.298	-0.298	-0.298	-0.298	-0.298	-0.298	-0.298	-0.298	-0.298	-0.298	-0.298	
-0.298	-0.298	-0.298	-0.298	-0.298	-0.298	-0.298	-0.298	-0.298	-0.298	-0.298	-0.298	-0.298	-0.298	-0.298	-0.298	-0.298	-0.298	-0.298	-0.298	-0.298	-0.298	-0.298	-0.298	
-0.298	-0.298	-0.298	-0.298	-0.298	-0.298	-0.298	-0.298	-0.298	-0.298	-0.298	-0.298	-0.298	-0.298	-0.298	-0.298	-0.298	-0.298	-0.298	-0.298	-0.298	-0.298	-0.298	-0.298	
-0.298	-0.298	-0.298	-0.298	-0.298	-0.298	-0.298	-0.298	-0.298	-0.298	-0.298	-0.298	-0.298	-0.298	-0.298	-0.298	-0.298	-0.298	-0.298	-0.298	-0.298	-0.298	-0.298	-0.298	
-0.298	-0.298	-0.298	-0.298	-0.298	-0.298	-0.298	-0.298	-0.298	-0.298	-0.298	-0.298	-0.298	-0.298	-0.298	-0.298	-0.298	-0.298	-0.298	-0.298	-0.298	-0.298	-0.298	-0.298	
-0.298	-0.298	-0.298	-0.298	-0.298	-0.298	-0.298	-0.298	-0.298	-0.298	-0.298	-0.298	-0.298	-0.298	-0.298	-0.298	-0.298	-0.298	-0.298	-0.298	-0.298	-0.298	-0.298	-0.298	
-0.298	-0.298	-0.298	-0.298	-0.298	-0.298	-0.298	-0.298	-0.298	-0.298	-0.298	-0.298	-0.298	-0.298	-0.298	-0.298	-0.298	-0.298	-0.298	-0.298	-0.298	-0.298	-0.298	-0.298	
-0.298	-0.298	-0.298	-0.298	-0.298	-0.298	-0.298	-0.298	-0.298	-0.298	-0.298	-0.298	-0.298	-0.298	-0.298	-0.298	-0.298	-0.298	-0.298	-0.298	-0.298	-0.298	-0.298	-0.298	
-0.298	-0.298	-0.298	-0.298	-0.298	-0.298	-0.298	-0.298	-0.298	-0.298	-0.298	-0.298	-0.298	-0.298	-0.298	-0.298	-0.298	-0.298	-0.298	-0.298	-0.298	-0.298	-0.298	-0.298	
-0.298	-0.298	-0.298	-0.298	-0.298	-0.298	-0.298	-0.298	-0.298	-0.298	-0.298	-0.298	-0.298	-0.298	-0.298	-0.298	-0.298	-0.298	-0.298	-0.298	-0.298	-0.298	-0.298	-0.298	
-0.298	-0.298	-0.298	-0.298	-0.298	-0.298	-0.298	-0.298	-0.298	-0.298	-0.298	-0.298	-0.298	-0.298	-0.298	-0.298	-0.298	-0.298	-0.298	-0.298	-0.298	-0.298	-0.298	-0.298	
-0.298	-0.298	-0.298	-0.298	-0.298	-0.298	-0.298	-0.298	-0.298	-0.298	-0.298	-0.298	-0.298	-0.298	-0.298	-0.298	-0.298	-0.298	-0.298	-0.298	-0.298	-0.298	-0.298	-0.298	
-0.398	-0.398	-0.398	-0.398	-0.398	-0.398	-0.398	-0.398	-0.398	-0.398	-0.398	-0.398	-0.398	-0.398	-0.398	-0.398	-0.398	-0.398	-0.398	-0.398	-0.398	-0.398	-0.398	-0.398	
-0.398	-0.398	-0.398	-0.398	-0.398	-0.398	-0.398	-0.398	-0.398	-0.398	-0.398	-0.398	-0.398	-0.398	-0.398	-0.398	-0.398	-0.398	-0.398	-0.398	-0.398	-0.398	-0.398	-0.398	
-0.398	-0.398	-0.398	-0.398	-0.398	-0.398	-0.398	-0.398	-0.398	-0.398	-0.398	-0.398	-0.398	-0.398	-0.398	-0.398	-0.398	-0.398	-0.398	-0.398	-0.398	-0.398	-0.398	-0.398	
-0.398	-0.398	-0.398	-0.398	-0.398	-0.398	-0.398	-0.398	-0.398	-0.398	-0.398	-0.398	-0.398	-0.398	-0.398	-0.398	-0.398	-0.398	-0.398	-0.398	-0.398	-0.398	-0.398	-0.398	
-0.398	-0.398	-0.398	-0.398	-0.398	-0.398	-0.398	-0.398	-0.398	-0.398	-0.398	-0.398	-0.398	-0.398	-0.398	-0.398	-0.398	-0.398	-0.398	-0.398	-0.398	-0.398	-0.398	-0.398	
-0.398	-0.398	-0.398	-0.398	-0.398	-0.398	-0.398	-0.398	-0.398	-0.398	-0.398	-0.398	-0.398	-0.398	-0.398	-0.398	-0.398	-0.398	-0.398	-0.398	-0.398	-0.398	-0.398	-0.398	
-0.398	-0.398	-0.398	-0.398	-0.398	-0.398	-0.398	-0.398	-0.398	-0.398	-0.398	-0.398	-0.398	-0.398	-0.398	-0.398	-0.398	-0.398	-0.398	-0.398	-0.398	-0.398	-0.398	-0.398	
-0.398	-0.398	-0.398	-0.398	-0.398	-0.398	-0.398	-0.398	-0.398	-0.398	-0.398	-0.398	-0.398	-0.398	-0.398	-0.398	-0.398	-0.398	-0.398	-0.398	-0.398	-0.398	-0.398	-0.398	
-0.398	-0.398	-0.398	-0.398	-0.398	-0.398	-0.398	-0.398	-0.398	-0.398	-0.398	-0.398	-0.398	-0.398	-0.398	-0.398	-0.398	-0.398	-0.398	-0.398	-0.398	-0.398	-0.398	-0.398	
-0.398	-0.398	-0.398	-0.398	-0.398	-0.398	-0.398	-0.398	-0.398	-0.398	-0.398	-0.398	-0.398	-0.398	-0.398	-0.398	-0.398	-0.398	-0.398	-0.398	-0.398	-0.398	-0.398	-0.398	
-0.398	-0.398	-0.398	-0.398	-0.398	-0.398	-0.398	-0.398	-0.398	-0.398	-0.398	-0.398	-0.398	-0.398	-0.398	-0.398	-0.398	-0.398	-0.398	-0.398	-0.398	-0.398	-0.398	-0.398	
-0.398	-0.398	-0.398	-0.398	-0.398	-0.398	-0.398	-0.398	-0.398	-0.398	-0.398	-0.398	-0.398	-0.398	-0.398	-0.398	-0.398	-0.398	-0.398	-0.398	-0.398	-0.398	-0.398	-0.398	
-0.398	-0.398	-0.398	-0.398	-0.398	-0.398	-0.398	-0.398	-0.398	-0.398	-0.398	-0.398	-0.398	-0.398	-0.398	-0.398	-0.398	-0.398	-0.398	-0.398	-0.398	-0.398	-0.398	-0.398	
-0.398	-0.398	-0.398	-0.398	-0.398	-0.398	-0.398	-0.398	-0.398	-0.398	-0.398	-0.398	-0.398	-0.398	-0.398	-0.398	-0.398	-0.398	-0.398	-0.398	-0.398	-0.398	-0.398	-0.398	
-0.398	-0.398	-0.398	-0.398	-0.398	-0.398	-0.398	-0.398	-0.398	-0.398	-0.398	-0.398	-0.398	-0.398	-0.398	-0.398	-0.398	-0.398	-0.398	-0.398	-0.398	-0.398	-0.398	-0.398	
-0.398	-0.398	-0.398	-0.398	-0.398	-0.398	-0.398	-0.398	-0.398	-0.398	-0.398	-0.398	-0.398	-0.398	-0.398	-0.398	-0.398	-0.398	-0.398	-0.398	-0.398	-0.398	-0.398	-0.398	
-0.398	-0.398	-0.398	-0.398	-0.398	-0.398	-0.398	-0.398	-0.398	-0.398	-0.398	-0.398	-0.398	-0.398	-0.398	-0.398	-0.398	-0.398	-0.398	-0.398	-0.398	-0.398	-0.398	-0.398	
-0.398	-0.398	-0.398	-0.398	-0.398	-0.398	-0.398	-0.398	-0.398	-0.398	-0.398	-0.398	-0.398	-0.398	-0.398	-0.398	-0.398	-0.398	-0.398	-0.398	-0.398	-0.398	-0.398	-0.398	
-0.398	-0.398	-0.398	-0.398	-0.398	-0.398	-0.398	-0.398	-0.398	-0.398	-0.398	-0.398	-0.398	-0.398	-0.398	-0.398	-0.398	-0.398	-0.398	-0.398	-0.398	-0.398	-0.398	-0.398	
-0.398	-0.398	-0.398	-0.398	-0.398	-0.398	-0.398	-0.398	-0.398	-0.398	-0.398	-0.398	-0.398	-0.398	-0.398	-0.398	-0.398	-0.398	-0.398	-0.398	-0.398	-0.398	-0.398	-0.398	
-0.398	-0.398	-0.398	-0.398	-0.398	-0.398	-0.398	-0.398	-0.398	-0.398	-0.398	-0.398	-0.398	-0.398	-0.398	-0.398	-0.398	-0.398	-0.398	-0.398	-0.398	-0.398	-0.398	-0.398	
-0.497	-0.497	-0.497	-0.497	-0.497	-0.497	-0.497	-0.497	-0.497	-0.497	-0.497	-0.497	-0.497	-0.497	-0.497	-0.497	-0.497	-0.497	-0.497	-0.497	-0.497	-0.497	-0.497	-0.497	
-0.497	-0.497	-0.497	-0.497	-0.497	-0.497	-0.497	-0.497	-0.497	-0.497	-0.497	-0.497	-0.497	-0.497	-0.497	-0.497	-0.497	-0.497	-0.497	-0.497	-0.497	-0.497	-0.497	-0.497	
-0.497	-0.497	-0.497	-0.497	-0.497	-0.497	-0.497	-0.497	-0.497	-0.497	-0.497	-0.497	-0.497	-0.497	-0.497	-0.497	-0.497	-0.497	-0.497	-0.497	-0.497	-0.497	-0.497	-0.497	
-0.497	-0.497	-0.497	-0.497	-0.497	-0.497	-0.497	-0.497	-0.497	-0.497	-0.497	-0.497	-0.497	-0.497	-0.497	-0.497	-0.497	-0.497	-0.497	-0.497	-0.497	-0.497	-0.497	-0.497	
-0.497	-0.497	-0.497	-0.497	-0.497	-0.497	-0.497	-0.497	-0.497	-0.497	-0.497	-0.497	-0.497	-0.497	-0.497	-0.497	-0.497	-0.497	-0.497	-0.497	-0.497	-0.497	-0.497	-0.497	
-0.497	-0.497	-0.497	-0.497	-0.497	-0.497	-0.497	-0.497	-0.497	-0.497	-0.497	-0.497	-0.497	-0.497	-0.497	-0.497	-0.497	-0.497	-0.497	-0.497	-0.497	-0.497	-0.497	-0.497	
-0.497	-0.497	-0.497	-0.497	-0.497	-0.497	-0.497	-0.497	-0.497	-0.497	-0.497	-0.497	-0.497	-0.497	-0.497	-0.497	-0.497	-0.497	-0.497	-0.497	-0.497	-0.497	-0.497	-0.497	
-0.497	-0.497	-0.497	-0.497	-0.497	-0.497	-0.497	-0.497	-0.497	-0.497	-0.497	-0.497	-0.497	-0.497	-0.497	-0.497	-0.497	-0.497	-0.497	-0.497	-0.497	-0.497	-0.497	-0.497	
-0.497	-0.497	-0.497	-0.497	-0.497	-0.497	-0.497	-0.497	-0.497	-0.497	-0.497	-0.497	-0.497	-0.497	-0.497	-0.497	-0.497	-0.497	-0.497	-0.497	-0.497	-0.497	-0.497	-0.497	
-0.497	-0.497	-0.497	-0.497	-0.497	-0.497	-0.497	-0.497	-0.497	-0.497	-0.497	-0.497	-0.497	-0.497	-0.497	-0.497	-0.497	-0.497	-0.497	-0.497	-0.497	-0.497	-0.497	-0.497	
-0.497	-0.497	-0.497	-0.497	-0.497	-0.497	-0.497	-0.497	-0.497	-0.497	-0.497	-0.497	-0.497	-0.497	-0.497	-0.497	-0.497	-0.497	-0.497	-0.497	-0.497	-0.497	-0.497	-0.497	
-0.497	-0.497	-0.497	-0.497	-0.497	-0.497	-0.497	-0.497	-0.497	-0.497	-0.497	-0.497	-0.497	-0.497	-0.497	-0.497	-0.497	-0.497	-0.497	-0.497	-0.497	-0.497	-0.497	-0.497	
-0.497	-0.497	-0.497	-0.497	-0.497	-0.497	-0.497	-0.497	-0.497	-0.497	-0.497	-0.497	-0.497	-0.497	-0.497	-0.497	-0.497	-0.497	-0.497	-0.497	-0.497	-0.497	-0.497	-0.497	
-0.497	-0.497	-0.497	-0.497	-0.497	-0.497	-0.497	-0.497	-0.497	-0.497	-0.497	-0.497	-0.497	-0.497	-0.497	-0.497	-0.497	-0.497	-0.497	-0.497	-0.497	-0.497	-0.497	-0.497	
-0.497	-0.497	-0.497	-0.497	-0.497	-0.497	-0.497	-0.497	-0.497	-0.497	-0.497	-0.497	-0.497	-0.497	-0.497	-0.497	-0.497	-0.497	-0.497	-0.497	-0.497	-0.497	-0.497	-0.497	
-0.497	-0.497	-0.497	-0.497	-0.497	-0.497	-0.497	-0.497	-0.497	-0.497	-0.497	-0.497	-0.497	-0.497	-0.497	-0.497	-0.497	-0.497	-0.497	-0.497	-0.497	-0.497	-0.497	-0.497	
-0.497	-0.497	-0.497	-0.497	-0.497	-0.497	-0.497	-0.497	-0.497	-0.497	-0.497	-0.497	-0.497	-0.497	-0.497	-0.497	-0.497	-0.497	-0.497	-0.497	-0.497	-0.497	-0.497	-0.497	
-0.497	-0.497	-0.497	-0.497	-0.497	-0.497	-0.497	-0.497	-0.497	-0.497	-0.497	-0.497	-0.497	-0.497	-0.497	-0.497	-0.497	-0.497	-0.497	-0.497	-0.497	-0.497	-0.497	-0.497	
-0.497	-0.497	-0.497	-0.497	-0.497	-0.497	-0.497	-0.497	-0.497	-0.497	-0.497	-0.497	-0.497	-0.497	-0.497	-0.497	-0.497	-0.497	-0.497	-0.497	-0.497	-0.497	-0.497	-0.497	
-0.497	-0.497	-0.497	-0.497	-0.497	-0.497	-0.497	-0.497	-0.497	-0.497	-0.497	-0.497	-0.497	-0.497	-0.497	-0.497	-0.497	-0.497	-0.497	-0.497	-0.497	-0.497	-0.497	-0.497	
-0.497	-0.497	-0.497	-0.497	-0.497	-0.497	-0.497	-0.497	-0.497	-0.497	-0.497	-0.497	-0.497	-0.497	-0.497	-0.497	-0.497	-0.497	-0.497	-0.497	-0.497	-0.497	-0.497	-0.497	
-0.597	-0.597	-0.597	-0.597	-0.597	-0.597	-0.597	-0.597	-0.597	-0.597	-0.597	-0.597	-0.597	-0.597	-0.597	-0.597	-0.597	-0.597	-0.597	-0.597	-0.597	-0.597	-0.597	-0.597	
-0.597	-0.597	-0.597	-0.597	-0.597	-0.597	-0.597	-0.597	-0.597	-0.597	-0.597	-0.597	-0.597	-0.597	-0.597	-0.597	-0.597	-0.597	-0.597	-0.597	-0.597	-0.597	-0.597	-0.597	
-0.597	-0.597	-0.597	-0.597	-0.597	-0.597	-0.597	-0.597	-0.597	-0.597	-0.597	-0.597	-0.597	-0.597	-0.597	-0.597	-0.597	-0.597	-0.597	-0.597	-0.597	-0.597	-0.597	-0.597	
-0.597	-0.597	-0.597	-0.597	-0.597	-0.597	-0.597	-0.597	-0.597	-0.597	-0.597	-0.597	-0.597	-0.597	-0.597	-0.597	-0.597	-0.597	-0.597	-0.597	-0.597	-0.597	-0.597	-0.597	
-0.597	-0.597	-0.597	-0.597	-0.597	-0.597	-0.597	-0.597	-0.597	-0.597	-0.597	-0.597	-0.597	-0.597	-0.597	-0.597	-0.597	-0.597	-0.597	-0.597	-0.597	-0.597	-0.597	-0.597	
-0.597	-0.597	-0.597	-0.597	-0.597	-0.597	-0.597	-0.597	-0.597	-0.597	-0.597	-0.597	-0.597	-0.597	-0.597	-0.597	-0.597	-0.597	-0.597	-0.597	-0.597	-0.597	-0.597	-0.597	
-0.597	-0.597	-0.597	-0.597	-0.597	-0.597	-0.597	-0.597	-0.597	-0.597	-0.597	-0.597	-0.597	-0.597	-0.597	-0.597	-0.597	-0.597	-0.597	-0.597	-0.597	-0.597	-0.597	-0.597	
-0.597	-0.597	-0.597	-0.597	-0.597	-0.597	-0.597	-0.597	-0.597	-0.597	-0.597	-0.597	-0.597	-0.597	-0.597	-0.597	-0.597	-0.597	-0.597	-0.597	-0.597	-0.597	-0.597	-0.597	
-0.597	-0.597	-0.597	-0.597	-0.597	-0.597	-0.597	-0.597	-0.597	-0.597	-0.597	-0.597	-0.597	-0.597	-0.597	-0.597	-0.597	-0.597	-0.597	-0.597	-0.597	-0.597	-0.597	-0.597	
-0.597	-0.597	-0.597	-0.597	-0.597	-0.597	-0.597	-0.597	-0.597	-0.597	-0.597	-0.597	-0.597	-0.597	-0.597	-0.597	-0.597	-0.597	-0.597	-0.597	-0.597	-0.597	-0.597	-0.597	
-0.597	-0.597	-0.597	-0.597	-0.597	-0.597	-0.597	-0.597	-0.597	-0.597	-0.597	-0.597	-0.597	-0.597	-0.597	-0.597	-0.597	-0.597	-0.597	-0.597	-0.597	-0.597	-0.597	-0.597	
-0.597	-0.597	-0.597	-0.597	-0.597	-0.597	-0.597	-0.597	-0.597	-0.597	-0.597	-0.597	-0.597	-0.597	-0.597	-0.597	-0.597	-0.597	-0.597	-0.597	-0.597	-0.597	-0.597	-0.597	
-0.597	-0.597	-0.597	-0.597	-0.597	-0.597	-0.597	-0.597	-0.597	-0.597	-0.597	-0.597	-0.597	-0.597	-0.597	-0.597	-0.597	-0.597	-0.597	-0.597	-0.597	-0.597	-0.597	-0.597	
-0.597	-0.597	-0.597	-0.597	-0.597	-0.597	-0.597	-0.597	-0.597	-0.597	-0.597	-0.597	-0.597	-0.597	-0.597	-0.597	-0.597	-0.597	-0.597	-0.597	-0.597	-0.597	-0.597	-0.597	
-0.597	-0.597	-0.597	-0.597	-0.597	-0.597	-0.597	-0.597	-0.597	-0.597	-0.597	-0.597	-0.597	-0.597	-0.597	-0.597	-0.597	-0.597	-0.597	-0.597	-0.597	-0.597	-0.597	-0.597	
-0.597	-0.597	-0.597	-0.597	-0.597	-0.597	-0.597	-0.597	-0.597	-0.597	-0.597	-0.597	-0.597	-0.597	-0.597	-0.597	-0.597	-0.597	-0.597	-0.597	-0.597	-0.597	-0.597	-0.597	
-0.597	-0.597	-0.597	-0.597	-0.597	-0.597	-0.597	-0.597	-0.597	-0.597	-0.597	-0.597	-0.597	-0.597	-0.597	-0.597	-0.597	-0.597	-0.597	-0.597	-0.597	-0.597	-0.597	-0.597	
-0.597	-0.597	-0.597	-0.597	-0.597	-0.597	-0.597	-0.597	-0.597	-0.597	-0.597	-0.597	-0.597	-0.597	-0.597	-0.597	-0.597	-0.597	-0.597	-0.597	-0.597	-0.597	-0.597	-0.597	
-0.597	-0.597	-0.597	-0.597	-0.597	-0.597	-0.597	-0.597	-0.597	-0.597	-0.597	-0.597	-0.597	-0.597	-0.597	-0.597	-0.597	-0.597	-0.597	-0.597	-0.597	-0.597	-0.597	-0.597	
-0.597	-0.597	-0.597	-0.597	-0.597	-0.597	-0.597	-0.597	-0.597	-0.597	-0.597	-0.597	-0.597	-0.597	-0.597	-0.597	-0.597	-0.597	-0.597	-0.597	-0.597	-0.597	-0.597	-0.597	
-0.597	-0.597	-0.597	-0.597	-0.597	-0.597	-0.597	-0.597	-0.597	-0.597	-0.597	-0.597	-0.597	-0.597	-0.597	-0.597	-0.597	-0.597	-0.597	-0.597	-0.597	-0.597	-0.597	-0.597	
-0.696	-0.696	-0.696	-0.696	-0.696	-0.696	-0.696	-0.696	-0.696	-0.696	-0.696	-0.696	-0.696	-0.696	-0.696	-0.696	-0.696	-0.696	-0.696	-0.696	-0.696	-0.696	-0.696	-0.696	
-0.696	-0.696	-0.696	-0.696	-0.696	-0.696	-0.696	-0.696	-0.696	-0.696	-0.696	-0.696	-0.696	-0.696	-0.696	-0.696	-0.696	-0.696	-0.696	-0.696	-0.696	-0.696	-0.696	-0.696	
-0.696	-0.696	-0.696	-0.696	-0.696	-0.696	-0.696	-0.696	-0.696	-0.696	-0.696	-0.696	-0.696	-0.696	-0.696	-0.696	-0.696	-0.696	-0.696	-0.696	-0.696	-0.696	-0.696	-0.696	
-0.696	-0.696	-0.696	-0.696	-0.696	-0.696	-0.696	-0.696	-0.696	-0.696	-0.696	-0.696	-0.696	-0.696	-0.696	-0.696	-0.696	-0.696	-0.696	-0.696	-0.696	-0.696	-0.696	-0.696	
-0.696	-0.696	-0.696	-0.696	-0.696	-0.696	-0.696	-0.696	-0.696	-0.696	-0.696	-0.696	-0.696	-0.696	-0.696	-0.696	-0.696	-0.696	-0.696	-0.696	-0.696	-0.696	-0.696	-0.696	
-0.696	-0.696	-0.696	-0.696	-0.696	-0.696	-0.696	-0.696	-0.696	-0.696	-0.696	-0.696	-0.696	-0.696	-0.696	-0.696	-0.696	-0.696	-0.696	-0.696	-0.696	-0.696	-0.696	-0.696	
-0.696	-0.696	-0.696	-0.696	-0.696	-0.696	-0.696	-0.696	-0.696	-0.696	-0.696	-0.696	-0.696	-0.696	-0.696	-0.696	-0.696	-0.696	-0.696	-0.696	-0.696	-0.696	-0.696	-0.696	
-0.696	-0.696	-0.696	-0.696	-0.696	-0.696	-0.696	-0.696	-0.696	-0.696	-0.696	-0.696	-0.696	-0.696	-0.696	-0.696	-0.696	-0.696	-0.696	-0.696	-0.696	-0.696	-0.696	-0.696	
-0.696	-0.696	-0.696	-0.696	-0.696	-0.696	-0.696	-0.696	-0.696	-0.696	-0.696	-0.696	-0.696	-0.696	-0.696	-0.696	-0.696	-0.696	-0.696	-0.696	-0.696	-0.696	-0.696	-0.696	
-0.696	-0.696	-0.696	-0.696	-0.696	-0.696	-0.696	-0.696	-0.696	-0.696	-0.696	-0.696	-0.696	-0.696	-0.696	-0.696	-0.696	-0.696	-0.696	-0.696	-0.696	-0.696	-0.696	-0.696	
-0.696	-0.696	-0.696	-0.696	-0.696	-0.696	-0.696	-0.696	-0.696	-0.696	-0.696	-0.696	-0.696	-0.696	-0.696	-0.696	-0.696	-0.696	-0.696	-0.696	-0.696	-0.696	-0.696	-0.696	
-0.696	-0.696	-0.696	-0.696	-0.696	-0.696	-0.696	-0.696	-0.696	-0.696	-0.696	-0.696	-0.696	-0.696	-0.696	-0.696	-0.696	-0.696	-0.696	-0.696	-0.696	-0.696	-0.696	-0.696	
-0.696	-0.696	-0.696	-0.696	-0.696	-0.696	-0.696	-0.696	-0.696	-0.696	-0.696	-0.696	-0.696	-0.696	-0.696	-0.696	-0.696	-0.696	-0.696	-0.696	-0.696	-0.696	-0.696	-0.696	
-0.696	-0.696	-0.696	-0.696	-0.696	-0.696	-0.696	-0.696	-0.696	-0.696	-0.696	-0.696	-0.696	-0.696	-0.696	-0.696	-0.696	-0.696	-0.696	-0.696	-0.696	-0.696	-0.696	-0.696	
-0.696	-0.696	-0.696	-0.696	-0.696	-0.696	-0.696	-0.696	-0.696	-0.696	-0.696	-0.696	-0.696	-0.696	-0.696	-0.696	-0.696	-0.696	-0.696	-0.696	-0.696	-0.696	-0.696	-0.696	
-0.696	-0.696	-0.696	-0.696	-0.696	-0.696	-0.696	-0.696	-0.696	-0.696	-0.696	-0.696	-0.696	-0.696	-0.696	-0.696	-0.696	-0.696	-0.696	-0.696	-0.696	-0.696	-0.696	-0.696	
-0.696	-0.696	-0.696	-0.696	-0.696	-0.696	-0.696	-0.696	-0.696	-0.696	-0.696	-0.696	-0.696	-0.696	-0.696	-0.696	-0.696	-0.696	-0.696	-0.696	-0.696	-0.696	-0.696	-0.696	
-0.696	-0.696	-0.696	-0.696	-0.696	-0.696	-0.696	-0.696	-0.696	-0.696	-0.696	-0.696	-0.696	-0.696	-0.696	-0.696	-0.696	-0.696	-0.696	-0.696	-0.696	-0.696	-0.696	-0.696	
-0.696	-0.696	-0.696	-0.696	-0.696	-0.696	-0.696	-0.696	-0.696	-0.696	-0.696	-0.696	-0.696	-0.696	-0.696	-0.696	-0.696	-0.696	-0.696	-0.696	-0.696	-0.696	-0.696	-0.696	
-0.696	-0.696	-0.696	-0.696	-0.696	-0.696	-0.696	-0.696	-0.696	-0.696	-0.696	-0.696	-0.696	-0.696	-0.696	-0.696	-0.696	-0.696	-0.696	-0.696	-0.696	-0.696	-0.696	-0.696	
-0.696	-0.696	-0.696	-0.696	-0.696	-0.696	-0.696	-0.696	-0.696	-0.696	-0.696	-0.696	-0.696	-0.696	-0.696	-0.696	-0.696	-0.696	-0.696	-0.696	-0.696	-0.696	-0.696	-0.696	
-0.796	-0.796	-0.796	-0.796	-0.796	-0.796	-0.796	-0.796	-0.796	-0.796	-0.796	-0.796	-0.796	-0.796	-0.796	-0.796	-0.796	-0.796	-0.796	-0.796	-0.796	-0.796	-0.796	-0.796	
-0.796	-0.796	-0.796	-0.796	-0.796	-0.796	-0.796	-0.796	-0.796	-0.796	-0.796	-0.796	-0.796	-0.796	-0.796	-0.796	-0.796	-0.796	-0.796	-0.796	-0.796	-0.796	-0.796	-0.796	
-0.796	-0.796	-0.796	-0.796	-0.796	-0.796	-0.796	-0.796	-0.796	-0.796	-0.796	-0.796	-0.796	-0.796	-0.796	-0.796	-0.796	-0.796	-0.796	-0.796	-0.796	-0.796	-0.796	-0.796	
-0.796	-0.796	-0.796	-0.796	-0.796	-0.796	-0.796	-0.796	-0.796	-0.796	-0.796	-0.796	-0.796	-0.796	-0.796	-0.796	-0.796	-0.796	-0.796	-0.796	-0.796	-0.796	-0.796	-0.796	
-0.796	-0.796	-0.796	-0.796	-0.796	-0.796	-0.796	-0.796	-0.796	-0.796	-0.796	-0.796	-0.796	-0.796	-0.796	-0.796	-0.796	-0.796	-0.796	-0.796	-0.796	-0.796	-0.796	-0.796	
-0.796	-0.796	-0.796	-0.796	-0.796	-0.796	-0.796	-0.796	-0.796	-0.796	-0.796	-0.796	-0.796	-0.796	-0.796	-0.796	-0.796	-0.796	-0.796	-0.796	-0.796	-0.796	-0.796	-0.796	
-0.796	-0.796	-0.796	-0.796	-0.796	-0.796	-0.796	-0.796	-0.796	-0.796	-0.796	-0.796	-0.796	-0.796	-0.796	-0.796	-0.796	-0.796	-0.796	-0.796	-0.796	-0.796	-0.796	-0.796	
-0.796	-0.796	-0.796	-0.796	-0.796	-0.796	-0.796	-0.796	-0.796	-0.796	-0.796	-0.796	-0.796	-0.796	-0.796	-0.796	-0.796	-0.796	-0.796	-0.796	-0.796	-0.796	-0.796	-0.796	
-0.796	-0.796	-0.796	-0.796	-0.796	-0.796	-0.796	-0.796	-0.796	-0.796	-0.796	-0.796	-0.796	-0.796	-0.796	-0.796	-0.796	-0.796	-0.796	-0.796	-0.796	-0.796	-0.796	-0.796	
-0.796	-0.796	-0.796	-0.796	-0.796	-0.796	-0.796	-0.796	-0.796	-0.796	-0.796	-0.796	-0.796	-0.796	-0.796	-0.796	-0.796	-0.796	-0.796	-0.796	-0.796	-0.796	-0.796	-0.796	
-0.796	-0.796	-0.796	-0.796	-0.796	-0.796	-0.796	-0.796	-0.796	-0.796	-0.796	-0.796	-0.796	-0.796	-0.796	-0.796	-0.796	-0.796	-0.796	-0.796	-0.796	-0.796	-0.796	-0.796	
-0.796	-0.796	-0.796	-0.796	-0.796	-0.796	-0.796	-0.796	-0.796	-0.796	-0.796	-0.796	-0.796	-0.796	-0.796	-0.796	-0.796	-0.796	-0.796	-0.796	-0.796	-0.796	-0.796	-0.796	
-0.796	-0.796	-0.796	-0.796	-0.796	-0.796	-0.796	-0.796	-0.796	-0.796	-0.796	-0.796	-0.796	-0.796	-0.796	-0.796	-0.796	-0.796	-0.796	-0.796	-0.796	-0.796	-0.796	-0.796	
-0.796	-0.796	-0.796	-0.796	-0.796	-0.796	-0.796	-0.796	-0.796	-0.796	-0.796	-0.796	-0.796	-0.796	-0.796	-0.796	-0.796	-0.796	-0.796	-0.796	-0.796	-0.796	-0.796	-0.796	
-0.796	-0.796	-0.796	-0.796	-0.796	-0.796	-0.796	-0.796	-0.796	-0.796	-0.796	-0.796	-0.796	-0.796	-0.796	-0.796	-0.796	-0.796	-0.796	-0.796	-0.796	-0.796	-0.796	-0.796	
-0.796	-0.796	-0.796	-0.796	-0.796	-0.796	-0.796	-0.796	-0.796	-0.796	-0.796	-0.796	-0.796	-0.796	-0.796	-0.796	-0.796	-0.796	-0.796	-0.796	-0.796	-0.796	-0.796	-0.796	
-0.796	-0.796	-0.796	-0.796	-0.796	-0.796	-0.796	-0.796	-0.796	-0.796	-0.796	-0.796	-0.796	-0.796	-0.796	-0.796	-0.796	-0.796	-0.796	-0.796	-0.796	-0.796	-0.796	-0.796	
-0.796	-0.796	-0.796	-0.796	-0.796	-0.796	-0.796	-0.796	-0.796	-0.796	-0.796	-0.796	-0.796	-0.796	-0.796	-0.796	-0.796	-0.796	-0.796	-0.796	-0.796	-0.796	-0.796	-0.796	
-0.796	-0.796	-0.796	-0.796	-0.796	-0.796	-0.796	-0.796	-0.796	-0.796	-0.796	-0.796	-0.796	-0.796	-0.796	-0.796	-0.796	-0.796	-0.796	-0.796	-0.796	-0.796	-0.796	-0.796	
-0.796	-0.796	-0.796	-0.796	-0.796	-0.796	-0.796	-0.796	-0.796	-0.796	-0.796	-0.796	-0.796	-0.796	-0.796	-0.796	-0.796	-0.796	-0.796	-0.796	-0.796	-0.796	-0.796	-0.796	
-0.796	-0.796	-0.796	-0.796	-0.796	-0.796	-0.796	-0.796	-0.796	-0.796	-0.796	-0.796	-0.796	-0.796	-0.796	-0.796	-0.796	-0.796	-0.796	-0.796	-0.796	-0.796	-0.796	-0.796	
-0.895	-0.895	-0.895	-0.895	-0.895	-0.895	-0.895	-0.895	-0.895	-0.895	-0.895	-0.895	-0.895	-0.895	-0.895	-0.895	-0.895	-0.895	-0.895	-0.895	-0.895	-0.895	-0.895	-0.895	
-0.895	-0.895	-0.895	-0.895	-0.895	-0.895	-0.895	-0.895	-0.895	-0.895	-0.895	-0.895	-0.895	-0.895	-0.895	-0.895	-0.895	-0.895	-0.895	-0.895	-0.895	-0.895	-0.895	-0.895	
-0.895	-0.895	-0.895	-0.895	-0.895	-0.895	-0.895	-0.895	-0.895	-0.895	-0.895	-0.895	-0.895	-0.895	-0.895	-0.895	-0.895	-0.895	-0.895	-0.895	-0.895	-0.895	-0.895	-0.895	
-0.895	-0.895	-0.895	-0.895	-0.895	-0.895	-0.895	-0.895	-0.895	-0.895	-0.895	-0.895	-0.895	-0.895	-0.895	-0.895	-0.895	-0.895	-0.895	-0.895	-0.895	-0.895	-0.895	-0.895	
-0.895	-0.895	-0.895	-0.895	-0.895	-0.895	-0.895	-0.895	-0.895	-0.895	-0.895	-0.895	-0.895	-0.895	-0.895	-0.895	-0.895	-0.895	-0.895	-0.895	-0.895	-0.895	-0.895	-0.895	
-0.895	-0.895	-0.895	-0.895	-0.895	-0.895	-0.895	-0.895	-0.895	-0.895	-0.895	-0.895	-0.895	-0.895	-0.895	-0.895	-0.895	-0.895	-0.895	-0.895	-0.895	-0.895	-0.895	-0.895	
-0.895	-0.895	-0.895	-0.895	-0.895	-0.895	-0.895	-0.895	-0.895	-0.895	-0.895	-0.895	-0.895	-0.895	-0.895	-0.895	-0.895	-0.895	-0.895	-0.895	-0.895	-0.895	-0.895	-0.895	
-0.895	-0.895	-0.895	-0.895	-0.895	-0.895	-0.895	-0.895	-0.895	-0.895	-0.895	-0.895	-0.895	-0.895	-0.895	-0.895	-0.895	-0.895	-0.895	-0.895	-0.895	-0.895	-0.895	-0.895	
-0.895	-0.895	-0.895	-0.895	-0.895	-0.895	-0.895	-0.895	-0.895	-0.895	-0.895	-0.895	-0.895	-0.895	-0.895	-0.895	-0.895	-0.895	-0.895	-0.895	-0.895	-0.895	-0.895	-0.895	
-0.895	-0.895	-0.895	-0.895	-0.895	-0.895	-0.895	-0.895	-0.895	-0.895	-0.895	-0.895	-0.895	-0.895	-0.895	-0.895	-0.895	-0.895	-0.895	-0.895	-0.895	-0.895	-0.895	-0.895	
-0.895	-0.895	-0.895	-0.895	-0.895	-0.895	-0.895	-0.895	-0.895	-0.895	-0.895	-0.895	-0.895	-0.895	-0.895	-0.895	-0.895	-0.895	-0.895	-0.895	-0.895	-0.895	-0.895	-0.895	
-0.895	-0.895	-0.895	-0.895	-0.895	-0.895	-0.895	-0.895	-0.895	-0.895	-0.895	-0.895	-0.895	-0.895	-0.895	-0.895	-0.895	-0.895	-0.895	-0.895	-0.895	-0.895	-0.895	-0.895	
-0.895	-0.895	-0.895	-0.895	-0.895	-0.895	-0.895	-0.895	-0.895	-0.895	-0.895	-0.895	-0.895	-0.895	-0.895	-0.895	-0.895	-0.895	-0.895	-0.895	-0.895	-0.895	-0.895	-0.895	
-0.895	-0.895	-0.895	-0.895	-0.895	-0.895	-0.895	-0.895	-0.895	-0.895	-0.895	-0.895	-0.895	-0.895	-0.895	-0.895	-0.895	-0.895	-0.895	-0.895	-0.895	-0.895	-0.895	-0.895	
-0.895	-0.895	-0.895	-0.895	-0.895	-0.895	-0.895	-0.895	-0.895	-0.895	-0.895	-0.895	-0.895	-0.895	-0.895	-0.895	-0.895	-0.895	-0.895	-0.895	-0.895	-0.895	-0.895	-0.895	
-0.895	-0.895	-0.895	-0.895	-0.895	-0.895	-0.895	-0.895	-0.895	-0.895	-0.895	-0.895	-0.895	-0.895	-0.895	-0.895	-0.895	-0.895	-0.895	-0.895	-0.895	-0.895	-0.895	-0.895	
-0.895	-0.895	-0.895	-0.895	-0.895	-0.895	-0.895	-0.895	-0.895	-0.895	-0.895	-0.895	-0.895	-0.895	-0.895	-0.895	-0.895	-0.895	-0.895	-0.895	-0.895	-0.895	-0.895	-0.895	
-0.895	-0.895	-0.895	-0.895	-0.895	-0.895	-0.895	-0.895	-0.895	-0.895	-0.895	-0.895	-0.895	-0.895	-0.895	-0.895	-0.895	-0.895	-0.895	-0.895	-0.895	-0.895	-0.895	-0.895	
-0.895	-0.895	-0.895	-0.895	-0.895	-0.895	-0.895	-0.895	-0.895	-0.895	-0.895	-0.895	-0.895	-0.895	-0.895	-0.895	-0.895	-0.895	-0.895	-0.895	-0.895	-0.895	-0.895	-0.895	
-0.895	-0.895	-0.895	-0.895	-0.895	-0.895	-0.895	-0.895	-0.895	-0.895	-0.895	-0.895	-0.895	-0.895	-0.895	-0.895	-0.895	-0.895	-0.895	-0.895	-0.895	-0.895	-0.895	-0.895	
-0.895	-0.895	-0.895	-0.895	-0.895	-0.895	-0.895	-0.895	-0.895	-0.895	-0.895	-0.895	-0.895	-0.895	-0.895	-0.895	-0.895	-0.895	-0.895	-0.895	-0.895	-0.895	-0.895	-0.895	
-0.995	-0.995	-0.995	-0.995	-0.995	-0.995	-0.995	-0.995	-0.995	-0.995	-0.995	-0.995	-0.995	-0.995	-0.995	-0.995	-0.995	-0.995	-0.995	-0.995	-0.995	-0.995	-0.995	-0.995	
-0.995	-0.995	-0.995	-0.995	-0.995	-0.995	-0.995	-0.995	-0.995	-0.995	-0.995	-0.995	-0.995	-0.995	-0.995	-0.995	-0.995	-0.995	-0.995	-0.995	-0.995	-0.995	-0.995	-0.995	
-0.995	-0.995	-0.995	-0.995	-0.995	-0.995	-0.995	-0.995	-0.995	-0.995	-0.995	-0.995	-0.995	-0.995	-0.995	-0.995	-0.995	-0.995	-0.995	-0.995	-0.995	-0.995	-0.995	-0.995	
-0.995	-0.995	-0.995	-0.995	-0.995	-0.995	-0.995	-0.995	-0.995	-0.995	-0.995	-0.995	-0.995	-0.995	-0.995	-0.995	-0.995	-0.995	-0.995	-0.995	-0.995	-0.995	-0.995	-0.995	
-0.995	-0.995	-0.995	-0.995	-0.995	-0.995	-0.995	-0.995	-0.995	-0.995	-0.995	-0.995	-0.995	-0.995	-0.995	-0.995	-0.995	-0.995	-0.995	-0.995	-0.995	-0.995	-0.995	-0.995	
-0.995	-0.995	-0.995	-0.995	-0.995	-0.995	-0.995	-0.995	-0.995	-0.995	-0.995	-0.995	-0.995	-0.995	-0.995	-0.995	-0.995	-0.995	-0.995	-0.995	-0.995	-0.995	-0.995	-0.995	
-0.995	-0.995	-0.995	-0.995	-0.995	-0.995	-0.995	-0.995	-0.995	-0.995	-0.995	-0.995	-0.995	-0.995	-0.995	-0.995	-0.995	-0.995	-0.995	-0.995	-0.995	-0.995	-0.995	-0.995	
-0.995	-0.995	-0.995	-0.995	-0.995	-0.995	-0.995	-0.995	-0.995	-0.995	-0.995	-0.995	-0.995	-0.995	-0.995	-0.995	-0.995	-0.995	-0.995	-0.995	-0.995	-0.995	-0.995	-0.995	
-0.995	-0.995	-0.995	-0.995	-0.995	-0.995	-0.995	-0.995	-0.995	-0.995	-0.995	-0.995	-0.995	-0.995	-0.995	-0.995	-0.995	-0.995	-0.995	-0.995	-0.995	-0.995	-0.995	-0.995	
-0.995	-0.995	-0.995	-0.995	-0.995	-0.995	-0.995	-0.995	-0.995	-0.995	-0.995	-0.995	-0.995	-0.995	-0.995	-0.995	-0.995	-0.995	-0.995	-0.995	-0.995	-0.995	-0.995	-0.995	
-0.995	-0.995	-0.995	-0.995	-0.995	-0.995	-0.995	-0.995	-0.995	-0.995	-0.995	-0.995	-0.995	-0.995	-0.995	-0.995	-0.995	-0.995	-0.995	-0.995	-0.995	-0.995	-0.995	-0.995	
-0.995	-0.995	-0.995	-0.995	-0.995	-0.995	-0.995	-0.995	-0.995	-0.995	-0.995	-0.995	-0.995	-0.995	-0.995	-0.995	-0.995	-0.995	-0.995	-0.995	-0.995	-0.995	-0.995	-0.995	
-0.995	-0.995	-0.995	-0.995	-0.995	-0.995	-0.995	-0.995	-0.995	-0.995	-0.995	-0.995	-0.995	-0.995	-0.995	-0.995	-0.995	-0.995	-0.995	-0.995	-0.995	-0.995	-0.995	-0.995	
-0.995	-0.995	-0.995	-0.995	-0.995	-0.995	-0.995	-0.995	-0.995	-0.995	-0.995	-0.995	-0.995	-0.995	-0.995	-0.995	-0.995	-0.995	-0.995	-0.995	-0.995	-0.995	-0.995	-0.995	
-0.995	-0.995	-0.995	-0.995	-0.995	-0.995	-0.995	-0.995	-0.995	-0.995	-0.995	-0.995	-0.995	-0.995	-0.995	-0.995	-0.995	-0.995	-0.995	-0.995	-0.995	-0.995	-0.995	-0.995	
-0.995	-0.995	-0.995	-0.995	-0.995	-0.995	-0.995	-0.995	-0.995	-0.995	-0.995	-0.995	-0.995	-0.995	-0.995	-0.995	-0.995	-0.995	-0.995	-0.995	-0.995	-0.995	-0.995	-0.995	
-0.995	-0.995	-0.995	-0.995	-0.995	-0.995	-0.995	-0.995	-0.995	-0.995	-0.995	-0.995	-0.995	-0.995	-0.995	-0.995	-0.995	-0.995	-0.995	-0.995	-0.995	-0.995	-0.995	-0.995	
-0.995	-0.995	-0.995	-0.995	-0.995	-0.995	-0.995	-0.995	-0.995	-0.995	-0.995	-0.995	-0.995	-0.995	-0.995	-0.995	-0.995	-0.995	-0.995	-0.995	-0.995	-0.995	-0.995	-0.995	
-0.995	-0.995	-0.995	-0.995	-0.995	-0.995	-0.995	-0.995	-0.995	-0.995	-0.995	-0.995	-0.995	-0.995	-0.995	-0.995	-0.995	-0.995	-0.995	-0.995	-0.995	-0.995	-0.995	-0.995	
-0.995	-0.995	-0.995	-0.995	-0.995	-0.995	-0.995	-0.995	-0.995	-0.995	-0.995	-0.995	-0.995	-0.995	-0.995	-0.995	-0.995	-0.995	-0.995	-0.995	-0.995	-0.995	-0.995	-0.995	
-0.995	-0.995	-0.995	-0.995	-0.995	-0.995	-0.995	-0.995	-0.995	-0.995	-0.995	-0.995	-0.995	-0.995	-0.995	-0.995	-0.995	-0.995	-0.995	-0.995	-0.995	-0.995	-0.995	-0.995	
