511.1	0	0	-3.6513
512.1	0	0	-1.1004
513.1	0	0	-0.79601
514.1	0	0	-0.65484
515.1	0	0	-0.56913
516.1	0	0	-0.51004
517.1	0	0	-0.46614
518.1	0	0	-0.43186
519.1	0	0	-0.40413
520.1	0	0	-0.38109
521.1	0	0	-0.36156
522.1	0	0	-0.34472
523.1	0	0	-0.33001
524.1	0	0	-0.31701
525.1	0	0	-0.30541
526.1	0	0	-0.29499
527.1	0	0	-0.28554
528.1	0	0	-0.27693
529.1	0	0	-0.26904
530.1	0	0	-0.26178
531.1	0	0	-0.25506
532.1	0	0	-0.24883
533.1	0	0	-0.24301
534.1	0	0	-0.23758
535.1	0	0	-0.23249
536.1	0	0	-0.2277
537.1	0	0	-0.22319
538.1	0	0	-0.21893
539.1	0	0	-0.2149
540.1	0	0	-0.21107
541.1	0	0	-0.20744
542.1	0	0	-0.20398
543.1	0	0	-0.20068
544.1	0	0	-0.19753
545.1	0	0	-0.19452
546.1	0	0	-0.19164
547.1	0	0	-0.18888
548.1	0	0	-0.18623
549.1	0	0	-0.18368
550.1	0	0	-0.18123
551.1	0	0	-0.17887
552.1	0	0	-0.1766
553.1	0	0	-0.17441
554.1	0	0	-0.17229
555.1	0	0	-0.17025
556.1	0	0	-0.16827
557.1	0	0	-0.16636
558.1	0	0	-0.16451
559.1	0	0	-0.16271
560.1	0	0	-0.16097
561.1	0	0	-0.15928
562.1	0	0	-0.15764
563.1	0	0	-0.15605
564.1	0	0	-0.1545
565.1	0	0	-0.15299
566.1	0	0	-0.15153
567.1	0	0	-0.1501
568.1	0	0	-0.14871
569.1	0	0	-0.14736
570.1	0	0	-0.14604
571.1	0	0	-0.14475
572.1	0	0	-0.1435
573.1	0	0	-0.14227
574.1	0	0	-0.14107
575.1	0	0	-0.13991
576.1	0	0	-0.13876
577.1	0	0	-0.13765
578.1	0	0	-0.13655
579.1	0	0	-0.13549
580.1	0	0	-0.13444
581.1	0	0	-0.13342
582.1	0	0	-0.13241
583.1	0	0	-0.13143
584.1	0	0	-0.13047
585.1	0	0	-0.12953
586.1	0	0	-0.1286
587.1	0	0	-0.1277
588.1	0	0	-0.12681
589.1	0	0	-0.12594
590.1	0	0	-0.12508
591.1	0	0	-0.12424
592.1	0	0	-0.12342
593.1	0	0	-0.12261
594.1	0	0	-0.12181
595.1	0	0	-0.12103
596.1	0	0	-0.12027
597.1	0	0	-0.11951
598.1	0	0	-0.11877
599.1	0	0	-0.11804
600.1	0	0	-0.11732
601.1	0	0	-0.11662
602.1	0	0	-0.11592
603.1	0	0	-0.11524
604.1	0	0	-0.11457
605.1	0	0	-0.11391
606.1	0	0	-0.11326
607.1	0	0	-0.11262
608.1	0	0	-0.11198
609.1	0	0	-0.11136
610.1	0	0	-0.11075
611.1	0	0	-0.11015
612.1	0	0	-0.10955
613.1	0	0	-0.10896
614.1	0	0	-0.10839
615.1	0	0	-0.10782
616.1	0	0	-0.10725
617.1	0	0	-0.1067
618.1	0	0	-0.10615
619.1	0	0	-0.10562
620.1	0	0	-0.10508
621.1	0	0	-0.10456
622.1	0	0	-0.10404
623.1	0	0	-0.10353
624.1	0	0	-0.10303
625.1	0	0	-0.10253
626.1	0	0	-0.10204
627.1	0	0	-0.10155
628.1	0	0	-0.10107
629.1	0	0	-0.1006
630.1	0	0	-0.10013
631.1	0	0	-0.099672
632.1	0	0	-0.099217
633.1	0	0	-0.098766
634.1	0	0	-0.098321
635.1	0	0	-0.097882
636.1	0	0	-0.097447
637.1	0	0	-0.097018
638.1	0	0	-0.096593
639.1	0	0	-0.096174
640.1	0	0	-0.095759
641.1	0	0	-0.095349
642.1	0	0	-0.094943
643.1	0	0	-0.094542
644.1	0	0	-0.094146
645.1	0	0	-0.093753
646.1	0	0	-0.093365
647.1	0	0	-0.092982
648.1	0	0	-0.092602
649.1	0	0	-0.092226
650.1	0	0	-0.091854
651.1	0	0	-0.091487
652.1	0	0	-0.091123
653.1	0	0	-0.090763
654.1	0	0	-0.090406
655.1	0	0	-0.090053
656.1	0	0	-0.089704
657.1	0	0	-0.089358
658.1	0	0	-0.089016
659.1	0	0	-0.088677
660.1	0	0	-0.088341
661.1	0	0	-0.088009
662.1	0	0	-0.08768
663.1	0	0	-0.087354
664.1	0	0	-0.087031
665.1	0	0	-0.086711
666.1	0	0	-0.086395
667.1	0	0	-0.086081
668.1	0	0	-0.08577
669.1	0	0	-0.085462
670.1	0	0	-0.085157
671.1	0	0	-0.084855
672.1	0	0	-0.084555
673.1	0	0	-0.084258
674.1	0	0	-0.083964
675.1	0	0	-0.083673
676.1	0	0	-0.083384
677.1	0	0	-0.083097
678.1	0	0	-0.082814
679.1	0	0	-0.082532
680.1	0	0	-0.082253
681.1	0	0	-0.081977
682.1	0	0	-0.081702
683.1	0	0	-0.081431
684.1	0	0	-0.081161
685.1	0	0	-0.080894
686.1	0	0	-0.080629
687.1	0	0	-0.080366
688.1	0	0	-0.080105
689.1	0	0	-0.079847
690.1	0	0	-0.079591
691.1	0	0	-0.079336
692.1	0	0	-0.079084
693.1	0	0	-0.078834
694.1	0	0	-0.078586
695.1	0	0	-0.078339
696.1	0	0	-0.078095
697.1	0	0	-0.077853
698.1	0	0	-0.077612
699.1	0	0	-0.077374
700.1	0	0	-0.077137
701.1	0	0	-0.076902
702.1	0	0	-0.076669
703.1	0	0	-0.076438
704.1	0	0	-0.076208
705.1	0	0	-0.07598
706.1	0	0	-0.075754
707.1	0	0	-0.07553
708.1	0	0	-0.075307
709.1	0	0	-0.075086
710.1	0	0	-0.074866
711.1	0	0	-0.074649
712.1	0	0	-0.074432
713.1	0	0	-0.074218
714.1	0	0	-0.074004
715.1	0	0	-0.073793
716.1	0	0	-0.073583
717.1	0	0	-0.073374
718.1	0	0	-0.073167
719.1	0	0	-0.072961
720.1	0	0	-0.072757
721.1	0	0	-0.072554
722.1	0	0	-0.072353
723.1	0	0	-0.072153
724.1	0	0	-0.071954
725.1	0	0	-0.071757
726.1	0	0	-0.071561
727.1	0	0	-0.071366
728.1	0	0	-0.071173
729.1	0	0	-0.070981
730.1	0	0	-0.07079
731.1	0	0	-0.070601
732.1	0	0	-0.070413
733.1	0	0	-0.070226
734.1	0	0	-0.07004
735.1	0	0	-0.069856
736.1	0	0	-0.069672
737.1	0	0	-0.06949
738.1	0	0	-0.069309
739.1	0	0	-0.06913
740.1	0	0	-0.068951
741.1	0	0	-0.068773
742.1	0	0	-0.068597
743.1	0	0	-0.068422
744.1	0	0	-0.068248
745.1	0	0	-0.068075
746.1	0	0	-0.067903
747.1	0	0	-0.067732
748.1	0	0	-0.067562
749.1	0	0	-0.067393
750.1	0	0	-0.067226
751.1	0	0	-0.067059
752.1	0	0	-0.066893
753.1	0	0	-0.066728
754.1	0	0	-0.066565
755.1	0	0	-0.066402
756.1	0	0	-0.06624
757.1	0	0	-0.066079
758.1	0	0	-0.06592
759.1	0	0	-0.065761
760.1	0	0	-0.065603
761.1	0	0	-0.065446
762.1	0	0	-0.06529
763.1	0	0	-0.065134
764.1	0	0	-0.06498
765.1	0	0	-0.064827
766.1	0	0	-0.064674
767.1	0	0	-0.064523
768.1	0	0	-0.064372
769.1	0	0	-0.064222
770.1	0	0	-0.064073
771.1	0	0	-0.063925
772.1	0	0	-0.063777
773.1	0	0	-0.063631
774.1	0	0	-0.063485
775.1	0	0	-0.06334
776.1	0	0	-0.063196
777.1	0	0	-0.063052
778.1	0	0	-0.06291
779.1	0	0	-0.062768
780.1	0	0	-0.062627
781.1	0	0	-0.062487
782.1	0	0	-0.062347
783.1	0	0	-0.062209
784.1	0	0	-0.062071
785.1	0	0	-0.061933
786.1	0	0	-0.061797
787.1	0	0	-0.061661
788.1	0	0	-0.061526
789.1	0	0	-0.061392
790.1	0	0	-0.061258
791.1	0	0	-0.061125
792.1	0	0	-0.060993
793.1	0	0	-0.060861
794.1	0	0	-0.060731
795.1	0	0	-0.0606
796.1	0	0	-0.060471
797.1	0	0	-0.060342
798.1	0	0	-0.060214
799.1	0	0	-0.060086
800.1	0	0	-0.059959
801.1	0	0	-0.059833
802.1	0	0	-0.059707
803.1	0	0	-0.059583
804.1	0	0	-0.059458
805.1	0	0	-0.059334
806.1	0	0	-0.059211
807.1	0	0	-0.059089
808.1	0	0	-0.058967
809.1	0	0	-0.058846
810.1	0	0	-0.058725
811.1	0	0	-0.058605
812.1	0	0	-0.058485
813.1	0	0	-0.058366
814.1	0	0	-0.058248
815.1	0	0	-0.05813
816.1	0	0	-0.058013
817.1	0	0	-0.057896
818.1	0	0	-0.05778
819.1	0	0	-0.057665
820.1	0	0	-0.05755
821.1	0	0	-0.057435
822.1	0	0	-0.057321
823.1	0	0	-0.057208
824.1	0	0	-0.057095
825.1	0	0	-0.056983
826.1	0	0	-0.056871
827.1	0	0	-0.05676
828.1	0	0	-0.056649
829.1	0	0	-0.056539
830.1	0	0	-0.056429
831.1	0	0	-0.05632
832.1	0	0	-0.056211
833.1	0	0	-0.056103
834.1	0	0	-0.055995
835.1	0	0	-0.055888
836.1	0	0	-0.055782
837.1	0	0	-0.055675
838.1	0	0	-0.055569
839.1	0	0	-0.055464
840.1	0	0	-0.055359
841.1	0	0	-0.055255
842.1	0	0	-0.055151
843.1	0	0	-0.055048
844.1	0	0	-0.054945
845.1	0	0	-0.054842
846.1	0	0	-0.05474
847.1	0	0	-0.054638
848.1	0	0	-0.054537
849.1	0	0	-0.054437
850.1	0	0	-0.054336
851.1	0	0	-0.054236
852.1	0	0	-0.054137
853.1	0	0	-0.054038
854.1	0	0	-0.053939
855.1	0	0	-0.053841
856.1	0	0	-0.053744
857.1	0	0	-0.053646
858.1	0	0	-0.053549
859.1	0	0	-0.053453
860.1	0	0	-0.053357
861.1	0	0	-0.053261
862.1	0	0	-0.053166
863.1	0	0	-0.053071
864.1	0	0	-0.052976
865.1	0	0	-0.052882
866.1	0	0	-0.052789
867.1	0	0	-0.052695
868.1	0	0	-0.052602
869.1	0	0	-0.05251
870.1	0	0	-0.052418
871.1	0	0	-0.052326
872.1	0	0	-0.052235
873.1	0	0	-0.052144
874.1	0	0	-0.052053
875.1	0	0	-0.051963
876.1	0	0	-0.051873
877.1	0	0	-0.051783
878.1	0	0	-0.051694
879.1	0	0	-0.051605
880.1	0	0	-0.051517
881.1	0	0	-0.051429
882.1	0	0	-0.051341
883.1	0	0	-0.051253
884.1	0	0	-0.051166
885.1	0	0	-0.051079
886.1	0	0	-0.050993
887.1	0	0	-0.050907
888.1	0	0	-0.050821
889.1	0	0	-0.050736
890.1	0	0	-0.050651
891.1	0	0	-0.050566
892.1	0	0	-0.050482
893.1	0	0	-0.050398
894.1	0	0	-0.050314
895.1	0	0	-0.050231
896.1	0	0	-0.050148
897.1	0	0	-0.050065
898.1	0	0	-0.049982
899.1	0	0	-0.0499
900.1	0	0	-0.049818
901.1	0	0	-0.049737
902.1	0	0	-0.049656
903.1	0	0	-0.049575
904.1	0	0	-0.049494
905.1	0	0	-0.049414
906.1	0	0	-0.049334
907.1	0	0	-0.049254
908.1	0	0	-0.049175
909.1	0	0	-0.049096
910.1	0	0	-0.049017
911.1	0	0	-0.048938
912.1	0	0	-0.04886
913.1	0	0	-0.048782
914.1	0	0	-0.048705
915.1	0	0	-0.048627
916.1	0	0	-0.04855
917.1	0	0	-0.048473
918.1	0	0	-0.048397
919.1	0	0	-0.048321
920.1	0	0	-0.048245
921.1	0	0	-0.048169
922.1	0	0	-0.048094
923.1	0	0	-0.048018
924.1	0	0	-0.047944
925.1	0	0	-0.047869
926.1	0	0	-0.047795
927.1	0	0	-0.047721
928.1	0	0	-0.047647
929.1	0	0	-0.047573
930.1	0	0	-0.0475
931.1	0	0	-0.047427
932.1	0	0	-0.047354
933.1	0	0	-0.047282
934.1	0	0	-0.047209
935.1	0	0	-0.047137
936.1	0	0	-0.047066
937.1	0	0	-0.046994
938.1	0	0	-0.046923
939.1	0	0	-0.046852
940.1	0	0	-0.046781
941.1	0	0	-0.046711
942.1	0	0	-0.04664
943.1	0	0	-0.04657
944.1	0	0	-0.046501
945.1	0	0	-0.046431
946.1	0	0	-0.046362
947.1	0	0	-0.046293
948.1	0	0	-0.046224
949.1	0	0	-0.046155
950.1	0	0	-0.046087
951.1	0	0	-0.046019
952.1	0	0	-0.045951
953.1	0	0	-0.045883
954.1	0	0	-0.045816
955.1	0	0	-0.045748
956.1	0	0	-0.045681
957.1	0	0	-0.045615
958.1	0	0	-0.045548
959.1	0	0	-0.045482
960.1	0	0	-0.045416
961.1	0	0	-0.04535
962.1	0	0	-0.045284
963.1	0	0	-0.045219
964.1	0	0	-0.045153
965.1	0	0	-0.045088
966.1	0	0	-0.045024
967.1	0	0	-0.044959
968.1	0	0	-0.044895
969.1	0	0	-0.04483
970.1	0	0	-0.044766
971.1	0	0	-0.044703
972.1	0	0	-0.044639
973.1	0	0	-0.044576
974.1	0	0	-0.044513
975.1	0	0	-0.04445
976.1	0	0	-0.044387
977.1	0	0	-0.044324
978.1	0	0	-0.044262
979.1	0	0	-0.0442
980.1	0	0	-0.044138
981.1	0	0	-0.044076
982.1	0	0	-0.044015
983.1	0	0	-0.043953
984.1	0	0	-0.043892
985.1	0	0	-0.043831
986.1	0	0	-0.04377
987.1	0	0	-0.04371
988.1	0	0	-0.043649
989.1	0	0	-0.043589
990.1	0	0	-0.043529
991.1	0	0	-0.043469
992.1	0	0	-0.04341
993.1	0	0	-0.04335
994.1	0	0	-0.043291
995.1	0	0	-0.043232
996.1	0	0	-0.043173
997.1	0	0	-0.043114
998.1	0	0	-0.043056
999.1	0	0	-0.042997
1000.1	0	0	-0.042939
1001.1	0	0	-0.042881
1002.1	0	0	-0.042823
1003.1	0	0	-0.042766
1004.1	0	0	-0.042708
1005.1	0	0	-0.042651
1006.1	0	0	-0.042594
1007.1	0	0	-0.042537
1008.1	0	0	-0.04248
1009.1	0	0	-0.042423
1010.1	0	0	-0.042367
1011.1	0	0	-0.042311
1012.1	0	0	-0.042254
1013.1	0	0	-0.042198
1014.1	0	0	-0.042143
1015.1	0	0	-0.042087
1016.1	0	0	-0.042032
1017.1	0	0	-0.041976
1018.1	0	0	-0.041921
1019.1	0	0	-0.041866
1020.1	0	0	-0.041811
1021.1	0	0	-0.041757
1022.1	0	0	-0.041702
1023.1	0	0	-0.041648
1024.1	0	0	-0.041594
1025.1	0	0	-0.04154
1026.1	0	0	-0.041486
1027.1	0	0	-0.041432
1028.1	0	0	-0.041379
1029.1	0	0	-0.041325
1030.1	0	0	-0.041272
1031.1	0	0	-0.041219
1032.1	0	0	-0.041166
1033.1	0	0	-0.041113
1034.1	0	0	-0.041061
1035.1	0	0	-0.041008
1036.1	0	0	-0.040956
1037.1	0	0	-0.040904
1038.1	0	0	-0.040852
1039.1	0	0	-0.0408
1040.1	0	0	-0.040748
1041.1	0	0	-0.040697
1042.1	0	0	-0.040645
1043.1	0	0	-0.040594
1044.1	0	0	-0.040543
1045.1	0	0	-0.040492
1046.1	0	0	-0.040441
1047.1	0	0	-0.04039
1048.1	0	0	-0.04034
1049.1	0	0	-0.040289
1050.1	0	0	-0.040239
1051.1	0	0	-0.040189
1052.1	0	0	-0.040139
1053.1	0	0	-0.040089
1054.1	0	0	-0.040039
1055.1	0	0	-0.03999
1056.1	0	0	-0.03994
1057.1	0	0	-0.039891
1058.1	0	0	-0.039842
1059.1	0	0	-0.039793
1060.1	0	0	-0.039744
1061.1	0	0	-0.039695
1062.1	0	0	-0.039647
1063.1	0	0	-0.039598
1064.1	0	0	-0.03955
1065.1	0	0	-0.039501
1066.1	0	0	-0.039453
1067.1	0	0	-0.039405
1068.1	0	0	-0.039357
1069.1	0	0	-0.03931
1070.1	0	0	-0.039262
1071.1	0	0	-0.039215
1072.1	0	0	-0.039167
1073.1	0	0	-0.03912
1074.1	0	0	-0.039073
1075.1	0	0	-0.039026
1076.1	0	0	-0.038979
1077.1	0	0	-0.038933
1078.1	0	0	-0.038886
1079.1	0	0	-0.03884
1080.1	0	0	-0.038793
1081.1	0	0	-0.038747
1082.1	0	0	-0.038701
1083.1	0	0	-0.038655
1084.1	0	0	-0.038609
1085.1	0	0	-0.038563
1086.1	0	0	-0.038518
1087.1	0	0	-0.038472
1088.1	0	0	-0.038427
1089.1	0	0	-0.038382
1090.1	0	0	-0.038337
1091.1	0	0	-0.038292
1092.1	0	0	-0.038247
1093.1	0	0	-0.038202
1094.1	0	0	-0.038157
1095.1	0	0	-0.038113
1096.1	0	0	-0.038068
1097.1	0	0	-0.038024
1098.1	0	0	-0.03798
1099.1	0	0	-0.037936
1100.1	0	0	-0.037892
1101.1	0	0	-0.037848
1102.1	0	0	-0.037804
1103.1	0	0	-0.03776
1104.1	0	0	-0.037717
1105.1	0	0	-0.037673
1106.1	0	0	-0.03763
1107.1	0	0	-0.037587
1108.1	0	0	-0.037544
1109.1	0	0	-0.037501
1110.1	0	0	-0.037458
1111.1	0	0	-0.037415
1112.1	0	0	-0.037373
1113.1	0	0	-0.03733
1114.1	0	0	-0.037288
1115.1	0	0	-0.037245
1116.1	0	0	-0.037203
1117.1	0	0	-0.037161
1118.1	0	0	-0.037119
1119.1	0	0	-0.037077
1120.1	0	0	-0.037035
1121.1	0	0	-0.036993
1122.1	0	0	-0.036952
1123.1	0	0	-0.03691
1124.1	0	0	-0.036869
1125.1	0	0	-0.036828
1126.1	0	0	-0.036786
1127.1	0	0	-0.036745
1128.1	0	0	-0.036704
1129.1	0	0	-0.036664
1130.1	0	0	-0.036623
1131.1	0	0	-0.036582
1132.1	0	0	-0.036541
1133.1	0	0	-0.036501
1134.1	0	0	-0.036461
1135.1	0	0	-0.03642
1136.1	0	0	-0.03638
1137.1	0	0	-0.03634
1138.1	0	0	-0.0363
1139.1	0	0	-0.03626
1140.1	0	0	-0.03622
1141.1	0	0	-0.036181
1142.1	0	0	-0.036141
1143.1	0	0	-0.036101
1144.1	0	0	-0.036062
1145.1	0	0	-0.036023
1146.1	0	0	-0.035983
1147.1	0	0	-0.035944
1148.1	0	0	-0.035905
1149.1	0	0	-0.035866
1150.1	0	0	-0.035827
1151.1	0	0	-0.035789
1152.1	0	0	-0.03575
1153.1	0	0	-0.035711
1154.1	0	0	-0.035673
1155.1	0	0	-0.035635
1156.1	0	0	-0.035596
1157.1	0	0	-0.035558
1158.1	0	0	-0.03552
1159.1	0	0	-0.035482
1160.1	0	0	-0.035444
1161.1	0	0	-0.035406
1162.1	0	0	-0.035368
1163.1	0	0	-0.035331
1164.1	0	0	-0.035293
1165.1	0	0	-0.035255
1166.1	0	0	-0.035218
1167.1	0	0	-0.035181
1168.1	0	0	-0.035143
1169.1	0	0	-0.035106
1170.1	0	0	-0.035069
1171.1	0	0	-0.035032
1172.1	0	0	-0.034995
1173.1	0	0	-0.034959
1174.1	0	0	-0.034922
1175.1	0	0	-0.034885
1176.1	0	0	-0.034849
1177.1	0	0	-0.034812
1178.1	0	0	-0.034776
1179.1	0	0	-0.034739
1180.1	0	0	-0.034703
1181.1	0	0	-0.034667
1182.1	0	0	-0.034631
1183.1	0	0	-0.034595
1184.1	0	0	-0.034559
1185.1	0	0	-0.034523
1186.1	0	0	-0.034487
1187.1	0	0	-0.034452
1188.1	0	0	-0.034416
1189.1	0	0	-0.034381
1190.1	0	0	-0.034345
1191.1	0	0	-0.03431
1192.1	0	0	-0.034275
1193.1	0	0	-0.034239
1194.1	0	0	-0.034204
1195.1	0	0	-0.034169
1196.1	0	0	-0.034134
1197.1	0	0	-0.0341
1198.1	0	0	-0.034065
1199.1	0	0	-0.03403
1200.1	0	0	-0.033995
1201.1	0	0	-0.033961
1202.1	0	0	-0.033926
1203.1	0	0	-0.033892
1204.1	0	0	-0.033858
1205.1	0	0	-0.033823
1206.1	0	0	-0.033789
1207.1	0	0	-0.033755
1208.1	0	0	-0.033721
1209.1	0	0	-0.033687
1210.1	0	0	-0.033653
1211.1	0	0	-0.033619
1212.1	0	0	-0.033586
1213.1	0	0	-0.033552
1214.1	0	0	-0.033518
1215.1	0	0	-0.033485
1216.1	0	0	-0.033451
1217.1	0	0	-0.033418
1218.1	0	0	-0.033385
1219.1	0	0	-0.033352
1220.1	0	0	-0.033318
1221.1	0	0	-0.033285
1222.1	0	0	-0.033252
1223.1	0	0	-0.033219
1224.1	0	0	-0.033186
1225.1	0	0	-0.033154
1226.1	0	0	-0.033121
1227.1	0	0	-0.033088
1228.1	0	0	-0.033056
1229.1	0	0	-0.033023
1230.1	0	0	-0.032991
1231.1	0	0	-0.032958
1232.1	0	0	-0.032926
1233.1	0	0	-0.032894
1234.1	0	0	-0.032862
1235.1	0	0	-0.03283
1236.1	0	0	-0.032798
1237.1	0	0	-0.032766
1238.1	0	0	-0.032734
1239.1	0	0	-0.032702
1240.1	0	0	-0.03267
1241.1	0	0	-0.032638
1242.1	0	0	-0.032607
1243.1	0	0	-0.032575
1244.1	0	0	-0.032544
1245.1	0	0	-0.032512
1246.1	0	0	-0.032481
1247.1	0	0	-0.03245
1248.1	0	0	-0.032418
1249.1	0	0	-0.032387
1250.1	0	0	-0.032356
1251.1	0	0	-0.032325
1252.1	0	0	-0.032294
1253.1	0	0	-0.032263
1254.1	0	0	-0.032232
1255.1	0	0	-0.032201
1256.1	0	0	-0.032171
1257.1	0	0	-0.03214
1258.1	0	0	-0.032109
1259.1	0	0	-0.032079
1260.1	0	0	-0.032048
1261.1	0	0	-0.032018
1262.1	0	0	-0.031988
1263.1	0	0	-0.031957
1264.1	0	0	-0.031927
1265.1	0	0	-0.031897
1266.1	0	0	-0.031867
1267.1	0	0	-0.031837
1268.1	0	0	-0.031807
1269.1	0	0	-0.031777
1270.1	0	0	-0.031747
1271.1	0	0	-0.031717
1272.1	0	0	-0.031688
1273.1	0	0	-0.031658
1274.1	0	0	-0.031628
1275.1	0	0	-0.031599
1276.1	0	0	-0.031569
1277.1	0	0	-0.03154
1278.1	0	0	-0.031511
1279.1	0	0	-0.031481
1280.1	0	0	-0.031452
1281.1	0	0	-0.031423
1282.1	0	0	-0.031394
1283.1	0	0	-0.031365
1284.1	0	0	-0.031335
1285.1	0	0	-0.031307
1286.1	0	0	-0.031278
1287.1	0	0	-0.031249
1288.1	0	0	-0.03122
1289.1	0	0	-0.031191
1290.1	0	0	-0.031163
1291.1	0	0	-0.031134
1292.1	0	0	-0.031105
1293.1	0	0	-0.031077
1294.1	0	0	-0.031048
1295.1	0	0	-0.03102
1296.1	0	0	-0.030992
1297.1	0	0	-0.030963
1298.1	0	0	-0.030935
1299.1	0	0	-0.030907
1300.1	0	0	-0.030879
1301.1	0	0	-0.030851
1302.1	0	0	-0.030823
1303.1	0	0	-0.030795
1304.1	0	0	-0.030767
1305.1	0	0	-0.030739
1306.1	0	0	-0.030711
1307.1	0	0	-0.030684
1308.1	0	0	-0.030656
1309.1	0	0	-0.030628
1310.1	0	0	-0.030601
1311.1	0	0	-0.030573
1312.1	0	0	-0.030546
1313.1	0	0	-0.030518
1314.1	0	0	-0.030491
1315.1	0	0	-0.030464
1316.1	0	0	-0.030436
1317.1	0	0	-0.030409
1318.1	0	0	-0.030382
1319.1	0	0	-0.030355
1320.1	0	0	-0.030328
1321.1	0	0	-0.030301
1322.1	0	0	-0.030274
1323.1	0	0	-0.030247
1324.1	0	0	-0.03022
1325.1	0	0	-0.030193
1326.1	0	0	-0.030167
1327.1	0	0	-0.03014
1328.1	0	0	-0.030113
1329.1	0	0	-0.030087
1330.1	0	0	-0.03006
1331.1	0	0	-0.030034
1332.1	0	0	-0.030007
1333.1	0	0	-0.029981
1334.1	0	0	-0.029955
1335.1	0	0	-0.029928
1336.1	0	0	-0.029902
1337.1	0	0	-0.029876
1338.1	0	0	-0.02985
1339.1	0	0	-0.029824
1340.1	0	0	-0.029798
1341.1	0	0	-0.029772
1342.1	0	0	-0.029746
1343.1	0	0	-0.02972
1344.1	0	0	-0.029694
1345.1	0	0	-0.029668
1346.1	0	0	-0.029642
1347.1	0	0	-0.029617
1348.1	0	0	-0.029591
1349.1	0	0	-0.029565
1350.1	0	0	-0.02954
1351.1	0	0	-0.029514
1352.1	0	0	-0.029489
1353.1	0	0	-0.029463
1354.1	0	0	-0.029438
1355.1	0	0	-0.029413
1356.1	0	0	-0.029387
1357.1	0	0	-0.029362
1358.1	0	0	-0.029337
1359.1	0	0	-0.029312
1360.1	0	0	-0.029287
1361.1	0	0	-0.029262
1362.1	0	0	-0.029237
1363.1	0	0	-0.029212
1364.1	0	0	-0.029187
1365.1	0	0	-0.029162
1366.1	0	0	-0.029137
1367.1	0	0	-0.029112
1368.1	0	0	-0.029088
1369.1	0	0	-0.029063
1370.1	0	0	-0.029038
1371.1	0	0	-0.029014
1372.1	0	0	-0.028989
1373.1	0	0	-0.028965
1374.1	0	0	-0.02894
1375.1	0	0	-0.028916
1376.1	0	0	-0.028891
1377.1	0	0	-0.028867
1378.1	0	0	-0.028843
1379.1	0	0	-0.028818
1380.1	0	0	-0.028794
1381.1	0	0	-0.02877
1382.1	0	0	-0.028746
1383.1	0	0	-0.028722
1384.1	0	0	-0.028698
1385.1	0	0	-0.028674
1386.1	0	0	-0.02865
1387.1	0	0	-0.028626
1388.1	0	0	-0.028602
1389.1	0	0	-0.028578
1390.1	0	0	-0.028555
1391.1	0	0	-0.028531
1392.1	0	0	-0.028507
1393.1	0	0	-0.028484
1394.1	0	0	-0.02846
1395.1	0	0	-0.028436
1396.1	0	0	-0.028413
1397.1	0	0	-0.028389
1398.1	0	0	-0.028366
1399.1	0	0	-0.028343
1400.1	0	0	-0.028319
1401.1	0	0	-0.028296
1402.1	0	0	-0.028273
1403.1	0	0	-0.028249
1404.1	0	0	-0.028226
1405.1	0	0	-0.028203
1406.1	0	0	-0.02818
1407.1	0	0	-0.028157
1408.1	0	0	-0.028134
1409.1	0	0	-0.028111
1410.1	0	0	-0.028088
1411.1	0	0	-0.028065
1412.1	0	0	-0.028042
1413.1	0	0	-0.028019
1414.1	0	0	-0.027997
1415.1	0	0	-0.027974
1416.1	0	0	-0.027951
1417.1	0	0	-0.027928
1418.1	0	0	-0.027906
1419.1	0	0	-0.027883
1420.1	0	0	-0.027861
1421.1	0	0	-0.027838
1422.1	0	0	-0.027816
1423.1	0	0	-0.027793
1424.1	0	0	-0.027771
1425.1	0	0	-0.027748
1426.1	0	0	-0.027726
1427.1	0	0	-0.027704
1428.1	0	0	-0.027682
1429.1	0	0	-0.027659
1430.1	0	0	-0.027637
1431.1	0	0	-0.027615
1432.1	0	0	-0.027593
1433.1	0	0	-0.027571
1434.1	0	0	-0.027549
1435.1	0	0	-0.027527
1436.1	0	0	-0.027505
1437.1	0	0	-0.027483
1438.1	0	0	-0.027461
1439.1	0	0	-0.027439
1440.1	0	0	-0.027417
1441.1	0	0	-0.027396
1442.1	0	0	-0.027374
1443.1	0	0	-0.027352
1444.1	0	0	-0.027331
1445.1	0	0	-0.027309
1446.1	0	0	-0.027287
1447.1	0	0	-0.027266
1448.1	0	0	-0.027244
1449.1	0	0	-0.027223
1450.1	0	0	-0.027201
1451.1	0	0	-0.02718
1452.1	0	0	-0.027159
1453.1	0	0	-0.027137
1454.1	0	0	-0.027116
1455.1	0	0	-0.027095
1456.1	0	0	-0.027074
1457.1	0	0	-0.027052
1458.1	0	0	-0.027031
1459.1	0	0	-0.02701
1460.1	0	0	-0.026989
1461.1	0	0	-0.026968
1462.1	0	0	-0.026947
1463.1	0	0	-0.026926
1464.1	0	0	-0.026905
1465.1	0	0	-0.026884
1466.1	0	0	-0.026863
1467.1	0	0	-0.026842
1468.1	0	0	-0.026822
1469.1	0	0	-0.026801
1470.1	0	0	-0.02678
1471.1	0	0	-0.026759
1472.1	0	0	-0.026739
1473.1	0	0	-0.026718
1474.1	0	0	-0.026698
1475.1	0	0	-0.026677
1476.1	0	0	-0.026656
1477.1	0	0	-0.026636
1478.1	0	0	-0.026615
1479.1	0	0	-0.026595
1480.1	0	0	-0.026575
1481.1	0	0	-0.026554
1482.1	0	0	-0.026534
1483.1	0	0	-0.026514
1484.1	0	0	-0.026493
1485.1	0	0	-0.026473
1486.1	0	0	-0.026453
1487.1	0	0	-0.026433
1488.1	0	0	-0.026413
1489.1	0	0	-0.026393
1490.1	0	0	-0.026372
1491.1	0	0	-0.026352
1492.1	0	0	-0.026332
1493.1	0	0	-0.026312
1494.1	0	0	-0.026292
1495.1	0	0	-0.026273
1496.1	0	0	-0.026253
1497.1	0	0	-0.026233
1498.1	0	0	-0.026213
1499.1	0	0	-0.026193
1500.1	0	0	-0.026173
1501.1	0	0	-0.026154
1502.1	0	0	-0.026134
1503.1	0	0	-0.026114
1504.1	0	0	-0.026095
1505.1	0	0	-0.026075
1506.1	0	0	-0.026056
1507.1	0	0	-0.026036
1508.1	0	0	-0.026017
1509.1	0	0	-0.025997
1510.1	0	0	-0.025978
1511.1	0	0	-0.025958
1512.1	0	0	-0.025939
1513.1	0	0	-0.02592
1514.1	0	0	-0.0259
1515.1	0	0	-0.025881
1516.1	0	0	-0.025862
1517.1	0	0	-0.025842
1518.1	0	0	-0.025823
1519.1	0	0	-0.025804
1520.1	0	0	-0.025785
1521.1	0	0	-0.025766
1522.1	0	0	-0.025747
1523.1	0	0	-0.025728
1524.1	0	0	-0.025709
1525.1	0	0	-0.02569
1526.1	0	0	-0.025671
1527.1	0	0	-0.025652
1528.1	0	0	-0.025633
1529.1	0	0	-0.025614
1530.1	0	0	-0.025595
1531.1	0	0	-0.025576
1532.1	0	0	-0.025558
1533.1	0	0	-0.025539
1534.1	0	0	-0.02552
1535.1	0	0	-0.025501
1536.1	0	0	-0.025483
1537.1	0	0	-0.025464
1538.1	0	0	-0.025445
1539.1	0	0	-0.025427
1540.1	0	0	-0.025408
1541.1	0	0	-0.02539
1542.1	0	0	-0.025371
1543.1	0	0	-0.025353
1544.1	0	0	-0.025334
1545.1	0	0	-0.025316
1546.1	0	0	-0.025298
1547.1	0	0	-0.025279
1548.1	0	0	-0.025261
1549.1	0	0	-0.025243
1550.1	0	0	-0.025224
1551.1	0	0	-0.025206
1552.1	0	0	-0.025188
1553.1	0	0	-0.02517
1554.1	0	0	-0.025152
1555.1	0	0	-0.025133
1556.1	0	0	-0.025115
1557.1	0	0	-0.025097
1558.1	0	0	-0.025079
1559.1	0	0	-0.025061
1560.1	0	0	-0.025043
1561.1	0	0	-0.025025
1562.1	0	0	-0.025007
1563.1	0	0	-0.024989
1564.1	0	0	-0.024971
1565.1	0	0	-0.024954
1566.1	0	0	-0.024936
1567.1	0	0	-0.024918
1568.1	0	0	-0.0249
1569.1	0	0	-0.024882
1570.1	0	0	-0.024865
1571.1	0	0	-0.024847
1572.1	0	0	-0.024829
1573.1	0	0	-0.024812
1574.1	0	0	-0.024794
1575.1	0	0	-0.024776
1576.1	0	0	-0.024759
1577.1	0	0	-0.024741
1578.1	0	0	-0.024724
1579.1	0	0	-0.024706
1580.1	0	0	-0.024689
1581.1	0	0	-0.024671
1582.1	0	0	-0.024654
1583.1	0	0	-0.024637
1584.1	0	0	-0.024619
1585.1	0	0	-0.024602
1586.1	0	0	-0.024585
1587.1	0	0	-0.024567
1588.1	0	0	-0.02455
1589.1	0	0	-0.024533
1590.1	0	0	-0.024516
1591.1	0	0	-0.024499
1592.1	0	0	-0.024481
1593.1	0	0	-0.024464
1594.1	0	0	-0.024447
1595.1	0	0	-0.02443
1596.1	0	0	-0.024413
1597.1	0	0	-0.024396
1598.1	0	0	-0.024379
1599.1	0	0	-0.024362
1600.1	0	0	-0.024345
1601.1	0	0	-0.024328
1602.1	0	0	-0.024311
1603.1	0	0	-0.024294
1604.1	0	0	-0.024277
1605.1	0	0	-0.024261
1606.1	0	0	-0.024244
1607.1	0	0	-0.024227
1608.1	0	0	-0.02421
1609.1	0	0	-0.024194
1610.1	0	0	-0.024177
1611.1	0	0	-0.02416
1612.1	0	0	-0.024143
1613.1	0	0	-0.024127
1614.1	0	0	-0.02411
1615.1	0	0	-0.024094
1616.1	0	0	-0.024077
1617.1	0	0	-0.024061
1618.1	0	0	-0.024044
1619.1	0	0	-0.024028
1620.1	0	0	-0.024011
1621.1	0	0	-0.023995
1622.1	0	0	-0.023978
1623.1	0	0	-0.023962
1624.1	0	0	-0.023945
1625.1	0	0	-0.023929
1626.1	0	0	-0.023913
1627.1	0	0	-0.023896
1628.1	0	0	-0.02388
1629.1	0	0	-0.023864
1630.1	0	0	-0.023848
1631.1	0	0	-0.023831
1632.1	0	0	-0.023815
1633.1	0	0	-0.023799
1634.1	0	0	-0.023783
1635.1	0	0	-0.023767
1636.1	0	0	-0.023751
1637.1	0	0	-0.023735
1638.1	0	0	-0.023719
1639.1	0	0	-0.023703
1640.1	0	0	-0.023687
1641.1	0	0	-0.023671
1642.1	0	0	-0.023655
1643.1	0	0	-0.023639
1644.1	0	0	-0.023623
1645.1	0	0	-0.023607
1646.1	0	0	-0.023591
1647.1	0	0	-0.023575
1648.1	0	0	-0.023559
1649.1	0	0	-0.023544
1650.1	0	0	-0.023528
1651.1	0	0	-0.023512
1652.1	0	0	-0.023496
1653.1	0	0	-0.023481
1654.1	0	0	-0.023465
1655.1	0	0	-0.023449
1656.1	0	0	-0.023434
1657.1	0	0	-0.023418
1658.1	0	0	-0.023402
1659.1	0	0	-0.023387
1660.1	0	0	-0.023371
1661.1	0	0	-0.023356
1662.1	0	0	-0.02334
1663.1	0	0	-0.023325
1664.1	0	0	-0.023309
1665.1	0	0	-0.023294
1666.1	0	0	-0.023278
1667.1	0	0	-0.023263
1668.1	0	0	-0.023247
1669.1	0	0	-0.023232
1670.1	0	0	-0.023217
1671.1	0	0	-0.023201
1672.1	0	0	-0.023186
1673.1	0	0	-0.023171
1674.1	0	0	-0.023156
1675.1	0	0	-0.02314
1676.1	0	0	-0.023125
1677.1	0	0	-0.02311
1678.1	0	0	-0.023095
1679.1	0	0	-0.02308
1680.1	0	0	-0.023064
1681.1	0	0	-0.023049
1682.1	0	0	-0.023034
1683.1	0	0	-0.023019
1684.1	0	0	-0.023004
1685.1	0	0	-0.022989
1686.1	0	0	-0.022974
1687.1	0	0	-0.022959
1688.1	0	0	-0.022944
1689.1	0	0	-0.022929
1690.1	0	0	-0.022914
1691.1	0	0	-0.022899
1692.1	0	0	-0.022884
1693.1	0	0	-0.022869
1694.1	0	0	-0.022855
1695.1	0	0	-0.02284
1696.1	0	0	-0.022825
1697.1	0	0	-0.02281
1698.1	0	0	-0.022795
1699.1	0	0	-0.022781
1700.1	0	0	-0.022766
1701.1	0	0	-0.022751
1702.1	0	0	-0.022737
1703.1	0	0	-0.022722
1704.1	0	0	-0.022707
1705.1	0	0	-0.022693
1706.1	0	0	-0.022678
1707.1	0	0	-0.022663
1708.1	0	0	-0.022649
1709.1	0	0	-0.022634
1710.1	0	0	-0.02262
1711.1	0	0	-0.022605
1712.1	0	0	-0.022591
1713.1	0	0	-0.022576
1714.1	0	0	-0.022562
1715.1	0	0	-0.022547
1716.1	0	0	-0.022533
1717.1	0	0	-0.022519
1718.1	0	0	-0.022504
1719.1	0	0	-0.02249
1720.1	0	0	-0.022475
1721.1	0	0	-0.022461
1722.1	0	0	-0.022447
1723.1	0	0	-0.022433
1724.1	0	0	-0.022418
1725.1	0	0	-0.022404
1726.1	0	0	-0.02239
1727.1	0	0	-0.022376
1728.1	0	0	-0.022361
1729.1	0	0	-0.022347
1730.1	0	0	-0.022333
1731.1	0	0	-0.022319
1732.1	0	0	-0.022305
1733.1	0	0	-0.022291
1734.1	0	0	-0.022277
1735.1	0	0	-0.022263
1736.1	0	0	-0.022249
1737.1	0	0	-0.022235
1738.1	0	0	-0.022221
1739.1	0	0	-0.022207
1740.1	0	0	-0.022193
1741.1	0	0	-0.022179
1742.1	0	0	-0.022165
1743.1	0	0	-0.022151
1744.1	0	0	-0.022137
1745.1	0	0	-0.022123
1746.1	0	0	-0.022109
1747.1	0	0	-0.022095
1748.1	0	0	-0.022081
1749.1	0	0	-0.022068
1750.1	0	0	-0.022054
1751.1	0	0	-0.02204
1752.1	0	0	-0.022026
1753.1	0	0	-0.022013
1754.1	0	0	-0.021999
1755.1	0	0	-0.021985
1756.1	0	0	-0.021972
1757.1	0	0	-0.021958
1758.1	0	0	-0.021944
1759.1	0	0	-0.021931
1760.1	0	0	-0.021917
1761.1	0	0	-0.021903
1762.1	0	0	-0.02189
1763.1	0	0	-0.021876
1764.1	0	0	-0.021863
1765.1	0	0	-0.021849
1766.1	0	0	-0.021836
1767.1	0	0	-0.021822
1768.1	0	0	-0.021809
1769.1	0	0	-0.021795
1770.1	0	0	-0.021782
1771.1	0	0	-0.021769
1772.1	0	0	-0.021755
1773.1	0	0	-0.021742
1774.1	0	0	-0.021728
1775.1	0	0	-0.021715
1776.1	0	0	-0.021702
1777.1	0	0	-0.021688
1778.1	0	0	-0.021675
1779.1	0	0	-0.021662
1780.1	0	0	-0.021649
1781.1	0	0	-0.021635
1782.1	0	0	-0.021622
1783.1	0	0	-0.021609
1784.1	0	0	-0.021596
1785.1	0	0	-0.021582
1786.1	0	0	-0.021569
1787.1	0	0	-0.021556
1788.1	0	0	-0.021543
1789.1	0	0	-0.02153
1790.1	0	0	-0.021517
1791.1	0	0	-0.021504
1792.1	0	0	-0.021491
1793.1	0	0	-0.021478
1794.1	0	0	-0.021465
1795.1	0	0	-0.021452
1796.1	0	0	-0.021439
1797.1	0	0	-0.021426
1798.1	0	0	-0.021413
1799.1	0	0	-0.0214
1800.1	0	0	-0.021387
1801.1	0	0	-0.021374
1802.1	0	0	-0.021361
1803.1	0	0	-0.021348
1804.1	0	0	-0.021335
1805.1	0	0	-0.021322
1806.1	0	0	-0.02131
1807.1	0	0	-0.021297
1808.1	0	0	-0.021284
1809.1	0	0	-0.021271
1810.1	0	0	-0.021258
1811.1	0	0	-0.021246
1812.1	0	0	-0.021233
1813.1	0	0	-0.02122
1814.1	0	0	-0.021207
1815.1	0	0	-0.021195
1816.1	0	0	-0.021182
1817.1	0	0	-0.021169
1818.1	0	0	-0.021157
1819.1	0	0	-0.021144
1820.1	0	0	-0.021132
1821.1	0	0	-0.021119
1822.1	0	0	-0.021106
1823.1	0	0	-0.021094
1824.1	0	0	-0.021081
1825.1	0	0	-0.021069
1826.1	0	0	-0.021056
1827.1	0	0	-0.021044
1828.1	0	0	-0.021031
1829.1	0	0	-0.021019
1830.1	0	0	-0.021006
1831.1	0	0	-0.020994
1832.1	0	0	-0.020981
1833.1	0	0	-0.020969
1834.1	0	0	-0.020957
1835.1	0	0	-0.020944
1836.1	0	0	-0.020932
1837.1	0	0	-0.02092
1838.1	0	0	-0.020907
1839.1	0	0	-0.020895
1840.1	0	0	-0.020883
1841.1	0	0	-0.02087
1842.1	0	0	-0.020858
1843.1	0	0	-0.020846
1844.1	0	0	-0.020834
1845.1	0	0	-0.020821
1846.1	0	0	-0.020809
1847.1	0	0	-0.020797
1848.1	0	0	-0.020785
1849.1	0	0	-0.020773
1850.1	0	0	-0.02076
1851.1	0	0	-0.020748
1852.1	0	0	-0.020736
1853.1	0	0	-0.020724
1854.1	0	0	-0.020712
1855.1	0	0	-0.0207
1856.1	0	0	-0.020688
1857.1	0	0	-0.020676
1858.1	0	0	-0.020664
1859.1	0	0	-0.020652
1860.1	0	0	-0.02064
1861.1	0	0	-0.020628
1862.1	0	0	-0.020616
1863.1	0	0	-0.020604
1864.1	0	0	-0.020592
1865.1	0	0	-0.02058
1866.1	0	0	-0.020568
1867.1	0	0	-0.020556
1868.1	0	0	-0.020544
1869.1	0	0	-0.020532
1870.1	0	0	-0.02052
1871.1	0	0	-0.020508
1872.1	0	0	-0.020497
1873.1	0	0	-0.020485
1874.1	0	0	-0.020473
1875.1	0	0	-0.020461
1876.1	0	0	-0.020449
1877.1	0	0	-0.020438
1878.1	0	0	-0.020426
1879.1	0	0	-0.020414
1880.1	0	0	-0.020402
1881.1	0	0	-0.020391
1882.1	0	0	-0.020379
1883.1	0	0	-0.020367
1884.1	0	0	-0.020356
1885.1	0	0	-0.020344
1886.1	0	0	-0.020332
1887.1	0	0	-0.020321
1888.1	0	0	-0.020309
1889.1	0	0	-0.020298
1890.1	0	0	-0.020286
1891.1	0	0	-0.020274
1892.1	0	0	-0.020263
1893.1	0	0	-0.020251
1894.1	0	0	-0.02024
1895.1	0	0	-0.020228
1896.1	0	0	-0.020217
1897.1	0	0	-0.020205
1898.1	0	0	-0.020194
1899.1	0	0	-0.020182
1900.1	0	0	-0.020171
1901.1	0	0	-0.020159
1902.1	0	0	-0.020148
1903.1	0	0	-0.020137
1904.1	0	0	-0.020125
1905.1	0	0	-0.020114
1906.1	0	0	-0.020102
1907.1	0	0	-0.020091
1908.1	0	0	-0.02008
1909.1	0	0	-0.020068
1910.1	0	0	-0.020057
1911.1	0	0	-0.020046
1912.1	0	0	-0.020034
1913.1	0	0	-0.020023
1914.1	0	0	-0.020012
1915.1	0	0	-0.020001
1916.1	0	0	-0.019989
1917.1	0	0	-0.019978
1918.1	0	0	-0.019967
1919.1	0	0	-0.019956
1920.1	0	0	-0.019945
1921.1	0	0	-0.019933
1922.1	0	0	-0.019922
1923.1	0	0	-0.019911
1924.1	0	0	-0.0199
1925.1	0	0	-0.019889
1926.1	0	0	-0.019878
1927.1	0	0	-0.019867
1928.1	0	0	-0.019856
1929.1	0	0	-0.019845
1930.1	0	0	-0.019833
1931.1	0	0	-0.019822
1932.1	0	0	-0.019811
1933.1	0	0	-0.0198
1934.1	0	0	-0.019789
1935.1	0	0	-0.019778
1936.1	0	0	-0.019767
1937.1	0	0	-0.019756
1938.1	0	0	-0.019745
1939.1	0	0	-0.019735
1940.1	0	0	-0.019724
1941.1	0	0	-0.019713
1942.1	0	0	-0.019702
1943.1	0	0	-0.019691
1944.1	0	0	-0.01968
1945.1	0	0	-0.019669
1946.1	0	0	-0.019658
1947.1	0	0	-0.019647
1948.1	0	0	-0.019637
1949.1	0	0	-0.019626
1950.1	0	0	-0.019615
1951.1	0	0	-0.019604
1952.1	0	0	-0.019593
1953.1	0	0	-0.019583
1954.1	0	0	-0.019572
1955.1	0	0	-0.019561
1956.1	0	0	-0.01955
1957.1	0	0	-0.01954
1958.1	0	0	-0.019529
1959.1	0	0	-0.019518
1960.1	0	0	-0.019508
1961.1	0	0	-0.019497
1962.1	0	0	-0.019486
1963.1	0	0	-0.019476
1964.1	0	0	-0.019465
1965.1	0	0	-0.019454
1966.1	0	0	-0.019444
1967.1	0	0	-0.019433
1968.1	0	0	-0.019423
1969.1	0	0	-0.019412
1970.1	0	0	-0.019401
1971.1	0	0	-0.019391
1972.1	0	0	-0.01938
1973.1	0	0	-0.01937
1974.1	0	0	-0.019359
1975.1	0	0	-0.019349
1976.1	0	0	-0.019338
1977.1	0	0	-0.019328
1978.1	0	0	-0.019317
1979.1	0	0	-0.019307
1980.1	0	0	-0.019296
1981.1	0	0	-0.019286
1982.1	0	0	-0.019276
1983.1	0	0	-0.019265
1984.1	0	0	-0.019255
1985.1	0	0	-0.019244
1986.1	0	0	-0.019234
1987.1	0	0	-0.019224
1988.1	0	0	-0.019213
1989.1	0	0	-0.019203
1990.1	0	0	-0.019193
1991.1	0	0	-0.019182
1992.1	0	0	-0.019172
1993.1	0	0	-0.019162
1994.1	0	0	-0.019151
1995.1	0	0	-0.019141
1996.1	0	0	-0.019131
1997.1	0	0	-0.019121
1998.1	0	0	-0.01911
1999.1	0	0	-0.0191
2000.1	0	0	-0.01909
2001.1	0	0	-0.01908
2002.1	0	0	-0.01907
2003.1	0	0	-0.019059
2004.1	0	0	-0.019049
2005.1	0	0	-0.019039
2006.1	0	0	-0.019029
2007.1	0	0	-0.019019
2008.1	0	0	-0.019009
2009.1	0	0	-0.018998
2010.1	0	0	-0.018988
2011.1	0	0	-0.018978
2012.1	0	0	-0.018968
2013.1	0	0	-0.018958
2014.1	0	0	-0.018948
2015.1	0	0	-0.018938
2016.1	0	0	-0.018928
2017.1	0	0	-0.018918
2018.1	0	0	-0.018908
2019.1	0	0	-0.018898
2020.1	0	0	-0.018888
2021.1	0	0	-0.018878
2022.1	0	0	-0.018868
2023.1	0	0	-0.018858
2024.1	0	0	-0.018848
2025.1	0	0	-0.018838
2026.1	0	0	-0.018828
2027.1	0	0	-0.018818
2028.1	0	0	-0.018808
2029.1	0	0	-0.018798
2030.1	0	0	-0.018789
2031.1	0	0	-0.018779
2032.1	0	0	-0.018769
2033.1	0	0	-0.018759
2034.1	0	0	-0.018749
2035.1	0	0	-0.018739
2036.1	0	0	-0.01873
2037.1	0	0	-0.01872
2038.1	0	0	-0.01871
2039.1	0	0	-0.0187
2040.1	0	0	-0.01869
2041.1	0	0	-0.018681
2042.1	0	0	-0.018671
2043.1	0	0	-0.018661
2044.1	0	0	-0.018651
2045.1	0	0	-0.018642
2046.1	0	0	-0.018632
2047.1	0	0	-0.018622
2048.1	0	0	-0.018612
2049.1	0	0	-0.018603
2050.1	0	0	-0.018593
2051.1	0	0	-0.018583
2052.1	0	0	-0.018574
2053.1	0	0	-0.018564
2054.1	0	0	-0.018555
2055.1	0	0	-0.018545
2056.1	0	0	-0.018535
2057.1	0	0	-0.018526
2058.1	0	0	-0.018516
2059.1	0	0	-0.018506
2060.1	0	0	-0.018497
2061.1	0	0	-0.018487
2062.1	0	0	-0.018478
2063.1	0	0	-0.018468
2064.1	0	0	-0.018459
2065.1	0	0	-0.018449
2066.1	0	0	-0.01844
2067.1	0	0	-0.01843
2068.1	0	0	-0.018421
2069.1	0	0	-0.018411
2070.1	0	0	-0.018402
2071.1	0	0	-0.018392
2072.1	0	0	-0.018383
2073.1	0	0	-0.018373
2074.1	0	0	-0.018364
2075.1	0	0	-0.018355
2076.1	0	0	-0.018345
2077.1	0	0	-0.018336
2078.1	0	0	-0.018326
2079.1	0	0	-0.018317
2080.1	0	0	-0.018308
2081.1	0	0	-0.018298
2082.1	0	0	-0.018289
2083.1	0	0	-0.01828
2084.1	0	0	-0.01827
2085.1	0	0	-0.018261
2086.1	0	0	-0.018252
2087.1	0	0	-0.018242
2088.1	0	0	-0.018233
2089.1	0	0	-0.018224
2090.1	0	0	-0.018214
2091.1	0	0	-0.018205
2092.1	0	0	-0.018196
2093.1	0	0	-0.018187
2094.1	0	0	-0.018177
2095.1	0	0	-0.018168
2096.1	0	0	-0.018159
2097.1	0	0	-0.01815
2098.1	0	0	-0.018141
2099.1	0	0	-0.018131
2100.1	0	0	-0.018122
2101.1	0	0	-0.018113
2102.1	0	0	-0.018104
2103.1	0	0	-0.018095
2104.1	0	0	-0.018086
2105.1	0	0	-0.018076
2106.1	0	0	-0.018067
2107.1	0	0	-0.018058
2108.1	0	0	-0.018049
2109.1	0	0	-0.01804
2110.1	0	0	-0.018031
2111.1	0	0	-0.018022
2112.1	0	0	-0.018013
2113.1	0	0	-0.018004
2114.1	0	0	-0.017995
2115.1	0	0	-0.017986
2116.1	0	0	-0.017977
2117.1	0	0	-0.017968
2118.1	0	0	-0.017959
2119.1	0	0	-0.01795
2120.1	0	0	-0.017941
2121.1	0	0	-0.017932
2122.1	0	0	-0.017923
2123.1	0	0	-0.017914
2124.1	0	0	-0.017905
2125.1	0	0	-0.017896
2126.1	0	0	-0.017887
2127.1	0	0	-0.017878
2128.1	0	0	-0.017869
2129.1	0	0	-0.01786
2130.1	0	0	-0.017851
2131.1	0	0	-0.017842
2132.1	0	0	-0.017834
2133.1	0	0	-0.017825
2134.1	0	0	-0.017816
2135.1	0	0	-0.017807
2136.1	0	0	-0.017798
2137.1	0	0	-0.017789
2138.1	0	0	-0.01778
2139.1	0	0	-0.017772
2140.1	0	0	-0.017763
2141.1	0	0	-0.017754
2142.1	0	0	-0.017745
2143.1	0	0	-0.017736
2144.1	0	0	-0.017728
2145.1	0	0	-0.017719
2146.1	0	0	-0.01771
2147.1	0	0	-0.017701
2148.1	0	0	-0.017693
2149.1	0	0	-0.017684
2150.1	0	0	-0.017675
2151.1	0	0	-0.017667
2152.1	0	0	-0.017658
2153.1	0	0	-0.017649
2154.1	0	0	-0.01764
2155.1	0	0	-0.017632
2156.1	0	0	-0.017623
2157.1	0	0	-0.017614
2158.1	0	0	-0.017606
2159.1	0	0	-0.017597
2160.1	0	0	-0.017589
2161.1	0	0	-0.01758
2162.1	0	0	-0.017571
2163.1	0	0	-0.017563
2164.1	0	0	-0.017554
2165.1	0	0	-0.017546
2166.1	0	0	-0.017537
2167.1	0	0	-0.017528
2168.1	0	0	-0.01752
2169.1	0	0	-0.017511
2170.1	0	0	-0.017503
2171.1	0	0	-0.017494
2172.1	0	0	-0.017486
2173.1	0	0	-0.017477
2174.1	0	0	-0.017469
2175.1	0	0	-0.01746
2176.1	0	0	-0.017452
2177.1	0	0	-0.017443
2178.1	0	0	-0.017435
2179.1	0	0	-0.017426
2180.1	0	0	-0.017418
2181.1	0	0	-0.017409
2182.1	0	0	-0.017401
2183.1	0	0	-0.017392
2184.1	0	0	-0.017384
2185.1	0	0	-0.017376
2186.1	0	0	-0.017367
2187.1	0	0	-0.017359
2188.1	0	0	-0.01735
2189.1	0	0	-0.017342
2190.1	0	0	-0.017334
2191.1	0	0	-0.017325
2192.1	0	0	-0.017317
2193.1	0	0	-0.017309
2194.1	0	0	-0.0173
2195.1	0	0	-0.017292
2196.1	0	0	-0.017284
2197.1	0	0	-0.017275
2198.1	0	0	-0.017267
2199.1	0	0	-0.017259
2200.1	0	0	-0.01725
2201.1	0	0	-0.017242
2202.1	0	0	-0.017234
2203.1	0	0	-0.017226
2204.1	0	0	-0.017217
2205.1	0	0	-0.017209
2206.1	0	0	-0.017201
2207.1	0	0	-0.017193
2208.1	0	0	-0.017184
2209.1	0	0	-0.017176
2210.1	0	0	-0.017168
2211.1	0	0	-0.01716
2212.1	0	0	-0.017151
2213.1	0	0	-0.017143
2214.1	0	0	-0.017135
2215.1	0	0	-0.017127
2216.1	0	0	-0.017119
2217.1	0	0	-0.017111
2218.1	0	0	-0.017102
2219.1	0	0	-0.017094
2220.1	0	0	-0.017086
2221.1	0	0	-0.017078
2222.1	0	0	-0.01707
2223.1	0	0	-0.017062
2224.1	0	0	-0.017054
2225.1	0	0	-0.017046
2226.1	0	0	-0.017038
2227.1	0	0	-0.01703
2228.1	0	0	-0.017021
2229.1	0	0	-0.017013
2230.1	0	0	-0.017005
2231.1	0	0	-0.016997
2232.1	0	0	-0.016989
2233.1	0	0	-0.016981
2234.1	0	0	-0.016973
2235.1	0	0	-0.016965
2236.1	0	0	-0.016957
2237.1	0	0	-0.016949
2238.1	0	0	-0.016941
2239.1	0	0	-0.016933
2240.1	0	0	-0.016925
2241.1	0	0	-0.016917
2242.1	0	0	-0.016909
2243.1	0	0	-0.016901
2244.1	0	0	-0.016893
2245.1	0	0	-0.016886
2246.1	0	0	-0.016878
2247.1	0	0	-0.01687
2248.1	0	0	-0.016862
2249.1	0	0	-0.016854
2250.1	0	0	-0.016846
2251.1	0	0	-0.016838
2252.1	0	0	-0.01683
2253.1	0	0	-0.016822
2254.1	0	0	-0.016814
2255.1	0	0	-0.016807
2256.1	0	0	-0.016799
2257.1	0	0	-0.016791
2258.1	0	0	-0.016783
2259.1	0	0	-0.016775
2260.1	0	0	-0.016767
2261.1	0	0	-0.01676
2262.1	0	0	-0.016752
2263.1	0	0	-0.016744
2264.1	0	0	-0.016736
2265.1	0	0	-0.016728
2266.1	0	0	-0.016721
2267.1	0	0	-0.016713
2268.1	0	0	-0.016705
2269.1	0	0	-0.016697
2270.1	0	0	-0.01669
2271.1	0	0	-0.016682
2272.1	0	0	-0.016674
2273.1	0	0	-0.016666
2274.1	0	0	-0.016659
2275.1	0	0	-0.016651
2276.1	0	0	-0.016643
2277.1	0	0	-0.016636
2278.1	0	0	-0.016628
2279.1	0	0	-0.01662
2280.1	0	0	-0.016612
2281.1	0	0	-0.016605
2282.1	0	0	-0.016597
2283.1	0	0	-0.01659
2284.1	0	0	-0.016582
2285.1	0	0	-0.016574
2286.1	0	0	-0.016567
2287.1	0	0	-0.016559
2288.1	0	0	-0.016551
2289.1	0	0	-0.016544
2290.1	0	0	-0.016536
2291.1	0	0	-0.016529
2292.1	0	0	-0.016521
2293.1	0	0	-0.016513
2294.1	0	0	-0.016506
2295.1	0	0	-0.016498
2296.1	0	0	-0.016491
2297.1	0	0	-0.016483
2298.1	0	0	-0.016476
2299.1	0	0	-0.016468
2300.1	0	0	-0.016461
2301.1	0	0	-0.016453
2302.1	0	0	-0.016445
2303.1	0	0	-0.016438
2304.1	0	0	-0.01643
2305.1	0	0	-0.016423
2306.1	0	0	-0.016415
2307.1	0	0	-0.016408
2308.1	0	0	-0.016401
2309.1	0	0	-0.016393
2310.1	0	0	-0.016386
2311.1	0	0	-0.016378
2312.1	0	0	-0.016371
2313.1	0	0	-0.016363
2314.1	0	0	-0.016356
2315.1	0	0	-0.016348
2316.1	0	0	-0.016341
2317.1	0	0	-0.016334
2318.1	0	0	-0.016326
2319.1	0	0	-0.016319
2320.1	0	0	-0.016311
2321.1	0	0	-0.016304
2322.1	0	0	-0.016297
2323.1	0	0	-0.016289
2324.1	0	0	-0.016282
2325.1	0	0	-0.016274
2326.1	0	0	-0.016267
2327.1	0	0	-0.01626
2328.1	0	0	-0.016252
2329.1	0	0	-0.016245
2330.1	0	0	-0.016238
2331.1	0	0	-0.01623
2332.1	0	0	-0.016223
2333.1	0	0	-0.016216
2334.1	0	0	-0.016209
2335.1	0	0	-0.016201
2336.1	0	0	-0.016194
2337.1	0	0	-0.016187
2338.1	0	0	-0.016179
2339.1	0	0	-0.016172
2340.1	0	0	-0.016165
2341.1	0	0	-0.016158
2342.1	0	0	-0.01615
2343.1	0	0	-0.016143
2344.1	0	0	-0.016136
2345.1	0	0	-0.016129
2346.1	0	0	-0.016122
2347.1	0	0	-0.016114
2348.1	0	0	-0.016107
2349.1	0	0	-0.0161
2350.1	0	0	-0.016093
2351.1	0	0	-0.016086
2352.1	0	0	-0.016078
2353.1	0	0	-0.016071
2354.1	0	0	-0.016064
2355.1	0	0	-0.016057
2356.1	0	0	-0.01605
2357.1	0	0	-0.016043
2358.1	0	0	-0.016035
2359.1	0	0	-0.016028
2360.1	0	0	-0.016021
2361.1	0	0	-0.016014
2362.1	0	0	-0.016007
2363.1	0	0	-0.016
2364.1	0	0	-0.015993
2365.1	0	0	-0.015986
2366.1	0	0	-0.015979
2367.1	0	0	-0.015971
2368.1	0	0	-0.015964
2369.1	0	0	-0.015957
2370.1	0	0	-0.01595
2371.1	0	0	-0.015943
2372.1	0	0	-0.015936
2373.1	0	0	-0.015929
2374.1	0	0	-0.015922
2375.1	0	0	-0.015915
2376.1	0	0	-0.015908
2377.1	0	0	-0.015901
2378.1	0	0	-0.015894
2379.1	0	0	-0.015887
2380.1	0	0	-0.01588
2381.1	0	0	-0.015873
2382.1	0	0	-0.015866
2383.1	0	0	-0.015859
2384.1	0	0	-0.015852
2385.1	0	0	-0.015845
2386.1	0	0	-0.015838
2387.1	0	0	-0.015831
2388.1	0	0	-0.015824
2389.1	0	0	-0.015817
2390.1	0	0	-0.01581
2391.1	0	0	-0.015803
2392.1	0	0	-0.015797
2393.1	0	0	-0.01579
2394.1	0	0	-0.015783
2395.1	0	0	-0.015776
2396.1	0	0	-0.015769
2397.1	0	0	-0.015762
2398.1	0	0	-0.015755
2399.1	0	0	-0.015748
2400.1	0	0	-0.015741
2401.1	0	0	-0.015735
2402.1	0	0	-0.015728
2403.1	0	0	-0.015721
2404.1	0	0	-0.015714
2405.1	0	0	-0.015707
2406.1	0	0	-0.0157
2407.1	0	0	-0.015693
2408.1	0	0	-0.015687
2409.1	0	0	-0.01568
2410.1	0	0	-0.015673
2411.1	0	0	-0.015666
2412.1	0	0	-0.015659
2413.1	0	0	-0.015653
2414.1	0	0	-0.015646
2415.1	0	0	-0.015639
2416.1	0	0	-0.015632
2417.1	0	0	-0.015625
2418.1	0	0	-0.015619
2419.1	0	0	-0.015612
2420.1	0	0	-0.015605
2421.1	0	0	-0.015598
2422.1	0	0	-0.015592
2423.1	0	0	-0.015585
2424.1	0	0	-0.015578
2425.1	0	0	-0.015572
2426.1	0	0	-0.015565
2427.1	0	0	-0.015558
2428.1	0	0	-0.015551
2429.1	0	0	-0.015545
2430.1	0	0	-0.015538
2431.1	0	0	-0.015531
2432.1	0	0	-0.015525
2433.1	0	0	-0.015518
2434.1	0	0	-0.015511
2435.1	0	0	-0.015505
2436.1	0	0	-0.015498
2437.1	0	0	-0.015491
2438.1	0	0	-0.015485
2439.1	0	0	-0.015478
2440.1	0	0	-0.015471
2441.1	0	0	-0.015465
2442.1	0	0	-0.015458
2443.1	0	0	-0.015452
2444.1	0	0	-0.015445
2445.1	0	0	-0.015438
2446.1	0	0	-0.015432
2447.1	0	0	-0.015425
2448.1	0	0	-0.015419
2449.1	0	0	-0.015412
2450.1	0	0	-0.015405
2451.1	0	0	-0.015399
2452.1	0	0	-0.015392
2453.1	0	0	-0.015386
2454.1	0	0	-0.015379
2455.1	0	0	-0.015373
2456.1	0	0	-0.015366
2457.1	0	0	-0.015359
2458.1	0	0	-0.015353
2459.1	0	0	-0.015346
2460.1	0	0	-0.01534
2461.1	0	0	-0.015333
2462.1	0	0	-0.015327
2463.1	0	0	-0.01532
2464.1	0	0	-0.015314
2465.1	0	0	-0.015307
2466.1	0	0	-0.015301
2467.1	0	0	-0.015294
2468.1	0	0	-0.015288
2469.1	0	0	-0.015281
2470.1	0	0	-0.015275
2471.1	0	0	-0.015269
2472.1	0	0	-0.015262
2473.1	0	0	-0.015256
2474.1	0	0	-0.015249
2475.1	0	0	-0.015243
2476.1	0	0	-0.015236
2477.1	0	0	-0.01523
2478.1	0	0	-0.015224
2479.1	0	0	-0.015217
2480.1	0	0	-0.015211
2481.1	0	0	-0.015204
2482.1	0	0	-0.015198
2483.1	0	0	-0.015192
2484.1	0	0	-0.015185
2485.1	0	0	-0.015179
2486.1	0	0	-0.015172
2487.1	0	0	-0.015166
2488.1	0	0	-0.01516
2489.1	0	0	-0.015153
2490.1	0	0	-0.015147
2491.1	0	0	-0.015141
2492.1	0	0	-0.015134
2493.1	0	0	-0.015128
2494.1	0	0	-0.015122
2495.1	0	0	-0.015115
2496.1	0	0	-0.015109
2497.1	0	0	-0.015103
2498.1	0	0	-0.015096
2499.1	0	0	-0.01509
2500.1	0	0	-0.015084
2501.1	0	0	-0.015077
2502.1	0	0	-0.015071
2503.1	0	0	-0.015065
2504.1	0	0	-0.015059
2505.1	0	0	-0.015052
2506.1	0	0	-0.015046
2507.1	0	0	-0.01504
2508.1	0	0	-0.015033
2509.1	0	0	-0.015027
2510.1	0	0	-0.015021
