511.1	3.6513	0	0
512.1	1.1004	0	0
513.1	0.79601	0	0
514.1	0.65484	0	0
515.1	0.56913	0	0
516.1	0.51004	0	0
517.1	0.46614	0	0
518.1	0.43186	0	0
519.1	0.40413	0	0
520.1	0.38109	0	0
521.1	0.36156	0	0
522.1	0.34472	0	0
523.1	0.33001	0	0
524.1	0.31701	0	0
525.1	0.30541	0	0
526.1	0.29499	0	0
527.1	0.28554	0	0
528.1	0.27693	0	0
529.1	0.26904	0	0
530.1	0.26178	0	0
531.1	0.25506	0	0
532.1	0.24883	0	0
533.1	0.24301	0	0
534.1	0.23758	0	0
535.1	0.23249	0	0
536.1	0.2277	0	0
537.1	0.22319	0	0
538.1	0.21893	0	0
539.1	0.2149	0	0
540.1	0.21107	0	0
541.1	0.20744	0	0
542.1	0.20398	0	0
543.1	0.20068	0	0
544.1	0.19753	0	0
545.1	0.19452	0	0
546.1	0.19164	0	0
547.1	0.18888	0	0
548.1	0.18623	0	0
549.1	0.18368	0	0
550.1	0.18123	0	0
551.1	0.17887	0	0
552.1	0.1766	0	0
553.1	0.17441	0	0
554.1	0.17229	0	0
555.1	0.17025	0	0
556.1	0.16827	0	0
557.1	0.16636	0	0
558.1	0.16451	0	0
559.1	0.16271	0	0
560.1	0.16097	0	0
561.1	0.15928	0	0
562.1	0.15764	0	0
563.1	0.15605	0	0
564.1	0.1545	0	0
565.1	0.15299	0	0
566.1	0.15153	0	0
567.1	0.1501	0	0
568.1	0.14871	0	0
569.1	0.14736	0	0
570.1	0.14604	0	0
571.1	0.14475	0	0
572.1	0.1435	0	0
573.1	0.14227	0	0
574.1	0.14107	0	0
575.1	0.13991	0	0
576.1	0.13876	0	0
577.1	0.13765	0	0
578.1	0.13655	0	0
579.1	0.13549	0	0
580.1	0.13444	0	0
581.1	0.13342	0	0
582.1	0.13241	0	0
583.1	0.13143	0	0
584.1	0.13047	0	0
585.1	0.12953	0	0
586.1	0.1286	0	0
587.1	0.1277	0	0
588.1	0.12681	0	0
589.1	0.12594	0	0
590.1	0.12508	0	0
591.1	0.12424	0	0
592.1	0.12342	0	0
593.1	0.12261	0	0
594.1	0.12181	0	0
595.1	0.12103	0	0
596.1	0.12027	0	0
597.1	0.11951	0	0
598.1	0.11877	0	0
599.1	0.11804	0	0
600.1	0.11732	0	0
601.1	0.11662	0	0
602.1	0.11592	0	0
603.1	0.11524	0	0
604.1	0.11457	0	0
605.1	0.11391	0	0
606.1	0.11326	0	0
607.1	0.11262	0	0
608.1	0.11198	0	0
609.1	0.11136	0	0
610.1	0.11075	0	0
611.1	0.11015	0	0
612.1	0.10955	0	0
613.1	0.10896	0	0
614.1	0.10839	0	0
615.1	0.10782	0	0
616.1	0.10725	0	0
617.1	0.1067	0	0
618.1	0.10615	0	0
619.1	0.10562	0	0
620.1	0.10508	0	0
621.1	0.10456	0	0
622.1	0.10404	0	0
623.1	0.10353	0	0
624.1	0.10303	0	0
625.1	0.10253	0	0
626.1	0.10204	0	0
627.1	0.10155	0	0
628.1	0.10107	0	0
629.1	0.1006	0	0
630.1	0.10013	0	0
631.1	0.099672	0	0
632.1	0.099217	0	0
633.1	0.098766	0	0
634.1	0.098321	0	0
635.1	0.097882	0	0
636.1	0.097447	0	0
637.1	0.097018	0	0
638.1	0.096593	0	0
639.1	0.096174	0	0
640.1	0.095759	0	0
641.1	0.095349	0	0
642.1	0.094943	0	0
643.1	0.094542	0	0
644.1	0.094146	0	0
645.1	0.093753	0	0
646.1	0.093365	0	0
647.1	0.092982	0	0
648.1	0.092602	0	0
649.1	0.092226	0	0
650.1	0.091854	0	0
651.1	0.091487	0	0
652.1	0.091123	0	0
653.1	0.090763	0	0
654.1	0.090406	0	0
655.1	0.090053	0	0
656.1	0.089704	0	0
657.1	0.089358	0	0
658.1	0.089016	0	0
659.1	0.088677	0	0
660.1	0.088341	0	0
661.1	0.088009	0	0
662.1	0.08768	0	0
663.1	0.087354	0	0
664.1	0.087031	0	0
665.1	0.086711	0	0
666.1	0.086395	0	0
667.1	0.086081	0	0
668.1	0.08577	0	0
669.1	0.085462	0	0
670.1	0.085157	0	0
671.1	0.084855	0	0
672.1	0.084555	0	0
673.1	0.084258	0	0
674.1	0.083964	0	0
675.1	0.083673	0	0
676.1	0.083384	0	0
677.1	0.083097	0	0
678.1	0.082814	0	0
679.1	0.082532	0	0
680.1	0.082253	0	0
681.1	0.081977	0	0
682.1	0.081702	0	0
683.1	0.081431	0	0
684.1	0.081161	0	0
685.1	0.080894	0	0
686.1	0.080629	0	0
687.1	0.080366	0	0
688.1	0.080105	0	0
689.1	0.079847	0	0
690.1	0.079591	0	0
691.1	0.079336	0	0
692.1	0.079084	0	0
693.1	0.078834	0	0
694.1	0.078586	0	0
695.1	0.078339	0	0
696.1	0.078095	0	0
697.1	0.077853	0	0
698.1	0.077612	0	0
699.1	0.077374	0	0
700.1	0.077137	0	0
701.1	0.076902	0	0
702.1	0.076669	0	0
703.1	0.076438	0	0
704.1	0.076208	0	0
705.1	0.07598	0	0
706.1	0.075754	0	0
707.1	0.07553	0	0
708.1	0.075307	0	0
709.1	0.075086	0	0
710.1	0.074866	0	0
711.1	0.074649	0	0
712.1	0.074432	0	0
713.1	0.074218	0	0
714.1	0.074004	0	0
715.1	0.073793	0	0
716.1	0.073583	0	0
717.1	0.073374	0	0
718.1	0.073167	0	0
719.1	0.072961	0	0
720.1	0.072757	0	0
721.1	0.072554	0	0
722.1	0.072353	0	0
723.1	0.072153	0	0
724.1	0.071954	0	0
725.1	0.071757	0	0
726.1	0.071561	0	0
727.1	0.071366	0	0
728.1	0.071173	0	0
729.1	0.070981	0	0
730.1	0.07079	0	0
731.1	0.070601	0	0
732.1	0.070413	0	0
733.1	0.070226	0	0
734.1	0.07004	0	0
735.1	0.069856	0	0
736.1	0.069672	0	0
737.1	0.06949	0	0
738.1	0.069309	0	0
739.1	0.06913	0	0
740.1	0.068951	0	0
741.1	0.068773	0	0
742.1	0.068597	0	0
743.1	0.068422	0	0
744.1	0.068248	0	0
745.1	0.068075	0	0
746.1	0.067903	0	0
747.1	0.067732	0	0
748.1	0.067562	0	0
749.1	0.067393	0	0
750.1	0.067226	0	0
751.1	0.067059	0	0
752.1	0.066893	0	0
753.1	0.066728	0	0
754.1	0.066565	0	0
755.1	0.066402	0	0
756.1	0.06624	0	0
757.1	0.066079	0	0
758.1	0.06592	0	0
759.1	0.065761	0	0
760.1	0.065603	0	0
761.1	0.065446	0	0
762.1	0.06529	0	0
763.1	0.065134	0	0
764.1	0.06498	0	0
765.1	0.064827	0	0
766.1	0.064674	0	0
767.1	0.064523	0	0
768.1	0.064372	0	0
769.1	0.064222	0	0
770.1	0.064073	0	0
771.1	0.063925	0	0
772.1	0.063777	0	0
773.1	0.063631	0	0
774.1	0.063485	0	0
775.1	0.06334	0	0
776.1	0.063196	0	0
777.1	0.063052	0	0
778.1	0.06291	0	0
779.1	0.062768	0	0
780.1	0.062627	0	0
781.1	0.062487	0	0
782.1	0.062347	0	0
783.1	0.062209	0	0
784.1	0.062071	0	0
785.1	0.061933	0	0
786.1	0.061797	0	0
787.1	0.061661	0	0
788.1	0.061526	0	0
789.1	0.061392	0	0
790.1	0.061258	0	0
791.1	0.061125	0	0
792.1	0.060993	0	0
793.1	0.060861	0	0
794.1	0.060731	0	0
795.1	0.0606	0	0
796.1	0.060471	0	0
797.1	0.060342	0	0
798.1	0.060214	0	0
799.1	0.060086	0	0
800.1	0.059959	0	0
801.1	0.059833	0	0
802.1	0.059707	0	0
803.1	0.059583	0	0
804.1	0.059458	0	0
805.1	0.059334	0	0
806.1	0.059211	0	0
807.1	0.059089	0	0
808.1	0.058967	0	0
809.1	0.058846	0	0
810.1	0.058725	0	0
811.1	0.058605	0	0
812.1	0.058485	0	0
813.1	0.058366	0	0
814.1	0.058248	0	0
815.1	0.05813	0	0
816.1	0.058013	0	0
817.1	0.057896	0	0
818.1	0.05778	0	0
819.1	0.057665	0	0
820.1	0.05755	0	0
821.1	0.057435	0	0
822.1	0.057321	0	0
823.1	0.057208	0	0
824.1	0.057095	0	0
825.1	0.056983	0	0
826.1	0.056871	0	0
827.1	0.05676	0	0
828.1	0.056649	0	0
829.1	0.056539	0	0
830.1	0.056429	0	0
831.1	0.05632	0	0
832.1	0.056211	0	0
833.1	0.056103	0	0
834.1	0.055995	0	0
835.1	0.055888	0	0
836.1	0.055782	0	0
837.1	0.055675	0	0
838.1	0.055569	0	0
839.1	0.055464	0	0
840.1	0.055359	0	0
841.1	0.055255	0	0
842.1	0.055151	0	0
843.1	0.055048	0	0
844.1	0.054945	0	0
845.1	0.054842	0	0
846.1	0.05474	0	0
847.1	0.054638	0	0
848.1	0.054537	0	0
849.1	0.054437	0	0
850.1	0.054336	0	0
851.1	0.054236	0	0
852.1	0.054137	0	0
853.1	0.054038	0	0
854.1	0.053939	0	0
855.1	0.053841	0	0
856.1	0.053744	0	0
857.1	0.053646	0	0
858.1	0.053549	0	0
859.1	0.053453	0	0
860.1	0.053357	0	0
861.1	0.053261	0	0
862.1	0.053166	0	0
863.1	0.053071	0	0
864.1	0.052976	0	0
865.1	0.052882	0	0
866.1	0.052789	0	0
867.1	0.052695	0	0
868.1	0.052602	0	0
869.1	0.05251	0	0
870.1	0.052418	0	0
871.1	0.052326	0	0
872.1	0.052235	0	0
873.1	0.052144	0	0
874.1	0.052053	0	0
875.1	0.051963	0	0
876.1	0.051873	0	0
877.1	0.051783	0	0
878.1	0.051694	0	0
879.1	0.051605	0	0
880.1	0.051517	0	0
881.1	0.051429	0	0
882.1	0.051341	0	0
883.1	0.051253	0	0
884.1	0.051166	0	0
885.1	0.051079	0	0
886.1	0.050993	0	0
887.1	0.050907	0	0
888.1	0.050821	0	0
889.1	0.050736	0	0
890.1	0.050651	0	0
891.1	0.050566	0	0
892.1	0.050482	0	0
893.1	0.050398	0	0
894.1	0.050314	0	0
895.1	0.050231	0	0
896.1	0.050148	0	0
897.1	0.050065	0	0
898.1	0.049982	0	0
899.1	0.0499	0	0
900.1	0.049818	0	0
901.1	0.049737	0	0
902.1	0.049656	0	0
903.1	0.049575	0	0
904.1	0.049494	0	0
905.1	0.049414	0	0
906.1	0.049334	0	0
907.1	0.049254	0	0
908.1	0.049175	0	0
909.1	0.049096	0	0
910.1	0.049017	0	0
911.1	0.048938	0	0
912.1	0.04886	0	0
913.1	0.048782	0	0
914.1	0.048705	0	0
915.1	0.048627	0	0
916.1	0.04855	0	0
917.1	0.048473	0	0
918.1	0.048397	0	0
919.1	0.048321	0	0
920.1	0.048245	0	0
921.1	0.048169	0	0
922.1	0.048094	0	0
923.1	0.048018	0	0
924.1	0.047944	0	0
925.1	0.047869	0	0
926.1	0.047795	0	0
927.1	0.047721	0	0
928.1	0.047647	0	0
929.1	0.047573	0	0
930.1	0.0475	0	0
931.1	0.047427	0	0
932.1	0.047354	0	0
933.1	0.047282	0	0
934.1	0.047209	0	0
935.1	0.047137	0	0
936.1	0.047066	0	0
937.1	0.046994	0	0
938.1	0.046923	0	0
939.1	0.046852	0	0
940.1	0.046781	0	0
941.1	0.046711	0	0
942.1	0.04664	0	0
943.1	0.04657	0	0
944.1	0.046501	0	0
945.1	0.046431	0	0
946.1	0.046362	0	0
947.1	0.046293	0	0
948.1	0.046224	0	0
949.1	0.046155	0	0
950.1	0.046087	0	0
951.1	0.046019	0	0
952.1	0.045951	0	0
953.1	0.045883	0	0
954.1	0.045816	0	0
955.1	0.045748	0	0
956.1	0.045681	0	0
957.1	0.045615	0	0
958.1	0.045548	0	0
959.1	0.045482	0	0
960.1	0.045416	0	0
961.1	0.04535	0	0
962.1	0.045284	0	0
963.1	0.045219	0	0
964.1	0.045153	0	0
965.1	0.045088	0	0
966.1	0.045024	0	0
967.1	0.044959	0	0
968.1	0.044895	0	0
969.1	0.04483	0	0
970.1	0.044766	0	0
971.1	0.044703	0	0
972.1	0.044639	0	0
973.1	0.044576	0	0
974.1	0.044513	0	0
975.1	0.04445	0	0
976.1	0.044387	0	0
977.1	0.044324	0	0
978.1	0.044262	0	0
979.1	0.0442	0	0
980.1	0.044138	0	0
981.1	0.044076	0	0
982.1	0.044015	0	0
983.1	0.043953	0	0
984.1	0.043892	0	0
985.1	0.043831	0	0
986.1	0.04377	0	0
987.1	0.04371	0	0
988.1	0.043649	0	0
989.1	0.043589	0	0
990.1	0.043529	0	0
991.1	0.043469	0	0
992.1	0.04341	0	0
993.1	0.04335	0	0
994.1	0.043291	0	0
995.1	0.043232	0	0
996.1	0.043173	0	0
997.1	0.043114	0	0
998.1	0.043056	0	0
999.1	0.042997	0	0
1000.1	0.042939	0	0
1001.1	0.042881	0	0
1002.1	0.042823	0	0
1003.1	0.042766	0	0
1004.1	0.042708	0	0
1005.1	0.042651	0	0
1006.1	0.042594	0	0
1007.1	0.042537	0	0
1008.1	0.04248	0	0
1009.1	0.042423	0	0
1010.1	0.042367	0	0
1011.1	0.042311	0	0
1012.1	0.042254	0	0
1013.1	0.042198	0	0
1014.1	0.042143	0	0
1015.1	0.042087	0	0
1016.1	0.042032	0	0
1017.1	0.041976	0	0
1018.1	0.041921	0	0
1019.1	0.041866	0	0
1020.1	0.041811	0	0
1021.1	0.041757	0	0
1022.1	0.041702	0	0
1023.1	0.041648	0	0
1024.1	0.041594	0	0
1025.1	0.04154	0	0
1026.1	0.041486	0	0
1027.1	0.041432	0	0
1028.1	0.041379	0	0
1029.1	0.041325	0	0
1030.1	0.041272	0	0
1031.1	0.041219	0	0
1032.1	0.041166	0	0
1033.1	0.041113	0	0
1034.1	0.041061	0	0
1035.1	0.041008	0	0
1036.1	0.040956	0	0
1037.1	0.040904	0	0
1038.1	0.040852	0	0
1039.1	0.0408	0	0
1040.1	0.040748	0	0
1041.1	0.040697	0	0
1042.1	0.040645	0	0
1043.1	0.040594	0	0
1044.1	0.040543	0	0
1045.1	0.040492	0	0
1046.1	0.040441	0	0
1047.1	0.04039	0	0
1048.1	0.04034	0	0
1049.1	0.040289	0	0
1050.1	0.040239	0	0
1051.1	0.040189	0	0
1052.1	0.040139	0	0
1053.1	0.040089	0	0
1054.1	0.040039	0	0
1055.1	0.03999	0	0
1056.1	0.03994	0	0
1057.1	0.039891	0	0
1058.1	0.039842	0	0
1059.1	0.039793	0	0
1060.1	0.039744	0	0
1061.1	0.039695	0	0
1062.1	0.039647	0	0
1063.1	0.039598	0	0
1064.1	0.03955	0	0
1065.1	0.039501	0	0
1066.1	0.039453	0	0
1067.1	0.039405	0	0
1068.1	0.039357	0	0
1069.1	0.03931	0	0
1070.1	0.039262	0	0
1071.1	0.039215	0	0
1072.1	0.039167	0	0
1073.1	0.03912	0	0
1074.1	0.039073	0	0
1075.1	0.039026	0	0
1076.1	0.038979	0	0
1077.1	0.038933	0	0
1078.1	0.038886	0	0
1079.1	0.03884	0	0
1080.1	0.038793	0	0
1081.1	0.038747	0	0
1082.1	0.038701	0	0
1083.1	0.038655	0	0
1084.1	0.038609	0	0
1085.1	0.038563	0	0
1086.1	0.038518	0	0
1087.1	0.038472	0	0
1088.1	0.038427	0	0
1089.1	0.038382	0	0
1090.1	0.038337	0	0
1091.1	0.038292	0	0
1092.1	0.038247	0	0
1093.1	0.038202	0	0
1094.1	0.038157	0	0
1095.1	0.038113	0	0
1096.1	0.038068	0	0
1097.1	0.038024	0	0
1098.1	0.03798	0	0
1099.1	0.037936	0	0
1100.1	0.037892	0	0
1101.1	0.037848	0	0
1102.1	0.037804	0	0
1103.1	0.03776	0	0
1104.1	0.037717	0	0
1105.1	0.037673	0	0
1106.1	0.03763	0	0
1107.1	0.037587	0	0
1108.1	0.037544	0	0
1109.1	0.037501	0	0
1110.1	0.037458	0	0
1111.1	0.037415	0	0
1112.1	0.037373	0	0
1113.1	0.03733	0	0
1114.1	0.037288	0	0
1115.1	0.037245	0	0
1116.1	0.037203	0	0
1117.1	0.037161	0	0
1118.1	0.037119	0	0
1119.1	0.037077	0	0
1120.1	0.037035	0	0
1121.1	0.036993	0	0
1122.1	0.036952	0	0
1123.1	0.03691	0	0
1124.1	0.036869	0	0
1125.1	0.036828	0	0
1126.1	0.036786	0	0
1127.1	0.036745	0	0
1128.1	0.036704	0	0
1129.1	0.036664	0	0
1130.1	0.036623	0	0
1131.1	0.036582	0	0
1132.1	0.036541	0	0
1133.1	0.036501	0	0
1134.1	0.036461	0	0
1135.1	0.03642	0	0
1136.1	0.03638	0	0
1137.1	0.03634	0	0
1138.1	0.0363	0	0
1139.1	0.03626	0	0
1140.1	0.03622	0	0
1141.1	0.036181	0	0
1142.1	0.036141	0	0
1143.1	0.036101	0	0
1144.1	0.036062	0	0
1145.1	0.036023	0	0
1146.1	0.035983	0	0
1147.1	0.035944	0	0
1148.1	0.035905	0	0
1149.1	0.035866	0	0
1150.1	0.035827	0	0
1151.1	0.035789	0	0
1152.1	0.03575	0	0
1153.1	0.035711	0	0
1154.1	0.035673	0	0
1155.1	0.035635	0	0
1156.1	0.035596	0	0
1157.1	0.035558	0	0
1158.1	0.03552	0	0
1159.1	0.035482	0	0
1160.1	0.035444	0	0
1161.1	0.035406	0	0
1162.1	0.035368	0	0
1163.1	0.035331	0	0
1164.1	0.035293	0	0
1165.1	0.035255	0	0
1166.1	0.035218	0	0
1167.1	0.035181	0	0
1168.1	0.035143	0	0
1169.1	0.035106	0	0
1170.1	0.035069	0	0
1171.1	0.035032	0	0
1172.1	0.034995	0	0
1173.1	0.034959	0	0
1174.1	0.034922	0	0
1175.1	0.034885	0	0
1176.1	0.034849	0	0
1177.1	0.034812	0	0
1178.1	0.034776	0	0
1179.1	0.034739	0	0
1180.1	0.034703	0	0
1181.1	0.034667	0	0
1182.1	0.034631	0	0
1183.1	0.034595	0	0
1184.1	0.034559	0	0
1185.1	0.034523	0	0
1186.1	0.034487	0	0
1187.1	0.034452	0	0
1188.1	0.034416	0	0
1189.1	0.034381	0	0
1190.1	0.034345	0	0
1191.1	0.03431	0	0
1192.1	0.034275	0	0
1193.1	0.034239	0	0
1194.1	0.034204	0	0
1195.1	0.034169	0	0
1196.1	0.034134	0	0
1197.1	0.0341	0	0
1198.1	0.034065	0	0
1199.1	0.03403	0	0
1200.1	0.033995	0	0
1201.1	0.033961	0	0
1202.1	0.033926	0	0
1203.1	0.033892	0	0
1204.1	0.033858	0	0
1205.1	0.033823	0	0
1206.1	0.033789	0	0
1207.1	0.033755	0	0
1208.1	0.033721	0	0
1209.1	0.033687	0	0
1210.1	0.033653	0	0
1211.1	0.033619	0	0
1212.1	0.033586	0	0
1213.1	0.033552	0	0
1214.1	0.033518	0	0
1215.1	0.033485	0	0
1216.1	0.033451	0	0
1217.1	0.033418	0	0
1218.1	0.033385	0	0
1219.1	0.033352	0	0
1220.1	0.033318	0	0
1221.1	0.033285	0	0
1222.1	0.033252	0	0
1223.1	0.033219	0	0
1224.1	0.033186	0	0
1225.1	0.033154	0	0
1226.1	0.033121	0	0
1227.1	0.033088	0	0
1228.1	0.033056	0	0
1229.1	0.033023	0	0
1230.1	0.032991	0	0
1231.1	0.032958	0	0
1232.1	0.032926	0	0
1233.1	0.032894	0	0
1234.1	0.032862	0	0
1235.1	0.03283	0	0
1236.1	0.032798	0	0
1237.1	0.032766	0	0
1238.1	0.032734	0	0
1239.1	0.032702	0	0
1240.1	0.03267	0	0
1241.1	0.032638	0	0
1242.1	0.032607	0	0
1243.1	0.032575	0	0
1244.1	0.032544	0	0
1245.1	0.032512	0	0
1246.1	0.032481	0	0
1247.1	0.03245	0	0
1248.1	0.032418	0	0
1249.1	0.032387	0	0
1250.1	0.032356	0	0
1251.1	0.032325	0	0
1252.1	0.032294	0	0
1253.1	0.032263	0	0
1254.1	0.032232	0	0
1255.1	0.032201	0	0
1256.1	0.032171	0	0
1257.1	0.03214	0	0
1258.1	0.032109	0	0
1259.1	0.032079	0	0
1260.1	0.032048	0	0
1261.1	0.032018	0	0
1262.1	0.031988	0	0
1263.1	0.031957	0	0
1264.1	0.031927	0	0
1265.1	0.031897	0	0
1266.1	0.031867	0	0
1267.1	0.031837	0	0
1268.1	0.031807	0	0
1269.1	0.031777	0	0
1270.1	0.031747	0	0
1271.1	0.031717	0	0
1272.1	0.031688	0	0
1273.1	0.031658	0	0
1274.1	0.031628	0	0
1275.1	0.031599	0	0
1276.1	0.031569	0	0
1277.1	0.03154	0	0
1278.1	0.031511	0	0
1279.1	0.031481	0	0
1280.1	0.031452	0	0
1281.1	0.031423	0	0
1282.1	0.031394	0	0
1283.1	0.031365	0	0
1284.1	0.031335	0	0
1285.1	0.031307	0	0
1286.1	0.031278	0	0
1287.1	0.031249	0	0
1288.1	0.03122	0	0
1289.1	0.031191	0	0
1290.1	0.031163	0	0
1291.1	0.031134	0	0
1292.1	0.031105	0	0
1293.1	0.031077	0	0
1294.1	0.031048	0	0
1295.1	0.03102	0	0
1296.1	0.030992	0	0
1297.1	0.030963	0	0
1298.1	0.030935	0	0
1299.1	0.030907	0	0
1300.1	0.030879	0	0
1301.1	0.030851	0	0
1302.1	0.030823	0	0
1303.1	0.030795	0	0
1304.1	0.030767	0	0
1305.1	0.030739	0	0
1306.1	0.030711	0	0
1307.1	0.030684	0	0
1308.1	0.030656	0	0
1309.1	0.030628	0	0
1310.1	0.030601	0	0
1311.1	0.030573	0	0
1312.1	0.030546	0	0
1313.1	0.030518	0	0
1314.1	0.030491	0	0
1315.1	0.030464	0	0
1316.1	0.030436	0	0
1317.1	0.030409	0	0
1318.1	0.030382	0	0
1319.1	0.030355	0	0
1320.1	0.030328	0	0
1321.1	0.030301	0	0
1322.1	0.030274	0	0
1323.1	0.030247	0	0
1324.1	0.03022	0	0
1325.1	0.030193	0	0
1326.1	0.030167	0	0
1327.1	0.03014	0	0
1328.1	0.030113	0	0
1329.1	0.030087	0	0
1330.1	0.03006	0	0
1331.1	0.030034	0	0
1332.1	0.030007	0	0
1333.1	0.029981	0	0
1334.1	0.029955	0	0
1335.1	0.029928	0	0
1336.1	0.029902	0	0
1337.1	0.029876	0	0
1338.1	0.02985	0	0
1339.1	0.029824	0	0
1340.1	0.029798	0	0
1341.1	0.029772	0	0
1342.1	0.029746	0	0
1343.1	0.02972	0	0
1344.1	0.029694	0	0
1345.1	0.029668	0	0
1346.1	0.029642	0	0
1347.1	0.029617	0	0
1348.1	0.029591	0	0
1349.1	0.029565	0	0
1350.1	0.02954	0	0
1351.1	0.029514	0	0
1352.1	0.029489	0	0
1353.1	0.029463	0	0
1354.1	0.029438	0	0
1355.1	0.029413	0	0
1356.1	0.029387	0	0
1357.1	0.029362	0	0
1358.1	0.029337	0	0
1359.1	0.029312	0	0
1360.1	0.029287	0	0
1361.1	0.029262	0	0
1362.1	0.029237	0	0
1363.1	0.029212	0	0
1364.1	0.029187	0	0
1365.1	0.029162	0	0
1366.1	0.029137	0	0
1367.1	0.029112	0	0
1368.1	0.029088	0	0
1369.1	0.029063	0	0
1370.1	0.029038	0	0
1371.1	0.029014	0	0
1372.1	0.028989	0	0
1373.1	0.028965	0	0
1374.1	0.02894	0	0
1375.1	0.028916	0	0
1376.1	0.028891	0	0
1377.1	0.028867	0	0
1378.1	0.028843	0	0
1379.1	0.028818	0	0
1380.1	0.028794	0	0
1381.1	0.02877	0	0
1382.1	0.028746	0	0
1383.1	0.028722	0	0
1384.1	0.028698	0	0
1385.1	0.028674	0	0
1386.1	0.02865	0	0
1387.1	0.028626	0	0
1388.1	0.028602	0	0
1389.1	0.028578	0	0
1390.1	0.028555	0	0
1391.1	0.028531	0	0
1392.1	0.028507	0	0
1393.1	0.028484	0	0
1394.1	0.02846	0	0
1395.1	0.028436	0	0
1396.1	0.028413	0	0
1397.1	0.028389	0	0
1398.1	0.028366	0	0
1399.1	0.028343	0	0
1400.1	0.028319	0	0
1401.1	0.028296	0	0
1402.1	0.028273	0	0
1403.1	0.028249	0	0
1404.1	0.028226	0	0
1405.1	0.028203	0	0
1406.1	0.02818	0	0
1407.1	0.028157	0	0
1408.1	0.028134	0	0
1409.1	0.028111	0	0
1410.1	0.028088	0	0
1411.1	0.028065	0	0
1412.1	0.028042	0	0
1413.1	0.028019	0	0
1414.1	0.027997	0	0
1415.1	0.027974	0	0
1416.1	0.027951	0	0
1417.1	0.027928	0	0
1418.1	0.027906	0	0
1419.1	0.027883	0	0
1420.1	0.027861	0	0
1421.1	0.027838	0	0
1422.1	0.027816	0	0
1423.1	0.027793	0	0
1424.1	0.027771	0	0
1425.1	0.027748	0	0
1426.1	0.027726	0	0
1427.1	0.027704	0	0
1428.1	0.027682	0	0
1429.1	0.027659	0	0
1430.1	0.027637	0	0
1431.1	0.027615	0	0
1432.1	0.027593	0	0
1433.1	0.027571	0	0
1434.1	0.027549	0	0
1435.1	0.027527	0	0
1436.1	0.027505	0	0
1437.1	0.027483	0	0
1438.1	0.027461	0	0
1439.1	0.027439	0	0
1440.1	0.027417	0	0
1441.1	0.027396	0	0
1442.1	0.027374	0	0
1443.1	0.027352	0	0
1444.1	0.027331	0	0
1445.1	0.027309	0	0
1446.1	0.027287	0	0
1447.1	0.027266	0	0
1448.1	0.027244	0	0
1449.1	0.027223	0	0
1450.1	0.027201	0	0
1451.1	0.02718	0	0
1452.1	0.027159	0	0
1453.1	0.027137	0	0
1454.1	0.027116	0	0
1455.1	0.027095	0	0
1456.1	0.027074	0	0
1457.1	0.027052	0	0
1458.1	0.027031	0	0
1459.1	0.02701	0	0
1460.1	0.026989	0	0
1461.1	0.026968	0	0
1462.1	0.026947	0	0
1463.1	0.026926	0	0
1464.1	0.026905	0	0
1465.1	0.026884	0	0
1466.1	0.026863	0	0
1467.1	0.026842	0	0
1468.1	0.026822	0	0
1469.1	0.026801	0	0
1470.1	0.02678	0	0
1471.1	0.026759	0	0
1472.1	0.026739	0	0
1473.1	0.026718	0	0
1474.1	0.026698	0	0
1475.1	0.026677	0	0
1476.1	0.026656	0	0
1477.1	0.026636	0	0
1478.1	0.026615	0	0
1479.1	0.026595	0	0
1480.1	0.026575	0	0
1481.1	0.026554	0	0
1482.1	0.026534	0	0
1483.1	0.026514	0	0
1484.1	0.026493	0	0
1485.1	0.026473	0	0
1486.1	0.026453	0	0
1487.1	0.026433	0	0
1488.1	0.026413	0	0
1489.1	0.026393	0	0
1490.1	0.026372	0	0
1491.1	0.026352	0	0
1492.1	0.026332	0	0
1493.1	0.026312	0	0
1494.1	0.026292	0	0
1495.1	0.026273	0	0
1496.1	0.026253	0	0
1497.1	0.026233	0	0
1498.1	0.026213	0	0
1499.1	0.026193	0	0
1500.1	0.026173	0	0
1501.1	0.026154	0	0
1502.1	0.026134	0	0
1503.1	0.026114	0	0
1504.1	0.026095	0	0
1505.1	0.026075	0	0
1506.1	0.026056	0	0
1507.1	0.026036	0	0
1508.1	0.026017	0	0
1509.1	0.025997	0	0
1510.1	0.025978	0	0
1511.1	0.025958	0	0
1512.1	0.025939	0	0
1513.1	0.02592	0	0
1514.1	0.0259	0	0
1515.1	0.025881	0	0
1516.1	0.025862	0	0
1517.1	0.025842	0	0
1518.1	0.025823	0	0
1519.1	0.025804	0	0
1520.1	0.025785	0	0
1521.1	0.025766	0	0
1522.1	0.025747	0	0
1523.1	0.025728	0	0
1524.1	0.025709	0	0
1525.1	0.02569	0	0
1526.1	0.025671	0	0
1527.1	0.025652	0	0
1528.1	0.025633	0	0
1529.1	0.025614	0	0
1530.1	0.025595	0	0
1531.1	0.025576	0	0
1532.1	0.025558	0	0
1533.1	0.025539	0	0
1534.1	0.02552	0	0
1535.1	0.025501	0	0
1536.1	0.025483	0	0
1537.1	0.025464	0	0
1538.1	0.025445	0	0
1539.1	0.025427	0	0
1540.1	0.025408	0	0
1541.1	0.02539	0	0
1542.1	0.025371	0	0
1543.1	0.025353	0	0
1544.1	0.025334	0	0
1545.1	0.025316	0	0
1546.1	0.025298	0	0
1547.1	0.025279	0	0
1548.1	0.025261	0	0
1549.1	0.025243	0	0
1550.1	0.025224	0	0
1551.1	0.025206	0	0
1552.1	0.025188	0	0
1553.1	0.02517	0	0
1554.1	0.025152	0	0
1555.1	0.025133	0	0
1556.1	0.025115	0	0
1557.1	0.025097	0	0
1558.1	0.025079	0	0
1559.1	0.025061	0	0
1560.1	0.025043	0	0
1561.1	0.025025	0	0
1562.1	0.025007	0	0
1563.1	0.024989	0	0
1564.1	0.024971	0	0
1565.1	0.024954	0	0
1566.1	0.024936	0	0
1567.1	0.024918	0	0
1568.1	0.0249	0	0
1569.1	0.024882	0	0
1570.1	0.024865	0	0
1571.1	0.024847	0	0
1572.1	0.024829	0	0
1573.1	0.024812	0	0
1574.1	0.024794	0	0
1575.1	0.024776	0	0
1576.1	0.024759	0	0
1577.1	0.024741	0	0
1578.1	0.024724	0	0
1579.1	0.024706	0	0
1580.1	0.024689	0	0
1581.1	0.024671	0	0
1582.1	0.024654	0	0
1583.1	0.024637	0	0
1584.1	0.024619	0	0
1585.1	0.024602	0	0
1586.1	0.024585	0	0
1587.1	0.024567	0	0
1588.1	0.02455	0	0
1589.1	0.024533	0	0
1590.1	0.024516	0	0
1591.1	0.024499	0	0
1592.1	0.024481	0	0
1593.1	0.024464	0	0
1594.1	0.024447	0	0
1595.1	0.02443	0	0
1596.1	0.024413	0	0
1597.1	0.024396	0	0
1598.1	0.024379	0	0
1599.1	0.024362	0	0
1600.1	0.024345	0	0
1601.1	0.024328	0	0
1602.1	0.024311	0	0
1603.1	0.024294	0	0
1604.1	0.024277	0	0
1605.1	0.024261	0	0
1606.1	0.024244	0	0
1607.1	0.024227	0	0
1608.1	0.02421	0	0
1609.1	0.024194	0	0
1610.1	0.024177	0	0
1611.1	0.02416	0	0
1612.1	0.024143	0	0
1613.1	0.024127	0	0
1614.1	0.02411	0	0
1615.1	0.024094	0	0
1616.1	0.024077	0	0
1617.1	0.024061	0	0
1618.1	0.024044	0	0
1619.1	0.024028	0	0
1620.1	0.024011	0	0
1621.1	0.023995	0	0
1622.1	0.023978	0	0
1623.1	0.023962	0	0
1624.1	0.023945	0	0
1625.1	0.023929	0	0
1626.1	0.023913	0	0
1627.1	0.023896	0	0
1628.1	0.02388	0	0
1629.1	0.023864	0	0
1630.1	0.023848	0	0
1631.1	0.023831	0	0
1632.1	0.023815	0	0
1633.1	0.023799	0	0
1634.1	0.023783	0	0
1635.1	0.023767	0	0
1636.1	0.023751	0	0
1637.1	0.023735	0	0
1638.1	0.023719	0	0
1639.1	0.023703	0	0
1640.1	0.023687	0	0
1641.1	0.023671	0	0
1642.1	0.023655	0	0
1643.1	0.023639	0	0
1644.1	0.023623	0	0
1645.1	0.023607	0	0
1646.1	0.023591	0	0
1647.1	0.023575	0	0
1648.1	0.023559	0	0
1649.1	0.023544	0	0
1650.1	0.023528	0	0
1651.1	0.023512	0	0
1652.1	0.023496	0	0
1653.1	0.023481	0	0
1654.1	0.023465	0	0
1655.1	0.023449	0	0
1656.1	0.023434	0	0
1657.1	0.023418	0	0
1658.1	0.023402	0	0
1659.1	0.023387	0	0
1660.1	0.023371	0	0
1661.1	0.023356	0	0
1662.1	0.02334	0	0
1663.1	0.023325	0	0
1664.1	0.023309	0	0
1665.1	0.023294	0	0
1666.1	0.023278	0	0
1667.1	0.023263	0	0
1668.1	0.023247	0	0
1669.1	0.023232	0	0
1670.1	0.023217	0	0
1671.1	0.023201	0	0
1672.1	0.023186	0	0
1673.1	0.023171	0	0
1674.1	0.023156	0	0
1675.1	0.02314	0	0
1676.1	0.023125	0	0
1677.1	0.02311	0	0
1678.1	0.023095	0	0
1679.1	0.02308	0	0
1680.1	0.023064	0	0
1681.1	0.023049	0	0
1682.1	0.023034	0	0
1683.1	0.023019	0	0
1684.1	0.023004	0	0
1685.1	0.022989	0	0
1686.1	0.022974	0	0
1687.1	0.022959	0	0
1688.1	0.022944	0	0
1689.1	0.022929	0	0
1690.1	0.022914	0	0
1691.1	0.022899	0	0
1692.1	0.022884	0	0
1693.1	0.022869	0	0
1694.1	0.022855	0	0
1695.1	0.02284	0	0
1696.1	0.022825	0	0
1697.1	0.02281	0	0
1698.1	0.022795	0	0
1699.1	0.022781	0	0
1700.1	0.022766	0	0
1701.1	0.022751	0	0
1702.1	0.022737	0	0
1703.1	0.022722	0	0
1704.1	0.022707	0	0
1705.1	0.022693	0	0
1706.1	0.022678	0	0
1707.1	0.022663	0	0
1708.1	0.022649	0	0
1709.1	0.022634	0	0
1710.1	0.02262	0	0
1711.1	0.022605	0	0
1712.1	0.022591	0	0
1713.1	0.022576	0	0
1714.1	0.022562	0	0
1715.1	0.022547	0	0
1716.1	0.022533	0	0
1717.1	0.022519	0	0
1718.1	0.022504	0	0
1719.1	0.02249	0	0
1720.1	0.022475	0	0
1721.1	0.022461	0	0
1722.1	0.022447	0	0
1723.1	0.022433	0	0
1724.1	0.022418	0	0
1725.1	0.022404	0	0
1726.1	0.02239	0	0
1727.1	0.022376	0	0
1728.1	0.022361	0	0
1729.1	0.022347	0	0
1730.1	0.022333	0	0
1731.1	0.022319	0	0
1732.1	0.022305	0	0
1733.1	0.022291	0	0
1734.1	0.022277	0	0
1735.1	0.022263	0	0
1736.1	0.022249	0	0
1737.1	0.022235	0	0
1738.1	0.022221	0	0
1739.1	0.022207	0	0
1740.1	0.022193	0	0
1741.1	0.022179	0	0
1742.1	0.022165	0	0
1743.1	0.022151	0	0
1744.1	0.022137	0	0
1745.1	0.022123	0	0
1746.1	0.022109	0	0
1747.1	0.022095	0	0
1748.1	0.022081	0	0
1749.1	0.022068	0	0
1750.1	0.022054	0	0
1751.1	0.02204	0	0
1752.1	0.022026	0	0
1753.1	0.022013	0	0
1754.1	0.021999	0	0
1755.1	0.021985	0	0
1756.1	0.021972	0	0
1757.1	0.021958	0	0
1758.1	0.021944	0	0
1759.1	0.021931	0	0
1760.1	0.021917	0	0
1761.1	0.021903	0	0
1762.1	0.02189	0	0
1763.1	0.021876	0	0
1764.1	0.021863	0	0
1765.1	0.021849	0	0
1766.1	0.021836	0	0
1767.1	0.021822	0	0
1768.1	0.021809	0	0
1769.1	0.021795	0	0
1770.1	0.021782	0	0
1771.1	0.021769	0	0
1772.1	0.021755	0	0
1773.1	0.021742	0	0
1774.1	0.021728	0	0
1775.1	0.021715	0	0
1776.1	0.021702	0	0
1777.1	0.021688	0	0
1778.1	0.021675	0	0
1779.1	0.021662	0	0
1780.1	0.021649	0	0
1781.1	0.021635	0	0
1782.1	0.021622	0	0
1783.1	0.021609	0	0
1784.1	0.021596	0	0
1785.1	0.021582	0	0
1786.1	0.021569	0	0
1787.1	0.021556	0	0
1788.1	0.021543	0	0
1789.1	0.02153	0	0
1790.1	0.021517	0	0
1791.1	0.021504	0	0
1792.1	0.021491	0	0
1793.1	0.021478	0	0
1794.1	0.021465	0	0
1795.1	0.021452	0	0
1796.1	0.021439	0	0
1797.1	0.021426	0	0
1798.1	0.021413	0	0
1799.1	0.0214	0	0
1800.1	0.021387	0	0
1801.1	0.021374	0	0
1802.1	0.021361	0	0
1803.1	0.021348	0	0
1804.1	0.021335	0	0
1805.1	0.021322	0	0
1806.1	0.02131	0	0
1807.1	0.021297	0	0
1808.1	0.021284	0	0
1809.1	0.021271	0	0
1810.1	0.021258	0	0
1811.1	0.021246	0	0
1812.1	0.021233	0	0
1813.1	0.02122	0	0
1814.1	0.021207	0	0
1815.1	0.021195	0	0
1816.1	0.021182	0	0
1817.1	0.021169	0	0
1818.1	0.021157	0	0
1819.1	0.021144	0	0
1820.1	0.021132	0	0
1821.1	0.021119	0	0
1822.1	0.021106	0	0
1823.1	0.021094	0	0
1824.1	0.021081	0	0
1825.1	0.021069	0	0
1826.1	0.021056	0	0
1827.1	0.021044	0	0
1828.1	0.021031	0	0
1829.1	0.021019	0	0
1830.1	0.021006	0	0
1831.1	0.020994	0	0
1832.1	0.020981	0	0
1833.1	0.020969	0	0
1834.1	0.020957	0	0
1835.1	0.020944	0	0
1836.1	0.020932	0	0
1837.1	0.02092	0	0
1838.1	0.020907	0	0
1839.1	0.020895	0	0
1840.1	0.020883	0	0
1841.1	0.02087	0	0
1842.1	0.020858	0	0
1843.1	0.020846	0	0
1844.1	0.020834	0	0
1845.1	0.020821	0	0
1846.1	0.020809	0	0
1847.1	0.020797	0	0
1848.1	0.020785	0	0
1849.1	0.020773	0	0
1850.1	0.02076	0	0
1851.1	0.020748	0	0
1852.1	0.020736	0	0
1853.1	0.020724	0	0
1854.1	0.020712	0	0
1855.1	0.0207	0	0
1856.1	0.020688	0	0
1857.1	0.020676	0	0
1858.1	0.020664	0	0
1859.1	0.020652	0	0
1860.1	0.02064	0	0
1861.1	0.020628	0	0
1862.1	0.020616	0	0
1863.1	0.020604	0	0
1864.1	0.020592	0	0
1865.1	0.02058	0	0
1866.1	0.020568	0	0
1867.1	0.020556	0	0
1868.1	0.020544	0	0
1869.1	0.020532	0	0
1870.1	0.02052	0	0
1871.1	0.020508	0	0
1872.1	0.020497	0	0
1873.1	0.020485	0	0
1874.1	0.020473	0	0
1875.1	0.020461	0	0
1876.1	0.020449	0	0
1877.1	0.020438	0	0
1878.1	0.020426	0	0
1879.1	0.020414	0	0
1880.1	0.020402	0	0
1881.1	0.020391	0	0
1882.1	0.020379	0	0
1883.1	0.020367	0	0
1884.1	0.020356	0	0
1885.1	0.020344	0	0
1886.1	0.020332	0	0
1887.1	0.020321	0	0
1888.1	0.020309	0	0
1889.1	0.020298	0	0
1890.1	0.020286	0	0
1891.1	0.020274	0	0
1892.1	0.020263	0	0
1893.1	0.020251	0	0
1894.1	0.02024	0	0
1895.1	0.020228	0	0
1896.1	0.020217	0	0
1897.1	0.020205	0	0
1898.1	0.020194	0	0
1899.1	0.020182	0	0
1900.1	0.020171	0	0
1901.1	0.020159	0	0
1902.1	0.020148	0	0
1903.1	0.020137	0	0
1904.1	0.020125	0	0
1905.1	0.020114	0	0
1906.1	0.020102	0	0
1907.1	0.020091	0	0
1908.1	0.02008	0	0
1909.1	0.020068	0	0
1910.1	0.020057	0	0
1911.1	0.020046	0	0
1912.1	0.020034	0	0
1913.1	0.020023	0	0
1914.1	0.020012	0	0
1915.1	0.020001	0	0
1916.1	0.019989	0	0
1917.1	0.019978	0	0
1918.1	0.019967	0	0
1919.1	0.019956	0	0
1920.1	0.019945	0	0
1921.1	0.019933	0	0
1922.1	0.019922	0	0
1923.1	0.019911	0	0
1924.1	0.0199	0	0
1925.1	0.019889	0	0
1926.1	0.019878	0	0
1927.1	0.019867	0	0
1928.1	0.019856	0	0
1929.1	0.019845	0	0
1930.1	0.019833	0	0
1931.1	0.019822	0	0
1932.1	0.019811	0	0
1933.1	0.0198	0	0
1934.1	0.019789	0	0
1935.1	0.019778	0	0
1936.1	0.019767	0	0
1937.1	0.019756	0	0
1938.1	0.019745	0	0
1939.1	0.019735	0	0
1940.1	0.019724	0	0
1941.1	0.019713	0	0
1942.1	0.019702	0	0
1943.1	0.019691	0	0
1944.1	0.01968	0	0
1945.1	0.019669	0	0
1946.1	0.019658	0	0
1947.1	0.019647	0	0
1948.1	0.019637	0	0
1949.1	0.019626	0	0
1950.1	0.019615	0	0
1951.1	0.019604	0	0
1952.1	0.019593	0	0
1953.1	0.019583	0	0
1954.1	0.019572	0	0
1955.1	0.019561	0	0
1956.1	0.01955	0	0
1957.1	0.01954	0	0
1958.1	0.019529	0	0
1959.1	0.019518	0	0
1960.1	0.019508	0	0
1961.1	0.019497	0	0
1962.1	0.019486	0	0
1963.1	0.019476	0	0
1964.1	0.019465	0	0
1965.1	0.019454	0	0
1966.1	0.019444	0	0
1967.1	0.019433	0	0
1968.1	0.019423	0	0
1969.1	0.019412	0	0
1970.1	0.019401	0	0
1971.1	0.019391	0	0
1972.1	0.01938	0	0
1973.1	0.01937	0	0
1974.1	0.019359	0	0
1975.1	0.019349	0	0
1976.1	0.019338	0	0
1977.1	0.019328	0	0
1978.1	0.019317	0	0
1979.1	0.019307	0	0
1980.1	0.019296	0	0
1981.1	0.019286	0	0
1982.1	0.019276	0	0
1983.1	0.019265	0	0
1984.1	0.019255	0	0
1985.1	0.019244	0	0
1986.1	0.019234	0	0
1987.1	0.019224	0	0
1988.1	0.019213	0	0
1989.1	0.019203	0	0
1990.1	0.019193	0	0
1991.1	0.019182	0	0
1992.1	0.019172	0	0
1993.1	0.019162	0	0
1994.1	0.019151	0	0
1995.1	0.019141	0	0
1996.1	0.019131	0	0
1997.1	0.019121	0	0
1998.1	0.01911	0	0
1999.1	0.0191	0	0
2000.1	0.01909	0	0
2001.1	0.01908	0	0
2002.1	0.01907	0	0
2003.1	0.019059	0	0
2004.1	0.019049	0	0
2005.1	0.019039	0	0
2006.1	0.019029	0	0
2007.1	0.019019	0	0
2008.1	0.019009	0	0
2009.1	0.018998	0	0
2010.1	0.018988	0	0
2011.1	0.018978	0	0
2012.1	0.018968	0	0
2013.1	0.018958	0	0
2014.1	0.018948	0	0
2015.1	0.018938	0	0
2016.1	0.018928	0	0
2017.1	0.018918	0	0
2018.1	0.018908	0	0
2019.1	0.018898	0	0
2020.1	0.018888	0	0
2021.1	0.018878	0	0
2022.1	0.018868	0	0
2023.1	0.018858	0	0
2024.1	0.018848	0	0
2025.1	0.018838	0	0
2026.1	0.018828	0	0
2027.1	0.018818	0	0
2028.1	0.018808	0	0
2029.1	0.018798	0	0
2030.1	0.018789	0	0
2031.1	0.018779	0	0
2032.1	0.018769	0	0
2033.1	0.018759	0	0
2034.1	0.018749	0	0
2035.1	0.018739	0	0
2036.1	0.01873	0	0
2037.1	0.01872	0	0
2038.1	0.01871	0	0
2039.1	0.0187	0	0
2040.1	0.01869	0	0
2041.1	0.018681	0	0
2042.1	0.018671	0	0
2043.1	0.018661	0	0
2044.1	0.018651	0	0
2045.1	0.018642	0	0
2046.1	0.018632	0	0
2047.1	0.018622	0	0
2048.1	0.018612	0	0
2049.1	0.018603	0	0
2050.1	0.018593	0	0
2051.1	0.018583	0	0
2052.1	0.018574	0	0
2053.1	0.018564	0	0
2054.1	0.018555	0	0
2055.1	0.018545	0	0
2056.1	0.018535	0	0
2057.1	0.018526	0	0
2058.1	0.018516	0	0
2059.1	0.018506	0	0
2060.1	0.018497	0	0
2061.1	0.018487	0	0
2062.1	0.018478	0	0
2063.1	0.018468	0	0
2064.1	0.018459	0	0
2065.1	0.018449	0	0
2066.1	0.01844	0	0
2067.1	0.01843	0	0
2068.1	0.018421	0	0
2069.1	0.018411	0	0
2070.1	0.018402	0	0
2071.1	0.018392	0	0
2072.1	0.018383	0	0
2073.1	0.018373	0	0
2074.1	0.018364	0	0
2075.1	0.018355	0	0
2076.1	0.018345	0	0
2077.1	0.018336	0	0
2078.1	0.018326	0	0
2079.1	0.018317	0	0
2080.1	0.018308	0	0
2081.1	0.018298	0	0
2082.1	0.018289	0	0
2083.1	0.01828	0	0
2084.1	0.01827	0	0
2085.1	0.018261	0	0
2086.1	0.018252	0	0
2087.1	0.018242	0	0
2088.1	0.018233	0	0
2089.1	0.018224	0	0
2090.1	0.018214	0	0
2091.1	0.018205	0	0
2092.1	0.018196	0	0
2093.1	0.018187	0	0
2094.1	0.018177	0	0
2095.1	0.018168	0	0
2096.1	0.018159	0	0
2097.1	0.01815	0	0
2098.1	0.018141	0	0
2099.1	0.018131	0	0
2100.1	0.018122	0	0
2101.1	0.018113	0	0
2102.1	0.018104	0	0
2103.1	0.018095	0	0
2104.1	0.018086	0	0
2105.1	0.018076	0	0
2106.1	0.018067	0	0
2107.1	0.018058	0	0
2108.1	0.018049	0	0
2109.1	0.01804	0	0
2110.1	0.018031	0	0
2111.1	0.018022	0	0
2112.1	0.018013	0	0
2113.1	0.018004	0	0
2114.1	0.017995	0	0
2115.1	0.017986	0	0
2116.1	0.017977	0	0
2117.1	0.017968	0	0
2118.1	0.017959	0	0
2119.1	0.01795	0	0
2120.1	0.017941	0	0
2121.1	0.017932	0	0
2122.1	0.017923	0	0
2123.1	0.017914	0	0
2124.1	0.017905	0	0
2125.1	0.017896	0	0
2126.1	0.017887	0	0
2127.1	0.017878	0	0
2128.1	0.017869	0	0
2129.1	0.01786	0	0
2130.1	0.017851	0	0
2131.1	0.017842	0	0
2132.1	0.017834	0	0
2133.1	0.017825	0	0
2134.1	0.017816	0	0
2135.1	0.017807	0	0
2136.1	0.017798	0	0
2137.1	0.017789	0	0
2138.1	0.01778	0	0
2139.1	0.017772	0	0
2140.1	0.017763	0	0
2141.1	0.017754	0	0
2142.1	0.017745	0	0
2143.1	0.017736	0	0
2144.1	0.017728	0	0
2145.1	0.017719	0	0
2146.1	0.01771	0	0
2147.1	0.017701	0	0
2148.1	0.017693	0	0
2149.1	0.017684	0	0
2150.1	0.017675	0	0
2151.1	0.017667	0	0
2152.1	0.017658	0	0
2153.1	0.017649	0	0
2154.1	0.01764	0	0
2155.1	0.017632	0	0
2156.1	0.017623	0	0
2157.1	0.017614	0	0
2158.1	0.017606	0	0
2159.1	0.017597	0	0
2160.1	0.017589	0	0
2161.1	0.01758	0	0
2162.1	0.017571	0	0
2163.1	0.017563	0	0
2164.1	0.017554	0	0
2165.1	0.017546	0	0
2166.1	0.017537	0	0
2167.1	0.017528	0	0
2168.1	0.01752	0	0
2169.1	0.017511	0	0
2170.1	0.017503	0	0
2171.1	0.017494	0	0
2172.1	0.017486	0	0
2173.1	0.017477	0	0
2174.1	0.017469	0	0
2175.1	0.01746	0	0
2176.1	0.017452	0	0
2177.1	0.017443	0	0
2178.1	0.017435	0	0
2179.1	0.017426	0	0
2180.1	0.017418	0	0
2181.1	0.017409	0	0
2182.1	0.017401	0	0
2183.1	0.017392	0	0
2184.1	0.017384	0	0
2185.1	0.017376	0	0
2186.1	0.017367	0	0
2187.1	0.017359	0	0
2188.1	0.01735	0	0
2189.1	0.017342	0	0
2190.1	0.017334	0	0
2191.1	0.017325	0	0
2192.1	0.017317	0	0
2193.1	0.017309	0	0
2194.1	0.0173	0	0
2195.1	0.017292	0	0
2196.1	0.017284	0	0
2197.1	0.017275	0	0
2198.1	0.017267	0	0
2199.1	0.017259	0	0
2200.1	0.01725	0	0
2201.1	0.017242	0	0
2202.1	0.017234	0	0
2203.1	0.017226	0	0
2204.1	0.017217	0	0
2205.1	0.017209	0	0
2206.1	0.017201	0	0
2207.1	0.017193	0	0
2208.1	0.017184	0	0
2209.1	0.017176	0	0
2210.1	0.017168	0	0
2211.1	0.01716	0	0
2212.1	0.017151	0	0
2213.1	0.017143	0	0
2214.1	0.017135	0	0
2215.1	0.017127	0	0
2216.1	0.017119	0	0
2217.1	0.017111	0	0
2218.1	0.017102	0	0
2219.1	0.017094	0	0
2220.1	0.017086	0	0
2221.1	0.017078	0	0
2222.1	0.01707	0	0
2223.1	0.017062	0	0
2224.1	0.017054	0	0
2225.1	0.017046	0	0
2226.1	0.017038	0	0
2227.1	0.01703	0	0
2228.1	0.017021	0	0
2229.1	0.017013	0	0
2230.1	0.017005	0	0
2231.1	0.016997	0	0
2232.1	0.016989	0	0
2233.1	0.016981	0	0
2234.1	0.016973	0	0
2235.1	0.016965	0	0
2236.1	0.016957	0	0
2237.1	0.016949	0	0
2238.1	0.016941	0	0
2239.1	0.016933	0	0
2240.1	0.016925	0	0
2241.1	0.016917	0	0
2242.1	0.016909	0	0
2243.1	0.016901	0	0
2244.1	0.016893	0	0
2245.1	0.016886	0	0
2246.1	0.016878	0	0
2247.1	0.01687	0	0
2248.1	0.016862	0	0
2249.1	0.016854	0	0
2250.1	0.016846	0	0
2251.1	0.016838	0	0
2252.1	0.01683	0	0
2253.1	0.016822	0	0
2254.1	0.016814	0	0
2255.1	0.016807	0	0
2256.1	0.016799	0	0
2257.1	0.016791	0	0
2258.1	0.016783	0	0
2259.1	0.016775	0	0
2260.1	0.016767	0	0
2261.1	0.01676	0	0
2262.1	0.016752	0	0
2263.1	0.016744	0	0
2264.1	0.016736	0	0
2265.1	0.016728	0	0
2266.1	0.016721	0	0
2267.1	0.016713	0	0
2268.1	0.016705	0	0
2269.1	0.016697	0	0
2270.1	0.01669	0	0
2271.1	0.016682	0	0
2272.1	0.016674	0	0
2273.1	0.016666	0	0
2274.1	0.016659	0	0
2275.1	0.016651	0	0
2276.1	0.016643	0	0
2277.1	0.016636	0	0
2278.1	0.016628	0	0
2279.1	0.01662	0	0
2280.1	0.016612	0	0
2281.1	0.016605	0	0
2282.1	0.016597	0	0
2283.1	0.01659	0	0
2284.1	0.016582	0	0
2285.1	0.016574	0	0
2286.1	0.016567	0	0
2287.1	0.016559	0	0
2288.1	0.016551	0	0
2289.1	0.016544	0	0
2290.1	0.016536	0	0
2291.1	0.016529	0	0
2292.1	0.016521	0	0
2293.1	0.016513	0	0
2294.1	0.016506	0	0
2295.1	0.016498	0	0
2296.1	0.016491	0	0
2297.1	0.016483	0	0
2298.1	0.016476	0	0
2299.1	0.016468	0	0
2300.1	0.016461	0	0
2301.1	0.016453	0	0
2302.1	0.016445	0	0
2303.1	0.016438	0	0
2304.1	0.01643	0	0
2305.1	0.016423	0	0
2306.1	0.016415	0	0
2307.1	0.016408	0	0
2308.1	0.016401	0	0
2309.1	0.016393	0	0
2310.1	0.016386	0	0
2311.1	0.016378	0	0
2312.1	0.016371	0	0
2313.1	0.016363	0	0
2314.1	0.016356	0	0
2315.1	0.016348	0	0
2316.1	0.016341	0	0
2317.1	0.016334	0	0
2318.1	0.016326	0	0
2319.1	0.016319	0	0
2320.1	0.016311	0	0
2321.1	0.016304	0	0
2322.1	0.016297	0	0
2323.1	0.016289	0	0
2324.1	0.016282	0	0
2325.1	0.016274	0	0
2326.1	0.016267	0	0
2327.1	0.01626	0	0
2328.1	0.016252	0	0
2329.1	0.016245	0	0
2330.1	0.016238	0	0
2331.1	0.01623	0	0
2332.1	0.016223	0	0
2333.1	0.016216	0	0
2334.1	0.016209	0	0
2335.1	0.016201	0	0
2336.1	0.016194	0	0
2337.1	0.016187	0	0
2338.1	0.016179	0	0
2339.1	0.016172	0	0
2340.1	0.016165	0	0
2341.1	0.016158	0	0
2342.1	0.01615	0	0
2343.1	0.016143	0	0
2344.1	0.016136	0	0
2345.1	0.016129	0	0
2346.1	0.016122	0	0
2347.1	0.016114	0	0
2348.1	0.016107	0	0
2349.1	0.0161	0	0
2350.1	0.016093	0	0
2351.1	0.016086	0	0
2352.1	0.016078	0	0
2353.1	0.016071	0	0
2354.1	0.016064	0	0
2355.1	0.016057	0	0
2356.1	0.01605	0	0
2357.1	0.016043	0	0
2358.1	0.016035	0	0
2359.1	0.016028	0	0
2360.1	0.016021	0	0
2361.1	0.016014	0	0
2362.1	0.016007	0	0
2363.1	0.016	0	0
2364.1	0.015993	0	0
2365.1	0.015986	0	0
2366.1	0.015979	0	0
2367.1	0.015971	0	0
2368.1	0.015964	0	0
2369.1	0.015957	0	0
2370.1	0.01595	0	0
2371.1	0.015943	0	0
2372.1	0.015936	0	0
2373.1	0.015929	0	0
2374.1	0.015922	0	0
2375.1	0.015915	0	0
2376.1	0.015908	0	0
2377.1	0.015901	0	0
2378.1	0.015894	0	0
2379.1	0.015887	0	0
2380.1	0.01588	0	0
2381.1	0.015873	0	0
2382.1	0.015866	0	0
2383.1	0.015859	0	0
2384.1	0.015852	0	0
2385.1	0.015845	0	0
2386.1	0.015838	0	0
2387.1	0.015831	0	0
2388.1	0.015824	0	0
2389.1	0.015817	0	0
2390.1	0.01581	0	0
2391.1	0.015803	0	0
2392.1	0.015797	0	0
2393.1	0.01579	0	0
2394.1	0.015783	0	0
2395.1	0.015776	0	0
2396.1	0.015769	0	0
2397.1	0.015762	0	0
2398.1	0.015755	0	0
2399.1	0.015748	0	0
2400.1	0.015741	0	0
2401.1	0.015735	0	0
2402.1	0.015728	0	0
2403.1	0.015721	0	0
2404.1	0.015714	0	0
2405.1	0.015707	0	0
2406.1	0.0157	0	0
2407.1	0.015693	0	0
2408.1	0.015687	0	0
2409.1	0.01568	0	0
2410.1	0.015673	0	0
2411.1	0.015666	0	0
2412.1	0.015659	0	0
2413.1	0.015653	0	0
2414.1	0.015646	0	0
2415.1	0.015639	0	0
2416.1	0.015632	0	0
2417.1	0.015625	0	0
2418.1	0.015619	0	0
2419.1	0.015612	0	0
2420.1	0.015605	0	0
2421.1	0.015598	0	0
2422.1	0.015592	0	0
2423.1	0.015585	0	0
2424.1	0.015578	0	0
2425.1	0.015572	0	0
2426.1	0.015565	0	0
2427.1	0.015558	0	0
2428.1	0.015551	0	0
2429.1	0.015545	0	0
2430.1	0.015538	0	0
2431.1	0.015531	0	0
2432.1	0.015525	0	0
2433.1	0.015518	0	0
2434.1	0.015511	0	0
2435.1	0.015505	0	0
2436.1	0.015498	0	0
2437.1	0.015491	0	0
2438.1	0.015485	0	0
2439.1	0.015478	0	0
2440.1	0.015471	0	0
2441.1	0.015465	0	0
2442.1	0.015458	0	0
2443.1	0.015452	0	0
2444.1	0.015445	0	0
2445.1	0.015438	0	0
2446.1	0.015432	0	0
2447.1	0.015425	0	0
2448.1	0.015419	0	0
2449.1	0.015412	0	0
2450.1	0.015405	0	0
2451.1	0.015399	0	0
2452.1	0.015392	0	0
2453.1	0.015386	0	0
2454.1	0.015379	0	0
2455.1	0.015373	0	0
2456.1	0.015366	0	0
2457.1	0.015359	0	0
2458.1	0.015353	0	0
2459.1	0.015346	0	0
2460.1	0.01534	0	0
2461.1	0.015333	0	0
2462.1	0.015327	0	0
2463.1	0.01532	0	0
2464.1	0.015314	0	0
2465.1	0.015307	0	0
2466.1	0.015301	0	0
2467.1	0.015294	0	0
2468.1	0.015288	0	0
2469.1	0.015281	0	0
2470.1	0.015275	0	0
2471.1	0.015269	0	0
2472.1	0.015262	0	0
2473.1	0.015256	0	0
2474.1	0.015249	0	0
2475.1	0.015243	0	0
2476.1	0.015236	0	0
2477.1	0.01523	0	0
2478.1	0.015224	0	0
2479.1	0.015217	0	0
2480.1	0.015211	0	0
2481.1	0.015204	0	0
2482.1	0.015198	0	0
2483.1	0.015192	0	0
2484.1	0.015185	0	0
2485.1	0.015179	0	0
2486.1	0.015172	0	0
2487.1	0.015166	0	0
2488.1	0.01516	0	0
2489.1	0.015153	0	0
2490.1	0.015147	0	0
2491.1	0.015141	0	0
2492.1	0.015134	0	0
2493.1	0.015128	0	0
2494.1	0.015122	0	0
2495.1	0.015115	0	0
2496.1	0.015109	0	0
2497.1	0.015103	0	0
2498.1	0.015096	0	0
2499.1	0.01509	0	0
2500.1	0.015084	0	0
2501.1	0.015077	0	0
2502.1	0.015071	0	0
2503.1	0.015065	0	0
2504.1	0.015059	0	0
2505.1	0.015052	0	0
2506.1	0.015046	0	0
2507.1	0.01504	0	0
2508.1	0.015033	0	0
2509.1	0.015027	0	0
2510.1	0.015021	0	0
