511.1	-2.5819	-0	0
512.1	-0.77809	-0	0
513.1	-0.56286	-0	0
514.1	-0.46304	-0	0
515.1	-0.40244	-0	0
516.1	-0.36066	-0	0
517.1	-0.32961	-0	0
518.1	-0.30537	-0	0
519.1	-0.28576	-0	0
520.1	-0.26947	-0	0
521.1	-0.25566	-0	0
522.1	-0.24375	-0	0
523.1	-0.23335	-0	0
524.1	-0.22416	-0	0
525.1	-0.21596	-0	0
526.1	-0.20859	-0	0
527.1	-0.20191	-0	0
528.1	-0.19582	-0	0
529.1	-0.19024	-0	0
530.1	-0.18511	-0	0
531.1	-0.18036	-0	0
532.1	-0.17595	-0	0
533.1	-0.17184	-0	0
534.1	-0.168	-0	0
535.1	-0.1644	-0	0
536.1	-0.16101	-0	0
537.1	-0.15782	-0	0
538.1	-0.15481	-0	0
539.1	-0.15196	-0	0
540.1	-0.14925	-0	0
541.1	-0.14668	-0	0
542.1	-0.14423	-0	0
543.1	-0.1419	-0	0
544.1	-0.13968	-0	0
545.1	-0.13755	-0	0
546.1	-0.13551	-0	0
547.1	-0.13356	-0	0
548.1	-0.13168	-0	0
549.1	-0.12988	-0	0
550.1	-0.12815	-0	0
551.1	-0.12648	-0	0
552.1	-0.12488	-0	0
553.1	-0.12333	-0	0
554.1	-0.12183	-0	0
555.1	-0.12038	-0	0
556.1	-0.11899	-0	0
557.1	-0.11763	-0	0
558.1	-0.11632	-0	0
559.1	-0.11505	-0	0
560.1	-0.11382	-0	0
561.1	-0.11263	-0	0
562.1	-0.11147	-0	0
563.1	-0.11034	-0	0
564.1	-0.10925	-0	0
565.1	-0.10818	-0	0
566.1	-0.10715	-0	0
567.1	-0.10614	-0	0
568.1	-0.10516	-0	0
569.1	-0.1042	-0	0
570.1	-0.10327	-0	0
571.1	-0.10236	-0	0
572.1	-0.10147	-0	0
573.1	-0.1006	-0	0
574.1	-0.099755	-0	0
575.1	-0.098928	-0	0
576.1	-0.09812	-0	0
577.1	-0.09733	-0	0
578.1	-0.096558	-0	0
579.1	-0.095803	-0	0
580.1	-0.095063	-0	0
581.1	-0.09434	-0	0
582.1	-0.093631	-0	0
583.1	-0.092937	-0	0
584.1	-0.092257	-0	0
585.1	-0.09159	-0	0
586.1	-0.090937	-0	0
587.1	-0.090296	-0	0
588.1	-0.089668	-0	0
589.1	-0.089052	-0	0
590.1	-0.088447	-0	0
591.1	-0.087853	-0	0
592.1	-0.08727	-0	0
593.1	-0.086698	-0	0
594.1	-0.086136	-0	0
595.1	-0.085583	-0	0
596.1	-0.08504	-0	0
597.1	-0.084507	-0	0
598.1	-0.083983	-0	0
599.1	-0.083467	-0	0
600.1	-0.08296	-0	0
601.1	-0.082461	-0	0
602.1	-0.08197	-0	0
603.1	-0.081488	-0	0
604.1	-0.081013	-0	0
605.1	-0.080545	-0	0
606.1	-0.080084	-0	0
607.1	-0.079631	-0	0
608.1	-0.079184	-0	0
609.1	-0.078745	-0	0
610.1	-0.078311	-0	0
611.1	-0.077884	-0	0
612.1	-0.077464	-0	0
613.1	-0.077049	-0	0
614.1	-0.076641	-0	0
615.1	-0.076238	-0	0
616.1	-0.075841	-0	0
617.1	-0.075449	-0	0
618.1	-0.075062	-0	0
619.1	-0.074681	-0	0
620.1	-0.074305	-0	0
621.1	-0.073935	-0	0
622.1	-0.073569	-0	0
623.1	-0.073207	-0	0
624.1	-0.072851	-0	0
625.1	-0.072499	-0	0
626.1	-0.072152	-0	0
627.1	-0.071809	-0	0
628.1	-0.07147	-0	0
629.1	-0.071136	-0	0
630.1	-0.070805	-0	0
631.1	-0.070479	-0	0
632.1	-0.070157	-0	0
633.1	-0.069838	-0	0
634.1	-0.069524	-0	0
635.1	-0.069213	-0	0
636.1	-0.068906	-0	0
637.1	-0.068602	-0	0
638.1	-0.068302	-0	0
639.1	-0.068005	-0	0
640.1	-0.067712	-0	0
641.1	-0.067422	-0	0
642.1	-0.067135	-0	0
643.1	-0.066851	-0	0
644.1	-0.066571	-0	0
645.1	-0.066294	-0	0
646.1	-0.066019	-0	0
647.1	-0.065748	-0	0
648.1	-0.065479	-0	0
649.1	-0.065214	-0	0
650.1	-0.064951	-0	0
651.1	-0.064691	-0	0
652.1	-0.064434	-0	0
653.1	-0.064179	-0	0
654.1	-0.063927	-0	0
655.1	-0.063677	-0	0
656.1	-0.06343	-0	0
657.1	-0.063186	-0	0
658.1	-0.062944	-0	0
659.1	-0.062704	-0	0
660.1	-0.062467	-0	0
661.1	-0.062232	-0	0
662.1	-0.061999	-0	0
663.1	-0.061768	-0	0
664.1	-0.06154	-0	0
665.1	-0.061314	-0	0
666.1	-0.06109	-0	0
667.1	-0.060868	-0	0
668.1	-0.060649	-0	0
669.1	-0.060431	-0	0
670.1	-0.060215	-0	0
671.1	-0.060001	-0	0
672.1	-0.05979	-0	0
673.1	-0.05958	-0	0
674.1	-0.059372	-0	0
675.1	-0.059166	-0	0
676.1	-0.058961	-0	0
677.1	-0.058759	-0	0
678.1	-0.058558	-0	0
679.1	-0.058359	-0	0
680.1	-0.058162	-0	0
681.1	-0.057966	-0	0
682.1	-0.057772	-0	0
683.1	-0.05758	-0	0
684.1	-0.05739	-0	0
685.1	-0.057201	-0	0
686.1	-0.057013	-0	0
687.1	-0.056827	-0	0
688.1	-0.056643	-0	0
689.1	-0.05646	-0	0
690.1	-0.056279	-0	0
691.1	-0.056099	-0	0
692.1	-0.055921	-0	0
693.1	-0.055744	-0	0
694.1	-0.055568	-0	0
695.1	-0.055394	-0	0
696.1	-0.055222	-0	0
697.1	-0.05505	-0	0
698.1	-0.05488	-0	0
699.1	-0.054712	-0	0
700.1	-0.054544	-0	0
701.1	-0.054378	-0	0
702.1	-0.054213	-0	0
703.1	-0.05405	-0	0
704.1	-0.053887	-0	0
705.1	-0.053726	-0	0
706.1	-0.053566	-0	0
707.1	-0.053408	-0	0
708.1	-0.05325	-0	0
709.1	-0.053094	-0	0
710.1	-0.052939	-0	0
711.1	-0.052785	-0	0
712.1	-0.052632	-0	0
713.1	-0.05248	-0	0
714.1	-0.052329	-0	0
715.1	-0.052179	-0	0
716.1	-0.052031	-0	0
717.1	-0.051883	-0	0
718.1	-0.051737	-0	0
719.1	-0.051591	-0	0
720.1	-0.051447	-0	0
721.1	-0.051304	-0	0
722.1	-0.051161	-0	0
723.1	-0.05102	-0	0
724.1	-0.050879	-0	0
725.1	-0.05074	-0	0
726.1	-0.050601	-0	0
727.1	-0.050464	-0	0
728.1	-0.050327	-0	0
729.1	-0.050191	-0	0
730.1	-0.050056	-0	0
731.1	-0.049922	-0	0
732.1	-0.049789	-0	0
733.1	-0.049657	-0	0
734.1	-0.049526	-0	0
735.1	-0.049395	-0	0
736.1	-0.049266	-0	0
737.1	-0.049137	-0	0
738.1	-0.049009	-0	0
739.1	-0.048882	-0	0
740.1	-0.048756	-0	0
741.1	-0.04863	-0	0
742.1	-0.048505	-0	0
743.1	-0.048382	-0	0
744.1	-0.048258	-0	0
745.1	-0.048136	-0	0
746.1	-0.048015	-0	0
747.1	-0.047894	-0	0
748.1	-0.047774	-0	0
749.1	-0.047654	-0	0
750.1	-0.047536	-0	0
751.1	-0.047418	-0	0
752.1	-0.047301	-0	0
753.1	-0.047184	-0	0
754.1	-0.047068	-0	0
755.1	-0.046953	-0	0
756.1	-0.046839	-0	0
757.1	-0.046725	-0	0
758.1	-0.046612	-0	0
759.1	-0.0465	-0	0
760.1	-0.046388	-0	0
761.1	-0.046277	-0	0
762.1	-0.046167	-0	0
763.1	-0.046057	-0	0
764.1	-0.045948	-0	0
765.1	-0.045839	-0	0
766.1	-0.045732	-0	0
767.1	-0.045624	-0	0
768.1	-0.045518	-0	0
769.1	-0.045412	-0	0
770.1	-0.045306	-0	0
771.1	-0.045201	-0	0
772.1	-0.045097	-0	0
773.1	-0.044994	-0	0
774.1	-0.044891	-0	0
775.1	-0.044788	-0	0
776.1	-0.044686	-0	0
777.1	-0.044585	-0	0
778.1	-0.044484	-0	0
779.1	-0.044384	-0	0
780.1	-0.044284	-0	0
781.1	-0.044185	-0	0
782.1	-0.044086	-0	0
783.1	-0.043988	-0	0
784.1	-0.043891	-0	0
785.1	-0.043794	-0	0
786.1	-0.043697	-0	0
787.1	-0.043601	-0	0
788.1	-0.043506	-0	0
789.1	-0.043411	-0	0
790.1	-0.043316	-0	0
791.1	-0.043222	-0	0
792.1	-0.043129	-0	0
793.1	-0.043035	-0	0
794.1	-0.042943	-0	0
795.1	-0.042851	-0	0
796.1	-0.042759	-0	0
797.1	-0.042668	-0	0
798.1	-0.042578	-0	0
799.1	-0.042487	-0	0
800.1	-0.042398	-0	0
801.1	-0.042308	-0	0
802.1	-0.04222	-0	0
803.1	-0.042131	-0	0
804.1	-0.042043	-0	0
805.1	-0.041956	-0	0
806.1	-0.041869	-0	0
807.1	-0.041782	-0	0
808.1	-0.041696	-0	0
809.1	-0.04161	-0	0
810.1	-0.041525	-0	0
811.1	-0.04144	-0	0
812.1	-0.041355	-0	0
813.1	-0.041271	-0	0
814.1	-0.041188	-0	0
815.1	-0.041104	-0	0
816.1	-0.041021	-0	0
817.1	-0.040939	-0	0
818.1	-0.040857	-0	0
819.1	-0.040775	-0	0
820.1	-0.040694	-0	0
821.1	-0.040613	-0	0
822.1	-0.040532	-0	0
823.1	-0.040452	-0	0
824.1	-0.040372	-0	0
825.1	-0.040293	-0	0
826.1	-0.040214	-0	0
827.1	-0.040135	-0	0
828.1	-0.040057	-0	0
829.1	-0.039979	-0	0
830.1	-0.039902	-0	0
831.1	-0.039824	-0	0
832.1	-0.039747	-0	0
833.1	-0.039671	-0	0
834.1	-0.039595	-0	0
835.1	-0.039519	-0	0
836.1	-0.039443	-0	0
837.1	-0.039368	-0	0
838.1	-0.039294	-0	0
839.1	-0.039219	-0	0
840.1	-0.039145	-0	0
841.1	-0.039071	-0	0
842.1	-0.038998	-0	0
843.1	-0.038925	-0	0
844.1	-0.038852	-0	0
845.1	-0.038779	-0	0
846.1	-0.038707	-0	0
847.1	-0.038635	-0	0
848.1	-0.038564	-0	0
849.1	-0.038492	-0	0
850.1	-0.038422	-0	0
851.1	-0.038351	-0	0
852.1	-0.038281	-0	0
853.1	-0.038211	-0	0
854.1	-0.038141	-0	0
855.1	-0.038072	-0	0
856.1	-0.038002	-0	0
857.1	-0.037934	-0	0
858.1	-0.037865	-0	0
859.1	-0.037797	-0	0
860.1	-0.037729	-0	0
861.1	-0.037661	-0	0
862.1	-0.037594	-0	0
863.1	-0.037527	-0	0
864.1	-0.03746	-0	0
865.1	-0.037393	-0	0
866.1	-0.037327	-0	0
867.1	-0.037261	-0	0
868.1	-0.037196	-0	0
869.1	-0.03713	-0	0
870.1	-0.037065	-0	0
871.1	-0.037	-0	0
872.1	-0.036935	-0	0
873.1	-0.036871	-0	0
874.1	-0.036807	-0	0
875.1	-0.036743	-0	0
876.1	-0.03668	-0	0
877.1	-0.036616	-0	0
878.1	-0.036553	-0	0
879.1	-0.03649	-0	0
880.1	-0.036428	-0	0
881.1	-0.036365	-0	0
882.1	-0.036303	-0	0
883.1	-0.036242	-0	0
884.1	-0.03618	-0	0
885.1	-0.036119	-0	0
886.1	-0.036058	-0	0
887.1	-0.035997	-0	0
888.1	-0.035936	-0	0
889.1	-0.035876	-0	0
890.1	-0.035816	-0	0
891.1	-0.035756	-0	0
892.1	-0.035696	-0	0
893.1	-0.035637	-0	0
894.1	-0.035577	-0	0
895.1	-0.035518	-0	0
896.1	-0.03546	-0	0
897.1	-0.035401	-0	0
898.1	-0.035343	-0	0
899.1	-0.035285	-0	0
900.1	-0.035227	-0	0
901.1	-0.035169	-0	0
902.1	-0.035112	-0	0
903.1	-0.035055	-0	0
904.1	-0.034998	-0	0
905.1	-0.034941	-0	0
906.1	-0.034884	-0	0
907.1	-0.034828	-0	0
908.1	-0.034772	-0	0
909.1	-0.034716	-0	0
910.1	-0.03466	-0	0
911.1	-0.034605	-0	0
912.1	-0.034549	-0	0
913.1	-0.034494	-0	0
914.1	-0.034439	-0	0
915.1	-0.034385	-0	0
916.1	-0.03433	-0	0
917.1	-0.034276	-0	0
918.1	-0.034222	-0	0
919.1	-0.034168	-0	0
920.1	-0.034114	-0	0
921.1	-0.034061	-0	0
922.1	-0.034007	-0	0
923.1	-0.033954	-0	0
924.1	-0.033901	-0	0
925.1	-0.033848	-0	0
926.1	-0.033796	-0	0
927.1	-0.033744	-0	0
928.1	-0.033691	-0	0
929.1	-0.033639	-0	0
930.1	-0.033588	-0	0
931.1	-0.033536	-0	0
932.1	-0.033484	-0	0
933.1	-0.033433	-0	0
934.1	-0.033382	-0	0
935.1	-0.033331	-0	0
936.1	-0.03328	-0	0
937.1	-0.03323	-0	0
938.1	-0.033179	-0	0
939.1	-0.033129	-0	0
940.1	-0.033079	-0	0
941.1	-0.033029	-0	0
942.1	-0.03298	-0	0
943.1	-0.03293	-0	0
944.1	-0.032881	-0	0
945.1	-0.032832	-0	0
946.1	-0.032783	-0	0
947.1	-0.032734	-0	0
948.1	-0.032685	-0	0
949.1	-0.032637	-0	0
950.1	-0.032588	-0	0
951.1	-0.03254	-0	0
952.1	-0.032492	-0	0
953.1	-0.032444	-0	0
954.1	-0.032397	-0	0
955.1	-0.032349	-0	0
956.1	-0.032302	-0	0
957.1	-0.032254	-0	0
958.1	-0.032207	-0	0
959.1	-0.03216	-0	0
960.1	-0.032114	-0	0
961.1	-0.032067	-0	0
962.1	-0.032021	-0	0
963.1	-0.031974	-0	0
964.1	-0.031928	-0	0
965.1	-0.031882	-0	0
966.1	-0.031837	-0	0
967.1	-0.031791	-0	0
968.1	-0.031745	-0	0
969.1	-0.0317	-0	0
970.1	-0.031655	-0	0
971.1	-0.03161	-0	0
972.1	-0.031565	-0	0
973.1	-0.03152	-0	0
974.1	-0.031475	-0	0
975.1	-0.031431	-0	0
976.1	-0.031386	-0	0
977.1	-0.031342	-0	0
978.1	-0.031298	-0	0
979.1	-0.031254	-0	0
980.1	-0.03121	-0	0
981.1	-0.031167	-0	0
982.1	-0.031123	-0	0
983.1	-0.03108	-0	0
984.1	-0.031036	-0	0
985.1	-0.030993	-0	0
986.1	-0.03095	-0	0
987.1	-0.030908	-0	0
988.1	-0.030865	-0	0
989.1	-0.030822	-0	0
990.1	-0.03078	-0	0
991.1	-0.030737	-0	0
992.1	-0.030695	-0	0
993.1	-0.030653	-0	0
994.1	-0.030611	-0	0
995.1	-0.03057	-0	0
996.1	-0.030528	-0	0
997.1	-0.030486	-0	0
998.1	-0.030445	-0	0
999.1	-0.030404	-0	0
1000.1	-0.030363	-0	0
1001.1	-0.030322	-0	0
1002.1	-0.030281	-0	0
1003.1	-0.03024	-0	0
1004.1	-0.030199	-0	0
1005.1	-0.030159	-0	0
1006.1	-0.030118	-0	0
1007.1	-0.030078	-0	0
1008.1	-0.030038	-0	0
1009.1	-0.029998	-0	0
1010.1	-0.029958	-0	0
1011.1	-0.029918	-0	0
1012.1	-0.029878	-0	0
1013.1	-0.029839	-0	0
1014.1	-0.029799	-0	0
1015.1	-0.02976	-0	0
1016.1	-0.029721	-0	0
1017.1	-0.029682	-0	0
1018.1	-0.029643	-0	0
1019.1	-0.029604	-0	0
1020.1	-0.029565	-0	0
1021.1	-0.029527	-0	0
1022.1	-0.029488	-0	0
1023.1	-0.02945	-0	0
1024.1	-0.029411	-0	0
1025.1	-0.029373	-0	0
1026.1	-0.029335	-0	0
1027.1	-0.029297	-0	0
1028.1	-0.029259	-0	0
1029.1	-0.029221	-0	0
1030.1	-0.029184	-0	0
1031.1	-0.029146	-0	0
1032.1	-0.029109	-0	0
1033.1	-0.029072	-0	0
1034.1	-0.029034	-0	0
1035.1	-0.028997	-0	0
1036.1	-0.02896	-0	0
1037.1	-0.028923	-0	0
1038.1	-0.028887	-0	0
1039.1	-0.02885	-0	0
1040.1	-0.028813	-0	0
1041.1	-0.028777	-0	0
1042.1	-0.028741	-0	0
1043.1	-0.028704	-0	0
1044.1	-0.028668	-0	0
1045.1	-0.028632	-0	0
1046.1	-0.028596	-0	0
1047.1	-0.02856	-0	0
1048.1	-0.028525	-0	0
1049.1	-0.028489	-0	0
1050.1	-0.028453	-0	0
1051.1	-0.028418	-0	0
1052.1	-0.028383	-0	0
1053.1	-0.028347	-0	0
1054.1	-0.028312	-0	0
1055.1	-0.028277	-0	0
1056.1	-0.028242	-0	0
1057.1	-0.028207	-0	0
1058.1	-0.028172	-0	0
1059.1	-0.028138	-0	0
1060.1	-0.028103	-0	0
1061.1	-0.028069	-0	0
1062.1	-0.028034	-0	0
1063.1	-0.028	-0	0
1064.1	-0.027966	-0	0
1065.1	-0.027932	-0	0
1066.1	-0.027898	-0	0
1067.1	-0.027864	-0	0
1068.1	-0.02783	-0	0
1069.1	-0.027796	-0	0
1070.1	-0.027763	-0	0
1071.1	-0.027729	-0	0
1072.1	-0.027696	-0	0
1073.1	-0.027662	-0	0
1074.1	-0.027629	-0	0
1075.1	-0.027596	-0	0
1076.1	-0.027563	-0	0
1077.1	-0.027529	-0	0
1078.1	-0.027497	-0	0
1079.1	-0.027464	-0	0
1080.1	-0.027431	-0	0
1081.1	-0.027398	-0	0
1082.1	-0.027366	-0	0
1083.1	-0.027333	-0	0
1084.1	-0.027301	-0	0
1085.1	-0.027268	-0	0
1086.1	-0.027236	-0	0
1087.1	-0.027204	-0	0
1088.1	-0.027172	-0	0
1089.1	-0.02714	-0	0
1090.1	-0.027108	-0	0
1091.1	-0.027076	-0	0
1092.1	-0.027044	-0	0
1093.1	-0.027013	-0	0
1094.1	-0.026981	-0	0
1095.1	-0.02695	-0	0
1096.1	-0.026918	-0	0
1097.1	-0.026887	-0	0
1098.1	-0.026856	-0	0
1099.1	-0.026825	-0	0
1100.1	-0.026793	-0	0
1101.1	-0.026762	-0	0
1102.1	-0.026731	-0	0
1103.1	-0.026701	-0	0
1104.1	-0.02667	-0	0
1105.1	-0.026639	-0	0
1106.1	-0.026608	-0	0
1107.1	-0.026578	-0	0
1108.1	-0.026547	-0	0
1109.1	-0.026517	-0	0
1110.1	-0.026487	-0	0
1111.1	-0.026457	-0	0
1112.1	-0.026426	-0	0
1113.1	-0.026396	-0	0
1114.1	-0.026366	-0	0
1115.1	-0.026336	-0	0
1116.1	-0.026306	-0	0
1117.1	-0.026277	-0	0
1118.1	-0.026247	-0	0
1119.1	-0.026217	-0	0
1120.1	-0.026188	-0	0
1121.1	-0.026158	-0	0
1122.1	-0.026129	-0	0
1123.1	-0.0261	-0	0
1124.1	-0.02607	-0	0
1125.1	-0.026041	-0	0
1126.1	-0.026012	-0	0
1127.1	-0.025983	-0	0
1128.1	-0.025954	-0	0
1129.1	-0.025925	-0	0
1130.1	-0.025896	-0	0
1131.1	-0.025867	-0	0
1132.1	-0.025839	-0	0
1133.1	-0.02581	-0	0
1134.1	-0.025782	-0	0
1135.1	-0.025753	-0	0
1136.1	-0.025725	-0	0
1137.1	-0.025696	-0	0
1138.1	-0.025668	-0	0
1139.1	-0.02564	-0	0
1140.1	-0.025612	-0	0
1141.1	-0.025584	-0	0
1142.1	-0.025556	-0	0
1143.1	-0.025528	-0	0
1144.1	-0.0255	-0	0
1145.1	-0.025472	-0	0
1146.1	-0.025444	-0	0
1147.1	-0.025416	-0	0
1148.1	-0.025389	-0	0
1149.1	-0.025361	-0	0
1150.1	-0.025334	-0	0
1151.1	-0.025306	-0	0
1152.1	-0.025279	-0	0
1153.1	-0.025252	-0	0
1154.1	-0.025225	-0	0
1155.1	-0.025197	-0	0
1156.1	-0.02517	-0	0
1157.1	-0.025143	-0	0
1158.1	-0.025116	-0	0
1159.1	-0.025089	-0	0
1160.1	-0.025063	-0	0
1161.1	-0.025036	-0	0
1162.1	-0.025009	-0	0
1163.1	-0.024982	-0	0
1164.1	-0.024956	-0	0
1165.1	-0.024929	-0	0
1166.1	-0.024903	-0	0
1167.1	-0.024877	-0	0
1168.1	-0.02485	-0	0
1169.1	-0.024824	-0	0
1170.1	-0.024798	-0	0
1171.1	-0.024772	-0	0
1172.1	-0.024745	-0	0
1173.1	-0.024719	-0	0
1174.1	-0.024693	-0	0
1175.1	-0.024668	-0	0
1176.1	-0.024642	-0	0
1177.1	-0.024616	-0	0
1178.1	-0.02459	-0	0
1179.1	-0.024564	-0	0
1180.1	-0.024539	-0	0
1181.1	-0.024513	-0	0
1182.1	-0.024488	-0	0
1183.1	-0.024462	-0	0
1184.1	-0.024437	-0	0
1185.1	-0.024412	-0	0
1186.1	-0.024386	-0	0
1187.1	-0.024361	-0	0
1188.1	-0.024336	-0	0
1189.1	-0.024311	-0	0
1190.1	-0.024286	-0	0
1191.1	-0.024261	-0	0
1192.1	-0.024236	-0	0
1193.1	-0.024211	-0	0
1194.1	-0.024186	-0	0
1195.1	-0.024161	-0	0
1196.1	-0.024137	-0	0
1197.1	-0.024112	-0	0
1198.1	-0.024087	-0	0
1199.1	-0.024063	-0	0
1200.1	-0.024038	-0	0
1201.1	-0.024014	-0	0
1202.1	-0.02399	-0	0
1203.1	-0.023965	-0	0
1204.1	-0.023941	-0	0
1205.1	-0.023917	-0	0
1206.1	-0.023893	-0	0
1207.1	-0.023868	-0	0
1208.1	-0.023844	-0	0
1209.1	-0.02382	-0	0
1210.1	-0.023796	-0	0
1211.1	-0.023772	-0	0
1212.1	-0.023749	-0	0
1213.1	-0.023725	-0	0
1214.1	-0.023701	-0	0
1215.1	-0.023677	-0	0
1216.1	-0.023654	-0	0
1217.1	-0.02363	-0	0
1218.1	-0.023607	-0	0
1219.1	-0.023583	-0	0
1220.1	-0.02356	-0	0
1221.1	-0.023536	-0	0
1222.1	-0.023513	-0	0
1223.1	-0.02349	-0	0
1224.1	-0.023466	-0	0
1225.1	-0.023443	-0	0
1226.1	-0.02342	-0	0
1227.1	-0.023397	-0	0
1228.1	-0.023374	-0	0
1229.1	-0.023351	-0	0
1230.1	-0.023328	-0	0
1231.1	-0.023305	-0	0
1232.1	-0.023282	-0	0
1233.1	-0.023259	-0	0
1234.1	-0.023237	-0	0
1235.1	-0.023214	-0	0
1236.1	-0.023191	-0	0
1237.1	-0.023169	-0	0
1238.1	-0.023146	-0	0
1239.1	-0.023124	-0	0
1240.1	-0.023101	-0	0
1241.1	-0.023079	-0	0
1242.1	-0.023056	-0	0
1243.1	-0.023034	-0	0
1244.1	-0.023012	-0	0
1245.1	-0.02299	-0	0
1246.1	-0.022967	-0	0
1247.1	-0.022945	-0	0
1248.1	-0.022923	-0	0
1249.1	-0.022901	-0	0
1250.1	-0.022879	-0	0
1251.1	-0.022857	-0	0
1252.1	-0.022835	-0	0
1253.1	-0.022813	-0	0
1254.1	-0.022792	-0	0
1255.1	-0.02277	-0	0
1256.1	-0.022748	-0	0
1257.1	-0.022726	-0	0
1258.1	-0.022705	-0	0
1259.1	-0.022683	-0	0
1260.1	-0.022662	-0	0
1261.1	-0.02264	-0	0
1262.1	-0.022619	-0	0
1263.1	-0.022597	-0	0
1264.1	-0.022576	-0	0
1265.1	-0.022555	-0	0
1266.1	-0.022533	-0	0
1267.1	-0.022512	-0	0
1268.1	-0.022491	-0	0
1269.1	-0.02247	-0	0
1270.1	-0.022449	-0	0
1271.1	-0.022428	-0	0
1272.1	-0.022407	-0	0
1273.1	-0.022386	-0	0
1274.1	-0.022365	-0	0
1275.1	-0.022344	-0	0
1276.1	-0.022323	-0	0
1277.1	-0.022302	-0	0
1278.1	-0.022281	-0	0
1279.1	-0.022261	-0	0
1280.1	-0.02224	-0	0
1281.1	-0.022219	-0	0
1282.1	-0.022199	-0	0
1283.1	-0.022178	-0	0
1284.1	-0.022158	-0	0
1285.1	-0.022137	-0	0
1286.1	-0.022117	-0	0
1287.1	-0.022096	-0	0
1288.1	-0.022076	-0	0
1289.1	-0.022056	-0	0
1290.1	-0.022035	-0	0
1291.1	-0.022015	-0	0
1292.1	-0.021995	-0	0
1293.1	-0.021975	-0	0
1294.1	-0.021955	-0	0
1295.1	-0.021934	-0	0
1296.1	-0.021914	-0	0
1297.1	-0.021894	-0	0
1298.1	-0.021874	-0	0
1299.1	-0.021855	-0	0
1300.1	-0.021835	-0	0
1301.1	-0.021815	-0	0
1302.1	-0.021795	-0	0
1303.1	-0.021775	-0	0
1304.1	-0.021756	-0	0
1305.1	-0.021736	-0	0
1306.1	-0.021716	-0	0
1307.1	-0.021697	-0	0
1308.1	-0.021677	-0	0
1309.1	-0.021657	-0	0
1310.1	-0.021638	-0	0
1311.1	-0.021618	-0	0
1312.1	-0.021599	-0	0
1313.1	-0.02158	-0	0
1314.1	-0.02156	-0	0
1315.1	-0.021541	-0	0
1316.1	-0.021522	-0	0
1317.1	-0.021503	-0	0
1318.1	-0.021483	-0	0
1319.1	-0.021464	-0	0
1320.1	-0.021445	-0	0
1321.1	-0.021426	-0	0
1322.1	-0.021407	-0	0
1323.1	-0.021388	-0	0
1324.1	-0.021369	-0	0
1325.1	-0.02135	-0	0
1326.1	-0.021331	-0	0
1327.1	-0.021312	-0	0
1328.1	-0.021293	-0	0
1329.1	-0.021275	-0	0
1330.1	-0.021256	-0	0
1331.1	-0.021237	-0	0
1332.1	-0.021218	-0	0
1333.1	-0.0212	-0	0
1334.1	-0.021181	-0	0
1335.1	-0.021162	-0	0
1336.1	-0.021144	-0	0
1337.1	-0.021125	-0	0
1338.1	-0.021107	-0	0
1339.1	-0.021088	-0	0
1340.1	-0.02107	-0	0
1341.1	-0.021052	-0	0
1342.1	-0.021033	-0	0
1343.1	-0.021015	-0	0
1344.1	-0.020997	-0	0
1345.1	-0.020978	-0	0
1346.1	-0.02096	-0	0
1347.1	-0.020942	-0	0
1348.1	-0.020924	-0	0
1349.1	-0.020906	-0	0
1350.1	-0.020888	-0	0
1351.1	-0.02087	-0	0
1352.1	-0.020852	-0	0
1353.1	-0.020834	-0	0
1354.1	-0.020816	-0	0
1355.1	-0.020798	-0	0
1356.1	-0.02078	-0	0
1357.1	-0.020762	-0	0
1358.1	-0.020744	-0	0
1359.1	-0.020727	-0	0
1360.1	-0.020709	-0	0
1361.1	-0.020691	-0	0
1362.1	-0.020673	-0	0
1363.1	-0.020656	-0	0
1364.1	-0.020638	-0	0
1365.1	-0.020621	-0	0
1366.1	-0.020603	-0	0
1367.1	-0.020586	-0	0
1368.1	-0.020568	-0	0
1369.1	-0.020551	-0	0
1370.1	-0.020533	-0	0
1371.1	-0.020516	-0	0
1372.1	-0.020498	-0	0
1373.1	-0.020481	-0	0
1374.1	-0.020464	-0	0
1375.1	-0.020447	-0	0
1376.1	-0.020429	-0	0
1377.1	-0.020412	-0	0
1378.1	-0.020395	-0	0
1379.1	-0.020378	-0	0
1380.1	-0.020361	-0	0
1381.1	-0.020344	-0	0
1382.1	-0.020327	-0	0
1383.1	-0.020309	-0	0
1384.1	-0.020293	-0	0
1385.1	-0.020276	-0	0
1386.1	-0.020259	-0	0
1387.1	-0.020242	-0	0
1388.1	-0.020225	-0	0
1389.1	-0.020208	-0	0
1390.1	-0.020191	-0	0
1391.1	-0.020174	-0	0
1392.1	-0.020158	-0	0
1393.1	-0.020141	-0	0
1394.1	-0.020124	-0	0
1395.1	-0.020108	-0	0
1396.1	-0.020091	-0	0
1397.1	-0.020074	-0	0
1398.1	-0.020058	-0	0
1399.1	-0.020041	-0	0
1400.1	-0.020025	-0	0
1401.1	-0.020008	-0	0
1402.1	-0.019992	-0	0
1403.1	-0.019975	-0	0
1404.1	-0.019959	-0	0
1405.1	-0.019943	-0	0
1406.1	-0.019926	-0	0
1407.1	-0.01991	-0	0
1408.1	-0.019894	-0	0
1409.1	-0.019877	-0	0
1410.1	-0.019861	-0	0
1411.1	-0.019845	-0	0
1412.1	-0.019829	-0	0
1413.1	-0.019813	-0	0
1414.1	-0.019797	-0	0
1415.1	-0.01978	-0	0
1416.1	-0.019764	-0	0
1417.1	-0.019748	-0	0
1418.1	-0.019732	-0	0
1419.1	-0.019716	-0	0
1420.1	-0.0197	-0	0
1421.1	-0.019684	-0	0
1422.1	-0.019669	-0	0
1423.1	-0.019653	-0	0
1424.1	-0.019637	-0	0
1425.1	-0.019621	-0	0
1426.1	-0.019605	-0	0
1427.1	-0.01959	-0	0
1428.1	-0.019574	-0	0
1429.1	-0.019558	-0	0
1430.1	-0.019542	-0	0
1431.1	-0.019527	-0	0
1432.1	-0.019511	-0	0
1433.1	-0.019496	-0	0
1434.1	-0.01948	-0	0
1435.1	-0.019464	-0	0
1436.1	-0.019449	-0	0
1437.1	-0.019433	-0	0
1438.1	-0.019418	-0	0
1439.1	-0.019403	-0	0
1440.1	-0.019387	-0	0
1441.1	-0.019372	-0	0
1442.1	-0.019356	-0	0
1443.1	-0.019341	-0	0
1444.1	-0.019326	-0	0
1445.1	-0.01931	-0	0
1446.1	-0.019295	-0	0
1447.1	-0.01928	-0	0
1448.1	-0.019265	-0	0
1449.1	-0.01925	-0	0
1450.1	-0.019234	-0	0
1451.1	-0.019219	-0	0
1452.1	-0.019204	-0	0
1453.1	-0.019189	-0	0
1454.1	-0.019174	-0	0
1455.1	-0.019159	-0	0
1456.1	-0.019144	-0	0
1457.1	-0.019129	-0	0
1458.1	-0.019114	-0	0
1459.1	-0.019099	-0	0
1460.1	-0.019084	-0	0
1461.1	-0.019069	-0	0
1462.1	-0.019054	-0	0
1463.1	-0.01904	-0	0
1464.1	-0.019025	-0	0
1465.1	-0.01901	-0	0
1466.1	-0.018995	-0	0
1467.1	-0.018981	-0	0
1468.1	-0.018966	-0	0
1469.1	-0.018951	-0	0
1470.1	-0.018936	-0	0
1471.1	-0.018922	-0	0
1472.1	-0.018907	-0	0
1473.1	-0.018893	-0	0
1474.1	-0.018878	-0	0
1475.1	-0.018863	-0	0
1476.1	-0.018849	-0	0
1477.1	-0.018834	-0	0
1478.1	-0.01882	-0	0
1479.1	-0.018806	-0	0
1480.1	-0.018791	-0	0
1481.1	-0.018777	-0	0
1482.1	-0.018762	-0	0
1483.1	-0.018748	-0	0
1484.1	-0.018734	-0	0
1485.1	-0.018719	-0	0
1486.1	-0.018705	-0	0
1487.1	-0.018691	-0	0
1488.1	-0.018677	-0	0
1489.1	-0.018662	-0	0
1490.1	-0.018648	-0	0
1491.1	-0.018634	-0	0
1492.1	-0.01862	-0	0
1493.1	-0.018606	-0	0
1494.1	-0.018592	-0	0
1495.1	-0.018578	-0	0
1496.1	-0.018563	-0	0
1497.1	-0.018549	-0	0
1498.1	-0.018535	-0	0
1499.1	-0.018521	-0	0
1500.1	-0.018507	-0	0
1501.1	-0.018494	-0	0
1502.1	-0.01848	-0	0
1503.1	-0.018466	-0	0
1504.1	-0.018452	-0	0
1505.1	-0.018438	-0	0
1506.1	-0.018424	-0	0
1507.1	-0.01841	-0	0
1508.1	-0.018397	-0	0
1509.1	-0.018383	-0	0
1510.1	-0.018369	-0	0
1511.1	-0.018355	-0	0
1512.1	-0.018342	-0	0
1513.1	-0.018328	-0	0
1514.1	-0.018314	-0	0
1515.1	-0.018301	-0	0
1516.1	-0.018287	-0	0
1517.1	-0.018273	-0	0
1518.1	-0.01826	-0	0
1519.1	-0.018246	-0	0
1520.1	-0.018233	-0	0
1521.1	-0.018219	-0	0
1522.1	-0.018206	-0	0
1523.1	-0.018192	-0	0
1524.1	-0.018179	-0	0
1525.1	-0.018165	-0	0
1526.1	-0.018152	-0	0
1527.1	-0.018139	-0	0
1528.1	-0.018125	-0	0
1529.1	-0.018112	-0	0
1530.1	-0.018099	-0	0
1531.1	-0.018085	-0	0
1532.1	-0.018072	-0	0
1533.1	-0.018059	-0	0
1534.1	-0.018045	-0	0
1535.1	-0.018032	-0	0
1536.1	-0.018019	-0	0
1537.1	-0.018006	-0	0
1538.1	-0.017993	-0	0
1539.1	-0.01798	-0	0
1540.1	-0.017966	-0	0
1541.1	-0.017953	-0	0
1542.1	-0.01794	-0	0
1543.1	-0.017927	-0	0
1544.1	-0.017914	-0	0
1545.1	-0.017901	-0	0
1546.1	-0.017888	-0	0
1547.1	-0.017875	-0	0
1548.1	-0.017862	-0	0
1549.1	-0.017849	-0	0
1550.1	-0.017836	-0	0
1551.1	-0.017823	-0	0
1552.1	-0.017811	-0	0
1553.1	-0.017798	-0	0
1554.1	-0.017785	-0	0
1555.1	-0.017772	-0	0
1556.1	-0.017759	-0	0
1557.1	-0.017746	-0	0
1558.1	-0.017734	-0	0
1559.1	-0.017721	-0	0
1560.1	-0.017708	-0	0
1561.1	-0.017696	-0	0
1562.1	-0.017683	-0	0
1563.1	-0.01767	-0	0
1564.1	-0.017658	-0	0
1565.1	-0.017645	-0	0
1566.1	-0.017632	-0	0
1567.1	-0.01762	-0	0
1568.1	-0.017607	-0	0
1569.1	-0.017595	-0	0
1570.1	-0.017582	-0	0
1571.1	-0.017569	-0	0
1572.1	-0.017557	-0	0
1573.1	-0.017545	-0	0
1574.1	-0.017532	-0	0
1575.1	-0.01752	-0	0
1576.1	-0.017507	-0	0
1577.1	-0.017495	-0	0
1578.1	-0.017482	-0	0
1579.1	-0.01747	-0	0
1580.1	-0.017458	-0	0
1581.1	-0.017445	-0	0
1582.1	-0.017433	-0	0
1583.1	-0.017421	-0	0
1584.1	-0.017408	-0	0
1585.1	-0.017396	-0	0
1586.1	-0.017384	-0	0
1587.1	-0.017372	-0	0
1588.1	-0.01736	-0	0
1589.1	-0.017347	-0	0
1590.1	-0.017335	-0	0
1591.1	-0.017323	-0	0
1592.1	-0.017311	-0	0
1593.1	-0.017299	-0	0
1594.1	-0.017287	-0	0
1595.1	-0.017275	-0	0
1596.1	-0.017263	-0	0
1597.1	-0.017251	-0	0
1598.1	-0.017239	-0	0
1599.1	-0.017227	-0	0
1600.1	-0.017215	-0	0
1601.1	-0.017203	-0	0
1602.1	-0.017191	-0	0
1603.1	-0.017179	-0	0
1604.1	-0.017167	-0	0
1605.1	-0.017155	-0	0
1606.1	-0.017143	-0	0
1607.1	-0.017131	-0	0
1608.1	-0.017119	-0	0
1609.1	-0.017107	-0	0
1610.1	-0.017096	-0	0
1611.1	-0.017084	-0	0
1612.1	-0.017072	-0	0
1613.1	-0.01706	-0	0
1614.1	-0.017049	-0	0
1615.1	-0.017037	-0	0
1616.1	-0.017025	-0	0
1617.1	-0.017013	-0	0
1618.1	-0.017002	-0	0
1619.1	-0.01699	-0	0
1620.1	-0.016978	-0	0
1621.1	-0.016967	-0	0
1622.1	-0.016955	-0	0
1623.1	-0.016944	-0	0
1624.1	-0.016932	-0	0
1625.1	-0.01692	-0	0
1626.1	-0.016909	-0	0
1627.1	-0.016897	-0	0
1628.1	-0.016886	-0	0
1629.1	-0.016874	-0	0
1630.1	-0.016863	-0	0
1631.1	-0.016851	-0	0
1632.1	-0.01684	-0	0
1633.1	-0.016828	-0	0
1634.1	-0.016817	-0	0
1635.1	-0.016806	-0	0
1636.1	-0.016794	-0	0
1637.1	-0.016783	-0	0
1638.1	-0.016772	-0	0
1639.1	-0.01676	-0	0
1640.1	-0.016749	-0	0
1641.1	-0.016738	-0	0
1642.1	-0.016726	-0	0
1643.1	-0.016715	-0	0
1644.1	-0.016704	-0	0
1645.1	-0.016693	-0	0
1646.1	-0.016681	-0	0
1647.1	-0.01667	-0	0
1648.1	-0.016659	-0	0
1649.1	-0.016648	-0	0
1650.1	-0.016637	-0	0
1651.1	-0.016625	-0	0
1652.1	-0.016614	-0	0
1653.1	-0.016603	-0	0
1654.1	-0.016592	-0	0
1655.1	-0.016581	-0	0
1656.1	-0.01657	-0	0
1657.1	-0.016559	-0	0
1658.1	-0.016548	-0	0
1659.1	-0.016537	-0	0
1660.1	-0.016526	-0	0
1661.1	-0.016515	-0	0
1662.1	-0.016504	-0	0
1663.1	-0.016493	-0	0
1664.1	-0.016482	-0	0
1665.1	-0.016471	-0	0
1666.1	-0.01646	-0	0
1667.1	-0.016449	-0	0
1668.1	-0.016438	-0	0
1669.1	-0.016428	-0	0
1670.1	-0.016417	-0	0
1671.1	-0.016406	-0	0
1672.1	-0.016395	-0	0
1673.1	-0.016384	-0	0
1674.1	-0.016373	-0	0
1675.1	-0.016363	-0	0
1676.1	-0.016352	-0	0
1677.1	-0.016341	-0	0
1678.1	-0.01633	-0	0
1679.1	-0.01632	-0	0
1680.1	-0.016309	-0	0
1681.1	-0.016298	-0	0
1682.1	-0.016288	-0	0
1683.1	-0.016277	-0	0
1684.1	-0.016266	-0	0
1685.1	-0.016256	-0	0
1686.1	-0.016245	-0	0
1687.1	-0.016234	-0	0
1688.1	-0.016224	-0	0
1689.1	-0.016213	-0	0
1690.1	-0.016203	-0	0
1691.1	-0.016192	-0	0
1692.1	-0.016182	-0	0
1693.1	-0.016171	-0	0
1694.1	-0.016161	-0	0
1695.1	-0.01615	-0	0
1696.1	-0.01614	-0	0
1697.1	-0.016129	-0	0
1698.1	-0.016119	-0	0
1699.1	-0.016108	-0	0
1700.1	-0.016098	-0	0
1701.1	-0.016088	-0	0
1702.1	-0.016077	-0	0
1703.1	-0.016067	-0	0
1704.1	-0.016056	-0	0
1705.1	-0.016046	-0	0
1706.1	-0.016036	-0	0
1707.1	-0.016025	-0	0
1708.1	-0.016015	-0	0
1709.1	-0.016005	-0	0
1710.1	-0.015995	-0	0
1711.1	-0.015984	-0	0
1712.1	-0.015974	-0	0
1713.1	-0.015964	-0	0
1714.1	-0.015954	-0	0
1715.1	-0.015943	-0	0
1716.1	-0.015933	-0	0
1717.1	-0.015923	-0	0
1718.1	-0.015913	-0	0
1719.1	-0.015903	-0	0
1720.1	-0.015893	-0	0
1721.1	-0.015882	-0	0
1722.1	-0.015872	-0	0
1723.1	-0.015862	-0	0
1724.1	-0.015852	-0	0
1725.1	-0.015842	-0	0
1726.1	-0.015832	-0	0
1727.1	-0.015822	-0	0
1728.1	-0.015812	-0	0
1729.1	-0.015802	-0	0
1730.1	-0.015792	-0	0
1731.1	-0.015782	-0	0
1732.1	-0.015772	-0	0
1733.1	-0.015762	-0	0
1734.1	-0.015752	-0	0
1735.1	-0.015742	-0	0
1736.1	-0.015732	-0	0
1737.1	-0.015722	-0	0
1738.1	-0.015712	-0	0
1739.1	-0.015702	-0	0
1740.1	-0.015693	-0	0
1741.1	-0.015683	-0	0
1742.1	-0.015673	-0	0
1743.1	-0.015663	-0	0
1744.1	-0.015653	-0	0
1745.1	-0.015643	-0	0
1746.1	-0.015634	-0	0
1747.1	-0.015624	-0	0
1748.1	-0.015614	-0	0
1749.1	-0.015604	-0	0
1750.1	-0.015594	-0	0
1751.1	-0.015585	-0	0
1752.1	-0.015575	-0	0
1753.1	-0.015565	-0	0
1754.1	-0.015556	-0	0
1755.1	-0.015546	-0	0
1756.1	-0.015536	-0	0
1757.1	-0.015527	-0	0
1758.1	-0.015517	-0	0
1759.1	-0.015507	-0	0
1760.1	-0.015498	-0	0
1761.1	-0.015488	-0	0
1762.1	-0.015478	-0	0
1763.1	-0.015469	-0	0
1764.1	-0.015459	-0	0
1765.1	-0.01545	-0	0
1766.1	-0.01544	-0	0
1767.1	-0.015431	-0	0
1768.1	-0.015421	-0	0
1769.1	-0.015412	-0	0
1770.1	-0.015402	-0	0
1771.1	-0.015393	-0	0
1772.1	-0.015383	-0	0
1773.1	-0.015374	-0	0
1774.1	-0.015364	-0	0
1775.1	-0.015355	-0	0
1776.1	-0.015345	-0	0
1777.1	-0.015336	-0	0
1778.1	-0.015327	-0	0
1779.1	-0.015317	-0	0
1780.1	-0.015308	-0	0
1781.1	-0.015298	-0	0
1782.1	-0.015289	-0	0
1783.1	-0.01528	-0	0
1784.1	-0.01527	-0	0
1785.1	-0.015261	-0	0
1786.1	-0.015252	-0	0
1787.1	-0.015243	-0	0
1788.1	-0.015233	-0	0
1789.1	-0.015224	-0	0
1790.1	-0.015215	-0	0
1791.1	-0.015205	-0	0
1792.1	-0.015196	-0	0
1793.1	-0.015187	-0	0
1794.1	-0.015178	-0	0
1795.1	-0.015169	-0	0
1796.1	-0.015159	-0	0
1797.1	-0.01515	-0	0
1798.1	-0.015141	-0	0
1799.1	-0.015132	-0	0
1800.1	-0.015123	-0	0
1801.1	-0.015114	-0	0
1802.1	-0.015105	-0	0
1803.1	-0.015095	-0	0
1804.1	-0.015086	-0	0
1805.1	-0.015077	-0	0
1806.1	-0.015068	-0	0
1807.1	-0.015059	-0	0
1808.1	-0.01505	-0	0
1809.1	-0.015041	-0	0
1810.1	-0.015032	-0	0
1811.1	-0.015023	-0	0
1812.1	-0.015014	-0	0
1813.1	-0.015005	-0	0
1814.1	-0.014996	-0	0
1815.1	-0.014987	-0	0
1816.1	-0.014978	-0	0
1817.1	-0.014969	-0	0
1818.1	-0.01496	-0	0
1819.1	-0.014951	-0	0
1820.1	-0.014942	-0	0
1821.1	-0.014933	-0	0
1822.1	-0.014924	-0	0
1823.1	-0.014916	-0	0
1824.1	-0.014907	-0	0
1825.1	-0.014898	-0	0
1826.1	-0.014889	-0	0
1827.1	-0.01488	-0	0
1828.1	-0.014871	-0	0
1829.1	-0.014863	-0	0
1830.1	-0.014854	-0	0
1831.1	-0.014845	-0	0
1832.1	-0.014836	-0	0
1833.1	-0.014827	-0	0
1834.1	-0.014819	-0	0
1835.1	-0.01481	-0	0
1836.1	-0.014801	-0	0
1837.1	-0.014792	-0	0
1838.1	-0.014784	-0	0
1839.1	-0.014775	-0	0
1840.1	-0.014766	-0	0
1841.1	-0.014758	-0	0
1842.1	-0.014749	-0	0
1843.1	-0.01474	-0	0
1844.1	-0.014732	-0	0
1845.1	-0.014723	-0	0
1846.1	-0.014714	-0	0
1847.1	-0.014706	-0	0
1848.1	-0.014697	-0	0
1849.1	-0.014688	-0	0
1850.1	-0.01468	-0	0
1851.1	-0.014671	-0	0
1852.1	-0.014663	-0	0
1853.1	-0.014654	-0	0
1854.1	-0.014646	-0	0
1855.1	-0.014637	-0	0
1856.1	-0.014628	-0	0
1857.1	-0.01462	-0	0
1858.1	-0.014611	-0	0
1859.1	-0.014603	-0	0
1860.1	-0.014594	-0	0
1861.1	-0.014586	-0	0
1862.1	-0.014577	-0	0
1863.1	-0.014569	-0	0
1864.1	-0.014561	-0	0
1865.1	-0.014552	-0	0
1866.1	-0.014544	-0	0
1867.1	-0.014535	-0	0
1868.1	-0.014527	-0	0
1869.1	-0.014518	-0	0
1870.1	-0.01451	-0	0
1871.1	-0.014502	-0	0
1872.1	-0.014493	-0	0
1873.1	-0.014485	-0	0
1874.1	-0.014477	-0	0
1875.1	-0.014468	-0	0
1876.1	-0.01446	-0	0
1877.1	-0.014452	-0	0
1878.1	-0.014443	-0	0
1879.1	-0.014435	-0	0
1880.1	-0.014427	-0	0
1881.1	-0.014418	-0	0
1882.1	-0.01441	-0	0
1883.1	-0.014402	-0	0
1884.1	-0.014394	-0	0
1885.1	-0.014385	-0	0
1886.1	-0.014377	-0	0
1887.1	-0.014369	-0	0
1888.1	-0.014361	-0	0
1889.1	-0.014353	-0	0
1890.1	-0.014344	-0	0
1891.1	-0.014336	-0	0
1892.1	-0.014328	-0	0
1893.1	-0.01432	-0	0
1894.1	-0.014312	-0	0
1895.1	-0.014304	-0	0
1896.1	-0.014295	-0	0
1897.1	-0.014287	-0	0
1898.1	-0.014279	-0	0
1899.1	-0.014271	-0	0
1900.1	-0.014263	-0	0
1901.1	-0.014255	-0	0
1902.1	-0.014247	-0	0
1903.1	-0.014239	-0	0
1904.1	-0.014231	-0	0
1905.1	-0.014223	-0	0
1906.1	-0.014215	-0	0
1907.1	-0.014207	-0	0
1908.1	-0.014199	-0	0
1909.1	-0.014191	-0	0
1910.1	-0.014183	-0	0
1911.1	-0.014175	-0	0
1912.1	-0.014167	-0	0
1913.1	-0.014159	-0	0
1914.1	-0.014151	-0	0
1915.1	-0.014143	-0	0
1916.1	-0.014135	-0	0
1917.1	-0.014127	-0	0
1918.1	-0.014119	-0	0
1919.1	-0.014111	-0	0
1920.1	-0.014103	-0	0
1921.1	-0.014095	-0	0
1922.1	-0.014087	-0	0
1923.1	-0.014079	-0	0
1924.1	-0.014071	-0	0
1925.1	-0.014064	-0	0
1926.1	-0.014056	-0	0
1927.1	-0.014048	-0	0
1928.1	-0.01404	-0	0
1929.1	-0.014032	-0	0
1930.1	-0.014024	-0	0
1931.1	-0.014017	-0	0
1932.1	-0.014009	-0	0
1933.1	-0.014001	-0	0
1934.1	-0.013993	-0	0
1935.1	-0.013985	-0	0
1936.1	-0.013978	-0	0
1937.1	-0.01397	-0	0
1938.1	-0.013962	-0	0
1939.1	-0.013954	-0	0
1940.1	-0.013947	-0	0
1941.1	-0.013939	-0	0
1942.1	-0.013931	-0	0
1943.1	-0.013924	-0	0
1944.1	-0.013916	-0	0
1945.1	-0.013908	-0	0
1946.1	-0.013901	-0	0
1947.1	-0.013893	-0	0
1948.1	-0.013885	-0	0
1949.1	-0.013878	-0	0
1950.1	-0.01387	-0	0
1951.1	-0.013862	-0	0
1952.1	-0.013855	-0	0
1953.1	-0.013847	-0	0
1954.1	-0.013839	-0	0
1955.1	-0.013832	-0	0
1956.1	-0.013824	-0	0
1957.1	-0.013817	-0	0
1958.1	-0.013809	-0	0
1959.1	-0.013802	-0	0
1960.1	-0.013794	-0	0
1961.1	-0.013786	-0	0
1962.1	-0.013779	-0	0
1963.1	-0.013771	-0	0
1964.1	-0.013764	-0	0
1965.1	-0.013756	-0	0
1966.1	-0.013749	-0	0
1967.1	-0.013741	-0	0
1968.1	-0.013734	-0	0
1969.1	-0.013726	-0	0
1970.1	-0.013719	-0	0
1971.1	-0.013711	-0	0
1972.1	-0.013704	-0	0
1973.1	-0.013697	-0	0
1974.1	-0.013689	-0	0
1975.1	-0.013682	-0	0
1976.1	-0.013674	-0	0
1977.1	-0.013667	-0	0
1978.1	-0.013659	-0	0
1979.1	-0.013652	-0	0
1980.1	-0.013645	-0	0
1981.1	-0.013637	-0	0
1982.1	-0.01363	-0	0
1983.1	-0.013623	-0	0
1984.1	-0.013615	-0	0
1985.1	-0.013608	-0	0
1986.1	-0.0136	-0	0
1987.1	-0.013593	-0	0
1988.1	-0.013586	-0	0
1989.1	-0.013579	-0	0
1990.1	-0.013571	-0	0
1991.1	-0.013564	-0	0
1992.1	-0.013557	-0	0
1993.1	-0.013549	-0	0
1994.1	-0.013542	-0	0
1995.1	-0.013535	-0	0
1996.1	-0.013528	-0	0
1997.1	-0.01352	-0	0
1998.1	-0.013513	-0	0
1999.1	-0.013506	-0	0
2000.1	-0.013499	-0	0
2001.1	-0.013491	-0	0
2002.1	-0.013484	-0	0
2003.1	-0.013477	-0	0
2004.1	-0.01347	-0	0
2005.1	-0.013463	-0	0
2006.1	-0.013455	-0	0
2007.1	-0.013448	-0	0
2008.1	-0.013441	-0	0
2009.1	-0.013434	-0	0
2010.1	-0.013427	-0	0
2011.1	-0.01342	-0	0
2012.1	-0.013413	-0	0
2013.1	-0.013405	-0	0
2014.1	-0.013398	-0	0
2015.1	-0.013391	-0	0
2016.1	-0.013384	-0	0
2017.1	-0.013377	-0	0
2018.1	-0.01337	-0	0
2019.1	-0.013363	-0	0
2020.1	-0.013356	-0	0
2021.1	-0.013349	-0	0
2022.1	-0.013342	-0	0
2023.1	-0.013335	-0	0
2024.1	-0.013328	-0	0
2025.1	-0.013321	-0	0
2026.1	-0.013314	-0	0
2027.1	-0.013307	-0	0
2028.1	-0.0133	-0	0
2029.1	-0.013293	-0	0
2030.1	-0.013286	-0	0
2031.1	-0.013279	-0	0
2032.1	-0.013272	-0	0
2033.1	-0.013265	-0	0
2034.1	-0.013258	-0	0
2035.1	-0.013251	-0	0
2036.1	-0.013244	-0	0
2037.1	-0.013237	-0	0
2038.1	-0.01323	-0	0
2039.1	-0.013223	-0	0
2040.1	-0.013216	-0	0
2041.1	-0.013209	-0	0
2042.1	-0.013202	-0	0
2043.1	-0.013195	-0	0
2044.1	-0.013188	-0	0
2045.1	-0.013182	-0	0
2046.1	-0.013175	-0	0
2047.1	-0.013168	-0	0
2048.1	-0.013161	-0	0
2049.1	-0.013154	-0	0
2050.1	-0.013147	-0	0
2051.1	-0.01314	-0	0
2052.1	-0.013134	-0	0
2053.1	-0.013127	-0	0
2054.1	-0.01312	-0	0
2055.1	-0.013113	-0	0
2056.1	-0.013106	-0	0
2057.1	-0.0131	-0	0
2058.1	-0.013093	-0	0
2059.1	-0.013086	-0	0
2060.1	-0.013079	-0	0
2061.1	-0.013073	-0	0
2062.1	-0.013066	-0	0
2063.1	-0.013059	-0	0
2064.1	-0.013052	-0	0
2065.1	-0.013046	-0	0
2066.1	-0.013039	-0	0
2067.1	-0.013032	-0	0
2068.1	-0.013025	-0	0
2069.1	-0.013019	-0	0
2070.1	-0.013012	-0	0
2071.1	-0.013005	-0	0
2072.1	-0.012999	-0	0
2073.1	-0.012992	-0	0
2074.1	-0.012985	-0	0
2075.1	-0.012979	-0	0
2076.1	-0.012972	-0	0
2077.1	-0.012965	-0	0
2078.1	-0.012959	-0	0
2079.1	-0.012952	-0	0
2080.1	-0.012945	-0	0
2081.1	-0.012939	-0	0
2082.1	-0.012932	-0	0
2083.1	-0.012926	-0	0
2084.1	-0.012919	-0	0
2085.1	-0.012912	-0	0
2086.1	-0.012906	-0	0
2087.1	-0.012899	-0	0
2088.1	-0.012893	-0	0
2089.1	-0.012886	-0	0
2090.1	-0.01288	-0	0
2091.1	-0.012873	-0	0
2092.1	-0.012866	-0	0
2093.1	-0.01286	-0	0
2094.1	-0.012853	-0	0
2095.1	-0.012847	-0	0
2096.1	-0.01284	-0	0
2097.1	-0.012834	-0	0
2098.1	-0.012827	-0	0
2099.1	-0.012821	-0	0
2100.1	-0.012814	-0	0
2101.1	-0.012808	-0	0
2102.1	-0.012801	-0	0
2103.1	-0.012795	-0	0
2104.1	-0.012788	-0	0
2105.1	-0.012782	-0	0
2106.1	-0.012776	-0	0
2107.1	-0.012769	-0	0
2108.1	-0.012763	-0	0
2109.1	-0.012756	-0	0
2110.1	-0.01275	-0	0
2111.1	-0.012743	-0	0
2112.1	-0.012737	-0	0
2113.1	-0.012731	-0	0
2114.1	-0.012724	-0	0
2115.1	-0.012718	-0	0
2116.1	-0.012711	-0	0
2117.1	-0.012705	-0	0
2118.1	-0.012699	-0	0
2119.1	-0.012692	-0	0
2120.1	-0.012686	-0	0
2121.1	-0.01268	-0	0
2122.1	-0.012673	-0	0
2123.1	-0.012667	-0	0
2124.1	-0.012661	-0	0
2125.1	-0.012654	-0	0
2126.1	-0.012648	-0	0
2127.1	-0.012642	-0	0
2128.1	-0.012635	-0	0
2129.1	-0.012629	-0	0
2130.1	-0.012623	-0	0
2131.1	-0.012616	-0	0
2132.1	-0.01261	-0	0
2133.1	-0.012604	-0	0
2134.1	-0.012598	-0	0
2135.1	-0.012591	-0	0
2136.1	-0.012585	-0	0
2137.1	-0.012579	-0	0
2138.1	-0.012573	-0	0
2139.1	-0.012566	-0	0
2140.1	-0.01256	-0	0
2141.1	-0.012554	-0	0
2142.1	-0.012548	-0	0
2143.1	-0.012542	-0	0
2144.1	-0.012535	-0	0
2145.1	-0.012529	-0	0
2146.1	-0.012523	-0	0
2147.1	-0.012517	-0	0
2148.1	-0.012511	-0	0
2149.1	-0.012504	-0	0
2150.1	-0.012498	-0	0
2151.1	-0.012492	-0	0
2152.1	-0.012486	-0	0
2153.1	-0.01248	-0	0
2154.1	-0.012474	-0	0
2155.1	-0.012468	-0	0
2156.1	-0.012461	-0	0
2157.1	-0.012455	-0	0
2158.1	-0.012449	-0	0
2159.1	-0.012443	-0	0
2160.1	-0.012437	-0	0
2161.1	-0.012431	-0	0
2162.1	-0.012425	-0	0
2163.1	-0.012419	-0	0
2164.1	-0.012413	-0	0
2165.1	-0.012407	-0	0
2166.1	-0.0124	-0	0
2167.1	-0.012394	-0	0
2168.1	-0.012388	-0	0
2169.1	-0.012382	-0	0
2170.1	-0.012376	-0	0
2171.1	-0.01237	-0	0
2172.1	-0.012364	-0	0
2173.1	-0.012358	-0	0
2174.1	-0.012352	-0	0
2175.1	-0.012346	-0	0
2176.1	-0.01234	-0	0
2177.1	-0.012334	-0	0
2178.1	-0.012328	-0	0
2179.1	-0.012322	-0	0
2180.1	-0.012316	-0	0
2181.1	-0.01231	-0	0
2182.1	-0.012304	-0	0
2183.1	-0.012298	-0	0
2184.1	-0.012292	-0	0
2185.1	-0.012286	-0	0
2186.1	-0.01228	-0	0
2187.1	-0.012275	-0	0
2188.1	-0.012269	-0	0
2189.1	-0.012263	-0	0
2190.1	-0.012257	-0	0
2191.1	-0.012251	-0	0
2192.1	-0.012245	-0	0
2193.1	-0.012239	-0	0
2194.1	-0.012233	-0	0
2195.1	-0.012227	-0	0
2196.1	-0.012221	-0	0
2197.1	-0.012215	-0	0
2198.1	-0.01221	-0	0
2199.1	-0.012204	-0	0
2200.1	-0.012198	-0	0
2201.1	-0.012192	-0	0
2202.1	-0.012186	-0	0
2203.1	-0.01218	-0	0
2204.1	-0.012174	-0	0
2205.1	-0.012169	-0	0
2206.1	-0.012163	-0	0
2207.1	-0.012157	-0	0
2208.1	-0.012151	-0	0
2209.1	-0.012145	-0	0
2210.1	-0.01214	-0	0
2211.1	-0.012134	-0	0
2212.1	-0.012128	-0	0
2213.1	-0.012122	-0	0
2214.1	-0.012116	-0	0
2215.1	-0.012111	-0	0
2216.1	-0.012105	-0	0
2217.1	-0.012099	-0	0
2218.1	-0.012093	-0	0
2219.1	-0.012088	-0	0
2220.1	-0.012082	-0	0
2221.1	-0.012076	-0	0
2222.1	-0.01207	-0	0
2223.1	-0.012065	-0	0
2224.1	-0.012059	-0	0
2225.1	-0.012053	-0	0
2226.1	-0.012047	-0	0
2227.1	-0.012042	-0	0
2228.1	-0.012036	-0	0
2229.1	-0.01203	-0	0
2230.1	-0.012025	-0	0
2231.1	-0.012019	-0	0
2232.1	-0.012013	-0	0
2233.1	-0.012008	-0	0
2234.1	-0.012002	-0	0
2235.1	-0.011996	-0	0
2236.1	-0.011991	-0	0
2237.1	-0.011985	-0	0
2238.1	-0.011979	-0	0
2239.1	-0.011974	-0	0
2240.1	-0.011968	-0	0
2241.1	-0.011962	-0	0
2242.1	-0.011957	-0	0
2243.1	-0.011951	-0	0
2244.1	-0.011945	-0	0
2245.1	-0.01194	-0	0
2246.1	-0.011934	-0	0
2247.1	-0.011929	-0	0
2248.1	-0.011923	-0	0
2249.1	-0.011917	-0	0
2250.1	-0.011912	-0	0
2251.1	-0.011906	-0	0
2252.1	-0.011901	-0	0
2253.1	-0.011895	-0	0
2254.1	-0.01189	-0	0
2255.1	-0.011884	-0	0
2256.1	-0.011878	-0	0
2257.1	-0.011873	-0	0
2258.1	-0.011867	-0	0
2259.1	-0.011862	-0	0
2260.1	-0.011856	-0	0
2261.1	-0.011851	-0	0
2262.1	-0.011845	-0	0
2263.1	-0.01184	-0	0
2264.1	-0.011834	-0	0
2265.1	-0.011829	-0	0
2266.1	-0.011823	-0	0
2267.1	-0.011818	-0	0
2268.1	-0.011812	-0	0
2269.1	-0.011807	-0	0
2270.1	-0.011801	-0	0
2271.1	-0.011796	-0	0
2272.1	-0.01179	-0	0
2273.1	-0.011785	-0	0
2274.1	-0.011779	-0	0
2275.1	-0.011774	-0	0
2276.1	-0.011769	-0	0
2277.1	-0.011763	-0	0
2278.1	-0.011758	-0	0
2279.1	-0.011752	-0	0
2280.1	-0.011747	-0	0
2281.1	-0.011741	-0	0
2282.1	-0.011736	-0	0
2283.1	-0.011731	-0	0
2284.1	-0.011725	-0	0
2285.1	-0.01172	-0	0
2286.1	-0.011714	-0	0
2287.1	-0.011709	-0	0
2288.1	-0.011704	-0	0
2289.1	-0.011698	-0	0
2290.1	-0.011693	-0	0
2291.1	-0.011687	-0	0
2292.1	-0.011682	-0	0
2293.1	-0.011677	-0	0
2294.1	-0.011671	-0	0
2295.1	-0.011666	-0	0
2296.1	-0.011661	-0	0
2297.1	-0.011655	-0	0
2298.1	-0.01165	-0	0
2299.1	-0.011645	-0	0
2300.1	-0.011639	-0	0
2301.1	-0.011634	-0	0
2302.1	-0.011629	-0	0
2303.1	-0.011623	-0	0
2304.1	-0.011618	-0	0
2305.1	-0.011613	-0	0
2306.1	-0.011607	-0	0
2307.1	-0.011602	-0	0
2308.1	-0.011597	-0	0
2309.1	-0.011592	-0	0
2310.1	-0.011586	-0	0
2311.1	-0.011581	-0	0
2312.1	-0.011576	-0	0
2313.1	-0.011571	-0	0
2314.1	-0.011565	-0	0
2315.1	-0.01156	-0	0
2316.1	-0.011555	-0	0
2317.1	-0.01155	-0	0
2318.1	-0.011544	-0	0
2319.1	-0.011539	-0	0
2320.1	-0.011534	-0	0
2321.1	-0.011529	-0	0
2322.1	-0.011523	-0	0
2323.1	-0.011518	-0	0
2324.1	-0.011513	-0	0
2325.1	-0.011508	-0	0
2326.1	-0.011503	-0	0
2327.1	-0.011497	-0	0
2328.1	-0.011492	-0	0
2329.1	-0.011487	-0	0
2330.1	-0.011482	-0	0
2331.1	-0.011477	-0	0
2332.1	-0.011472	-0	0
2333.1	-0.011466	-0	0
2334.1	-0.011461	-0	0
2335.1	-0.011456	-0	0
2336.1	-0.011451	-0	0
2337.1	-0.011446	-0	0
2338.1	-0.011441	-0	0
2339.1	-0.011435	-0	0
2340.1	-0.01143	-0	0
2341.1	-0.011425	-0	0
2342.1	-0.01142	-0	0
2343.1	-0.011415	-0	0
2344.1	-0.01141	-0	0
2345.1	-0.011405	-0	0
2346.1	-0.0114	-0	0
2347.1	-0.011395	-0	0
2348.1	-0.011389	-0	0
2349.1	-0.011384	-0	0
2350.1	-0.011379	-0	0
2351.1	-0.011374	-0	0
2352.1	-0.011369	-0	0
2353.1	-0.011364	-0	0
2354.1	-0.011359	-0	0
2355.1	-0.011354	-0	0
2356.1	-0.011349	-0	0
2357.1	-0.011344	-0	0
2358.1	-0.011339	-0	0
2359.1	-0.011334	-0	0
2360.1	-0.011329	-0	0
2361.1	-0.011324	-0	0
2362.1	-0.011319	-0	0
2363.1	-0.011314	-0	0
2364.1	-0.011309	-0	0
2365.1	-0.011304	-0	0
2366.1	-0.011299	-0	0
2367.1	-0.011294	-0	0
2368.1	-0.011289	-0	0
2369.1	-0.011284	-0	0
2370.1	-0.011279	-0	0
2371.1	-0.011274	-0	0
2372.1	-0.011269	-0	0
2373.1	-0.011264	-0	0
2374.1	-0.011259	-0	0
2375.1	-0.011254	-0	0
2376.1	-0.011249	-0	0
2377.1	-0.011244	-0	0
2378.1	-0.011239	-0	0
2379.1	-0.011234	-0	0
2380.1	-0.011229	-0	0
2381.1	-0.011224	-0	0
2382.1	-0.011219	-0	0
2383.1	-0.011214	-0	0
2384.1	-0.011209	-0	0
2385.1	-0.011204	-0	0
2386.1	-0.011199	-0	0
2387.1	-0.011194	-0	0
2388.1	-0.011189	-0	0
2389.1	-0.011185	-0	0
2390.1	-0.01118	-0	0
2391.1	-0.011175	-0	0
2392.1	-0.01117	-0	0
2393.1	-0.011165	-0	0
2394.1	-0.01116	-0	0
2395.1	-0.011155	-0	0
2396.1	-0.01115	-0	0
2397.1	-0.011145	-0	0
2398.1	-0.011141	-0	0
2399.1	-0.011136	-0	0
2400.1	-0.011131	-0	0
2401.1	-0.011126	-0	0
2402.1	-0.011121	-0	0
2403.1	-0.011116	-0	0
2404.1	-0.011111	-0	0
2405.1	-0.011107	-0	0
2406.1	-0.011102	-0	0
2407.1	-0.011097	-0	0
2408.1	-0.011092	-0	0
2409.1	-0.011087	-0	0
2410.1	-0.011082	-0	0
2411.1	-0.011078	-0	0
2412.1	-0.011073	-0	0
2413.1	-0.011068	-0	0
2414.1	-0.011063	-0	0
2415.1	-0.011058	-0	0
2416.1	-0.011054	-0	0
2417.1	-0.011049	-0	0
2418.1	-0.011044	-0	0
2419.1	-0.011039	-0	0
2420.1	-0.011035	-0	0
2421.1	-0.01103	-0	0
2422.1	-0.011025	-0	0
2423.1	-0.01102	-0	0
2424.1	-0.011015	-0	0
2425.1	-0.011011	-0	0
2426.1	-0.011006	-0	0
2427.1	-0.011001	-0	0
2428.1	-0.010996	-0	0
2429.1	-0.010992	-0	0
2430.1	-0.010987	-0	0
2431.1	-0.010982	-0	0
2432.1	-0.010978	-0	0
2433.1	-0.010973	-0	0
2434.1	-0.010968	-0	0
2435.1	-0.010963	-0	0
2436.1	-0.010959	-0	0
2437.1	-0.010954	-0	0
2438.1	-0.010949	-0	0
2439.1	-0.010945	-0	0
2440.1	-0.01094	-0	0
2441.1	-0.010935	-0	0
2442.1	-0.010931	-0	0
2443.1	-0.010926	-0	0
2444.1	-0.010921	-0	0
2445.1	-0.010917	-0	0
2446.1	-0.010912	-0	0
2447.1	-0.010907	-0	0
2448.1	-0.010903	-0	0
2449.1	-0.010898	-0	0
2450.1	-0.010893	-0	0
2451.1	-0.010889	-0	0
2452.1	-0.010884	-0	0
2453.1	-0.010879	-0	0
2454.1	-0.010875	-0	0
2455.1	-0.01087	-0	0
2456.1	-0.010865	-0	0
2457.1	-0.010861	-0	0
2458.1	-0.010856	-0	0
2459.1	-0.010852	-0	0
2460.1	-0.010847	-0	0
2461.1	-0.010842	-0	0
2462.1	-0.010838	-0	0
2463.1	-0.010833	-0	0
2464.1	-0.010829	-0	0
2465.1	-0.010824	-0	0
2466.1	-0.010819	-0	0
2467.1	-0.010815	-0	0
2468.1	-0.01081	-0	0
2469.1	-0.010806	-0	0
2470.1	-0.010801	-0	0
2471.1	-0.010797	-0	0
2472.1	-0.010792	-0	0
2473.1	-0.010787	-0	0
2474.1	-0.010783	-0	0
2475.1	-0.010778	-0	0
2476.1	-0.010774	-0	0
2477.1	-0.010769	-0	0
2478.1	-0.010765	-0	0
2479.1	-0.01076	-0	0
2480.1	-0.010756	-0	0
2481.1	-0.010751	-0	0
2482.1	-0.010747	-0	0
2483.1	-0.010742	-0	0
2484.1	-0.010738	-0	0
2485.1	-0.010733	-0	0
2486.1	-0.010728	-0	0
2487.1	-0.010724	-0	0
2488.1	-0.010719	-0	0
2489.1	-0.010715	-0	0
2490.1	-0.01071	-0	0
2491.1	-0.010706	-0	0
2492.1	-0.010702	-0	0
2493.1	-0.010697	-0	0
2494.1	-0.010693	-0	0
2495.1	-0.010688	-0	0
2496.1	-0.010684	-0	0
2497.1	-0.010679	-0	0
2498.1	-0.010675	-0	0
2499.1	-0.01067	-0	0
2500.1	-0.010666	-0	0
2501.1	-0.010661	-0	0
2502.1	-0.010657	-0	0
2503.1	-0.010652	-0	0
2504.1	-0.010648	-0	0
2505.1	-0.010644	-0	0
2506.1	-0.010639	-0	0
2507.1	-0.010635	-0	0
2508.1	-0.01063	-0	0
2509.1	-0.010626	-0	0
2510.1	-0.010621	-0	0
