511.1	0	0.49729	0
512.1	0	0.49632	0
513.1	0	0.49535	0
514.1	0	0.49438	0
515.1	0	0.49342	0
516.1	0	0.49247	0
517.1	0	0.49152	0
518.1	0	0.49057	0
519.1	0	0.48962	0
520.1	0	0.48868	0
521.1	0	0.48774	0
522.1	0	0.48681	0
523.1	0	0.48588	0
524.1	0	0.48495	0
525.1	0	0.48403	0
526.1	0	0.48311	0
527.1	0	0.48219	0
528.1	0	0.48128	0
529.1	0	0.48037	0
530.1	0	0.47946	0
531.1	0	0.47856	0
532.1	0	0.47766	0
533.1	0	0.47676	0
534.1	0	0.47587	0
535.1	0	0.47498	0
536.1	0	0.4741	0
537.1	0	0.47321	0
538.1	0	0.47233	0
539.1	0	0.47146	0
540.1	0	0.47059	0
541.1	0	0.46972	0
542.1	0	0.46885	0
543.1	0	0.46799	0
544.1	0	0.46713	0
545.1	0	0.46627	0
546.1	0	0.46541	0
547.1	0	0.46456	0
548.1	0	0.46372	0
549.1	0	0.46287	0
550.1	0	0.46203	0
551.1	0	0.46119	0
552.1	0	0.46036	0
553.1	0	0.45952	0
554.1	0	0.4587	0
555.1	0	0.45787	0
556.1	0	0.45705	0
557.1	0	0.45623	0
558.1	0	0.45541	0
559.1	0	0.45459	0
560.1	0	0.45378	0
561.1	0	0.45297	0
562.1	0	0.45217	0
563.1	0	0.45136	0
564.1	0	0.45056	0
565.1	0	0.44977	0
566.1	0	0.44897	0
567.1	0	0.44818	0
568.1	0	0.44739	0
569.1	0	0.44661	0
570.1	0	0.44582	0
571.1	0	0.44504	0
572.1	0	0.44426	0
573.1	0	0.44349	0
574.1	0	0.44272	0
575.1	0	0.44195	0
576.1	0	0.44118	0
577.1	0	0.44041	0
578.1	0	0.43965	0
579.1	0	0.43889	0
580.1	0	0.43814	0
581.1	0	0.43738	0
582.1	0	0.43663	0
583.1	0	0.43588	0
584.1	0	0.43514	0
585.1	0	0.43439	0
586.1	0	0.43365	0
587.1	0	0.43291	0
588.1	0	0.43218	0
589.1	0	0.43144	0
590.1	0	0.43071	0
591.1	0	0.42998	0
592.1	0	0.42926	0
593.1	0	0.42853	0
594.1	0	0.42781	0
595.1	0	0.42709	0
596.1	0	0.42638	0
597.1	0	0.42566	0
598.1	0	0.42495	0
599.1	0	0.42424	0
600.1	0	0.42353	0
601.1	0	0.42283	0
602.1	0	0.42213	0
603.1	0	0.42143	0
604.1	0	0.42073	0
605.1	0	0.42003	0
606.1	0	0.41934	0
607.1	0	0.41865	0
608.1	0	0.41796	0
609.1	0	0.41728	0
610.1	0	0.41659	0
611.1	0	0.41591	0
612.1	0	0.41523	0
613.1	0	0.41455	0
614.1	0	0.41388	0
615.1	0	0.41321	0
616.1	0	0.41254	0
617.1	0	0.41187	0
618.1	0	0.4112	0
619.1	0	0.41054	0
620.1	0	0.40987	0
621.1	0	0.40921	0
622.1	0	0.40856	0
623.1	0	0.4079	0
624.1	0	0.40725	0
625.1	0	0.4066	0
626.1	0	0.40595	0
627.1	0	0.4053	0
628.1	0	0.40465	0
629.1	0	0.40401	0
630.1	0	0.40337	0
631.1	0	0.40273	0
632.1	0	0.40209	0
633.1	0	0.40146	0
634.1	0	0.40082	0
635.1	0	0.40019	0
636.1	0	0.39956	0
637.1	0	0.39894	0
638.1	0	0.39831	0
639.1	0	0.39769	0
640.1	0	0.39707	0
641.1	0	0.39645	0
642.1	0	0.39583	0
643.1	0	0.39522	0
644.1	0	0.3946	0
645.1	0	0.39399	0
646.1	0	0.39338	0
647.1	0	0.39277	0
648.1	0	0.39217	0
649.1	0	0.39156	0
650.1	0	0.39096	0
651.1	0	0.39036	0
652.1	0	0.38976	0
653.1	0	0.38916	0
654.1	0	0.38857	0
655.1	0	0.38798	0
656.1	0	0.38738	0
657.1	0	0.3868	0
658.1	0	0.38621	0
659.1	0	0.38562	0
660.1	0	0.38504	0
661.1	0	0.38445	0
662.1	0	0.38387	0
663.1	0	0.3833	0
664.1	0	0.38272	0
665.1	0	0.38214	0
666.1	0	0.38157	0
667.1	0	0.381	0
668.1	0	0.38043	0
669.1	0	0.37986	0
670.1	0	0.37929	0
671.1	0	0.37873	0
672.1	0	0.37816	0
673.1	0	0.3776	0
674.1	0	0.37704	0
675.1	0	0.37648	0
676.1	0	0.37593	0
677.1	0	0.37537	0
678.1	0	0.37482	0
679.1	0	0.37426	0
680.1	0	0.37371	0
681.1	0	0.37317	0
682.1	0	0.37262	0
683.1	0	0.37207	0
684.1	0	0.37153	0
685.1	0	0.37099	0
686.1	0	0.37045	0
687.1	0	0.36991	0
688.1	0	0.36937	0
689.1	0	0.36883	0
690.1	0	0.3683	0
691.1	0	0.36777	0
692.1	0	0.36723	0
693.1	0	0.3667	0
694.1	0	0.36618	0
695.1	0	0.36565	0
696.1	0	0.36512	0
697.1	0	0.3646	0
698.1	0	0.36408	0
699.1	0	0.36356	0
700.1	0	0.36304	0
701.1	0	0.36252	0
702.1	0	0.362	0
703.1	0	0.36149	0
704.1	0	0.36098	0
705.1	0	0.36046	0
706.1	0	0.35995	0
707.1	0	0.35944	0
708.1	0	0.35894	0
709.1	0	0.35843	0
710.1	0	0.35793	0
711.1	0	0.35742	0
712.1	0	0.35692	0
713.1	0	0.35642	0
714.1	0	0.35592	0
715.1	0	0.35542	0
716.1	0	0.35493	0
717.1	0	0.35443	0
718.1	0	0.35394	0
719.1	0	0.35345	0
720.1	0	0.35296	0
721.1	0	0.35247	0
722.1	0	0.35198	0
723.1	0	0.35149	0
724.1	0	0.35101	0
725.1	0	0.35052	0
726.1	0	0.35004	0
727.1	0	0.34956	0
728.1	0	0.34908	0
729.1	0	0.3486	0
730.1	0	0.34812	0
731.1	0	0.34764	0
732.1	0	0.34717	0
733.1	0	0.3467	0
734.1	0	0.34622	0
735.1	0	0.34575	0
736.1	0	0.34528	0
737.1	0	0.34481	0
738.1	0	0.34435	0
739.1	0	0.34388	0
740.1	0	0.34342	0
741.1	0	0.34295	0
742.1	0	0.34249	0
743.1	0	0.34203	0
744.1	0	0.34157	0
745.1	0	0.34111	0
746.1	0	0.34066	0
747.1	0	0.3402	0
748.1	0	0.33974	0
749.1	0	0.33929	0
750.1	0	0.33884	0
751.1	0	0.33839	0
752.1	0	0.33794	0
753.1	0	0.33749	0
754.1	0	0.33704	0
755.1	0	0.3366	0
756.1	0	0.33615	0
757.1	0	0.33571	0
758.1	0	0.33526	0
759.1	0	0.33482	0
760.1	0	0.33438	0
761.1	0	0.33394	0
762.1	0	0.3335	0
763.1	0	0.33307	0
764.1	0	0.33263	0
765.1	0	0.3322	0
766.1	0	0.33176	0
767.1	0	0.33133	0
768.1	0	0.3309	0
769.1	0	0.33047	0
770.1	0	0.33004	0
771.1	0	0.32961	0
772.1	0	0.32918	0
773.1	0	0.32876	0
774.1	0	0.32833	0
775.1	0	0.32791	0
776.1	0	0.32749	0
777.1	0	0.32707	0
778.1	0	0.32665	0
779.1	0	0.32623	0
780.1	0	0.32581	0
781.1	0	0.32539	0
782.1	0	0.32498	0
783.1	0	0.32456	0
784.1	0	0.32415	0
785.1	0	0.32373	0
786.1	0	0.32332	0
787.1	0	0.32291	0
788.1	0	0.3225	0
789.1	0	0.32209	0
790.1	0	0.32168	0
791.1	0	0.32128	0
792.1	0	0.32087	0
793.1	0	0.32047	0
794.1	0	0.32006	0
795.1	0	0.31966	0
796.1	0	0.31926	0
797.1	0	0.31886	0
798.1	0	0.31846	0
799.1	0	0.31806	0
800.1	0	0.31766	0
801.1	0	0.31727	0
802.1	0	0.31687	0
803.1	0	0.31648	0
804.1	0	0.31608	0
805.1	0	0.31569	0
806.1	0	0.3153	0
807.1	0	0.31491	0
808.1	0	0.31452	0
809.1	0	0.31413	0
810.1	0	0.31374	0
811.1	0	0.31336	0
812.1	0	0.31297	0
813.1	0	0.31259	0
814.1	0	0.3122	0
815.1	0	0.31182	0
816.1	0	0.31144	0
817.1	0	0.31105	0
818.1	0	0.31067	0
819.1	0	0.3103	0
820.1	0	0.30992	0
821.1	0	0.30954	0
822.1	0	0.30916	0
823.1	0	0.30879	0
824.1	0	0.30841	0
825.1	0	0.30804	0
826.1	0	0.30767	0
827.1	0	0.30729	0
828.1	0	0.30692	0
829.1	0	0.30655	0
830.1	0	0.30618	0
831.1	0	0.30582	0
832.1	0	0.30545	0
833.1	0	0.30508	0
834.1	0	0.30472	0
835.1	0	0.30435	0
836.1	0	0.30399	0
837.1	0	0.30362	0
838.1	0	0.30326	0
839.1	0	0.3029	0
840.1	0	0.30254	0
841.1	0	0.30218	0
842.1	0	0.30182	0
843.1	0	0.30146	0
844.1	0	0.30111	0
845.1	0	0.30075	0
846.1	0	0.30039	0
847.1	0	0.30004	0
848.1	0	0.29969	0
849.1	0	0.29933	0
850.1	0	0.29898	0
851.1	0	0.29863	0
852.1	0	0.29828	0
853.1	0	0.29793	0
854.1	0	0.29758	0
855.1	0	0.29723	0
856.1	0	0.29688	0
857.1	0	0.29654	0
858.1	0	0.29619	0
859.1	0	0.29585	0
860.1	0	0.2955	0
861.1	0	0.29516	0
862.1	0	0.29482	0
863.1	0	0.29448	0
864.1	0	0.29414	0
865.1	0	0.2938	0
866.1	0	0.29346	0
867.1	0	0.29312	0
868.1	0	0.29278	0
869.1	0	0.29244	0
870.1	0	0.29211	0
871.1	0	0.29177	0
872.1	0	0.29144	0
873.1	0	0.2911	0
874.1	0	0.29077	0
875.1	0	0.29044	0
876.1	0	0.29011	0
877.1	0	0.28978	0
878.1	0	0.28945	0
879.1	0	0.28912	0
880.1	0	0.28879	0
881.1	0	0.28846	0
882.1	0	0.28813	0
883.1	0	0.28781	0
884.1	0	0.28748	0
885.1	0	0.28716	0
886.1	0	0.28683	0
887.1	0	0.28651	0
888.1	0	0.28619	0
889.1	0	0.28587	0
890.1	0	0.28554	0
891.1	0	0.28522	0
892.1	0	0.2849	0
893.1	0	0.28459	0
894.1	0	0.28427	0
895.1	0	0.28395	0
896.1	0	0.28363	0
897.1	0	0.28332	0
898.1	0	0.283	0
899.1	0	0.28269	0
900.1	0	0.28237	0
901.1	0	0.28206	0
902.1	0	0.28175	0
903.1	0	0.28143	0
904.1	0	0.28112	0
905.1	0	0.28081	0
906.1	0	0.2805	0
907.1	0	0.28019	0
908.1	0	0.27988	0
909.1	0	0.27958	0
910.1	0	0.27927	0
911.1	0	0.27896	0
912.1	0	0.27866	0
913.1	0	0.27835	0
914.1	0	0.27805	0
915.1	0	0.27774	0
916.1	0	0.27744	0
917.1	0	0.27714	0
918.1	0	0.27684	0
919.1	0	0.27653	0
920.1	0	0.27623	0
921.1	0	0.27593	0
922.1	0	0.27563	0
923.1	0	0.27534	0
924.1	0	0.27504	0
925.1	0	0.27474	0
926.1	0	0.27444	0
927.1	0	0.27415	0
928.1	0	0.27385	0
929.1	0	0.27356	0
930.1	0	0.27326	0
931.1	0	0.27297	0
932.1	0	0.27268	0
933.1	0	0.27239	0
934.1	0	0.27209	0
935.1	0	0.2718	0
936.1	0	0.27151	0
937.1	0	0.27122	0
938.1	0	0.27093	0
939.1	0	0.27065	0
940.1	0	0.27036	0
941.1	0	0.27007	0
942.1	0	0.26978	0
943.1	0	0.2695	0
944.1	0	0.26921	0
945.1	0	0.26893	0
946.1	0	0.26864	0
947.1	0	0.26836	0
948.1	0	0.26808	0
949.1	0	0.26779	0
950.1	0	0.26751	0
951.1	0	0.26723	0
952.1	0	0.26695	0
953.1	0	0.26667	0
954.1	0	0.26639	0
955.1	0	0.26611	0
956.1	0	0.26583	0
957.1	0	0.26556	0
958.1	0	0.26528	0
959.1	0	0.265	0
960.1	0	0.26473	0
961.1	0	0.26445	0
962.1	0	0.26418	0
963.1	0	0.2639	0
964.1	0	0.26363	0
965.1	0	0.26335	0
966.1	0	0.26308	0
967.1	0	0.26281	0
968.1	0	0.26254	0
969.1	0	0.26227	0
970.1	0	0.262	0
971.1	0	0.26173	0
972.1	0	0.26146	0
973.1	0	0.26119	0
974.1	0	0.26092	0
975.1	0	0.26065	0
976.1	0	0.26039	0
977.1	0	0.26012	0
978.1	0	0.25985	0
979.1	0	0.25959	0
980.1	0	0.25932	0
981.1	0	0.25906	0
982.1	0	0.2588	0
983.1	0	0.25853	0
984.1	0	0.25827	0
985.1	0	0.25801	0
986.1	0	0.25775	0
987.1	0	0.25748	0
988.1	0	0.25722	0
989.1	0	0.25696	0
990.1	0	0.2567	0
991.1	0	0.25645	0
992.1	0	0.25619	0
993.1	0	0.25593	0
994.1	0	0.25567	0
995.1	0	0.25541	0
996.1	0	0.25516	0
997.1	0	0.2549	0
998.1	0	0.25465	0
999.1	0	0.25439	0
1000.1	0	0.25414	0
1001.1	0	0.25388	0
1002.1	0	0.25363	0
1003.1	0	0.25338	0
1004.1	0	0.25313	0
1005.1	0	0.25287	0
1006.1	0	0.25262	0
1007.1	0	0.25237	0
1008.1	0	0.25212	0
1009.1	0	0.25187	0
1010.1	0	0.25162	0
1011.1	0	0.25137	0
1012.1	0	0.25112	0
1013.1	0	0.25088	0
1014.1	0	0.25063	0
1015.1	0	0.25038	0
1016.1	0	0.25014	0
1017.1	0	0.24989	0
1018.1	0	0.24964	0
1019.1	0	0.2494	0
1020.1	0	0.24915	0
1021.1	0	0.24891	0
1022.1	0	0.24867	0
1023.1	0	0.24842	0
1024.1	0	0.24818	0
1025.1	0	0.24794	0
1026.1	0	0.2477	0
1027.1	0	0.24746	0
1028.1	0	0.24722	0
1029.1	0	0.24698	0
1030.1	0	0.24674	0
1031.1	0	0.2465	0
1032.1	0	0.24626	0
1033.1	0	0.24602	0
1034.1	0	0.24578	0
1035.1	0	0.24554	0
1036.1	0	0.24531	0
1037.1	0	0.24507	0
1038.1	0	0.24483	0
1039.1	0	0.2446	0
1040.1	0	0.24436	0
1041.1	0	0.24413	0
1042.1	0	0.24389	0
1043.1	0	0.24366	0
1044.1	0	0.24343	0
1045.1	0	0.24319	0
1046.1	0	0.24296	0
1047.1	0	0.24273	0
1048.1	0	0.2425	0
1049.1	0	0.24227	0
1050.1	0	0.24204	0
1051.1	0	0.24181	0
1052.1	0	0.24158	0
1053.1	0	0.24135	0
1054.1	0	0.24112	0
1055.1	0	0.24089	0
1056.1	0	0.24066	0
1057.1	0	0.24043	0
1058.1	0	0.24021	0
1059.1	0	0.23998	0
1060.1	0	0.23975	0
1061.1	0	0.23953	0
1062.1	0	0.2393	0
1063.1	0	0.23908	0
1064.1	0	0.23885	0
1065.1	0	0.23863	0
1066.1	0	0.2384	0
1067.1	0	0.23818	0
1068.1	0	0.23796	0
1069.1	0	0.23774	0
1070.1	0	0.23751	0
1071.1	0	0.23729	0
1072.1	0	0.23707	0
1073.1	0	0.23685	0
1074.1	0	0.23663	0
1075.1	0	0.23641	0
1076.1	0	0.23619	0
1077.1	0	0.23597	0
1078.1	0	0.23575	0
1079.1	0	0.23553	0
1080.1	0	0.23531	0
1081.1	0	0.2351	0
1082.1	0	0.23488	0
1083.1	0	0.23466	0
1084.1	0	0.23445	0
1085.1	0	0.23423	0
1086.1	0	0.23401	0
1087.1	0	0.2338	0
1088.1	0	0.23358	0
1089.1	0	0.23337	0
1090.1	0	0.23316	0
1091.1	0	0.23294	0
1092.1	0	0.23273	0
1093.1	0	0.23252	0
1094.1	0	0.2323	0
1095.1	0	0.23209	0
1096.1	0	0.23188	0
1097.1	0	0.23167	0
1098.1	0	0.23146	0
1099.1	0	0.23125	0
1100.1	0	0.23104	0
1101.1	0	0.23083	0
1102.1	0	0.23062	0
1103.1	0	0.23041	0
1104.1	0	0.2302	0
1105.1	0	0.22999	0
1106.1	0	0.22978	0
1107.1	0	0.22958	0
1108.1	0	0.22937	0
1109.1	0	0.22916	0
1110.1	0	0.22895	0
1111.1	0	0.22875	0
1112.1	0	0.22854	0
1113.1	0	0.22834	0
1114.1	0	0.22813	0
1115.1	0	0.22793	0
1116.1	0	0.22772	0
1117.1	0	0.22752	0
1118.1	0	0.22732	0
1119.1	0	0.22711	0
1120.1	0	0.22691	0
1121.1	0	0.22671	0
1122.1	0	0.22651	0
1123.1	0	0.2263	0
1124.1	0	0.2261	0
1125.1	0	0.2259	0
1126.1	0	0.2257	0
1127.1	0	0.2255	0
1128.1	0	0.2253	0
1129.1	0	0.2251	0
1130.1	0	0.2249	0
1131.1	0	0.2247	0
1132.1	0	0.22451	0
1133.1	0	0.22431	0
1134.1	0	0.22411	0
1135.1	0	0.22391	0
1136.1	0	0.22372	0
1137.1	0	0.22352	0
1138.1	0	0.22332	0
1139.1	0	0.22313	0
1140.1	0	0.22293	0
1141.1	0	0.22273	0
1142.1	0	0.22254	0
1143.1	0	0.22235	0
1144.1	0	0.22215	0
1145.1	0	0.22196	0
1146.1	0	0.22176	0
1147.1	0	0.22157	0
1148.1	0	0.22138	0
1149.1	0	0.22118	0
1150.1	0	0.22099	0
1151.1	0	0.2208	0
1152.1	0	0.22061	0
1153.1	0	0.22042	0
1154.1	0	0.22023	0
1155.1	0	0.22004	0
1156.1	0	0.21985	0
1157.1	0	0.21966	0
1158.1	0	0.21947	0
1159.1	0	0.21928	0
1160.1	0	0.21909	0
1161.1	0	0.2189	0
1162.1	0	0.21871	0
1163.1	0	0.21852	0
1164.1	0	0.21833	0
1165.1	0	0.21815	0
1166.1	0	0.21796	0
1167.1	0	0.21777	0
1168.1	0	0.21759	0
1169.1	0	0.2174	0
1170.1	0	0.21721	0
1171.1	0	0.21703	0
1172.1	0	0.21684	0
1173.1	0	0.21666	0
1174.1	0	0.21647	0
1175.1	0	0.21629	0
1176.1	0	0.21611	0
1177.1	0	0.21592	0
1178.1	0	0.21574	0
1179.1	0	0.21556	0
1180.1	0	0.21537	0
1181.1	0	0.21519	0
1182.1	0	0.21501	0
1183.1	0	0.21483	0
1184.1	0	0.21465	0
1185.1	0	0.21447	0
1186.1	0	0.21428	0
1187.1	0	0.2141	0
1188.1	0	0.21392	0
1189.1	0	0.21374	0
1190.1	0	0.21356	0
1191.1	0	0.21338	0
1192.1	0	0.21321	0
1193.1	0	0.21303	0
1194.1	0	0.21285	0
1195.1	0	0.21267	0
1196.1	0	0.21249	0
1197.1	0	0.21232	0
1198.1	0	0.21214	0
1199.1	0	0.21196	0
1200.1	0	0.21178	0
1201.1	0	0.21161	0
1202.1	0	0.21143	0
1203.1	0	0.21126	0
1204.1	0	0.21108	0
1205.1	0	0.21091	0
1206.1	0	0.21073	0
1207.1	0	0.21056	0
1208.1	0	0.21038	0
1209.1	0	0.21021	0
1210.1	0	0.21003	0
1211.1	0	0.20986	0
1212.1	0	0.20969	0
1213.1	0	0.20952	0
1214.1	0	0.20934	0
1215.1	0	0.20917	0
1216.1	0	0.209	0
1217.1	0	0.20883	0
1218.1	0	0.20866	0
1219.1	0	0.20848	0
1220.1	0	0.20831	0
1221.1	0	0.20814	0
1222.1	0	0.20797	0
1223.1	0	0.2078	0
1224.1	0	0.20763	0
1225.1	0	0.20746	0
1226.1	0	0.20729	0
1227.1	0	0.20712	0
1228.1	0	0.20696	0
1229.1	0	0.20679	0
1230.1	0	0.20662	0
1231.1	0	0.20645	0
1232.1	0	0.20628	0
1233.1	0	0.20612	0
1234.1	0	0.20595	0
1235.1	0	0.20578	0
1236.1	0	0.20562	0
1237.1	0	0.20545	0
1238.1	0	0.20528	0
1239.1	0	0.20512	0
1240.1	0	0.20495	0
1241.1	0	0.20479	0
1242.1	0	0.20462	0
1243.1	0	0.20446	0
1244.1	0	0.20429	0
1245.1	0	0.20413	0
1246.1	0	0.20397	0
1247.1	0	0.2038	0
1248.1	0	0.20364	0
1249.1	0	0.20348	0
1250.1	0	0.20331	0
1251.1	0	0.20315	0
1252.1	0	0.20299	0
1253.1	0	0.20283	0
1254.1	0	0.20267	0
1255.1	0	0.2025	0
1256.1	0	0.20234	0
1257.1	0	0.20218	0
1258.1	0	0.20202	0
1259.1	0	0.20186	0
1260.1	0	0.2017	0
1261.1	0	0.20154	0
1262.1	0	0.20138	0
1263.1	0	0.20122	0
1264.1	0	0.20106	0
1265.1	0	0.2009	0
1266.1	0	0.20074	0
1267.1	0	0.20059	0
1268.1	0	0.20043	0
1269.1	0	0.20027	0
1270.1	0	0.20011	0
1271.1	0	0.19996	0
1272.1	0	0.1998	0
1273.1	0	0.19964	0
1274.1	0	0.19948	0
1275.1	0	0.19933	0
1276.1	0	0.19917	0
1277.1	0	0.19902	0
1278.1	0	0.19886	0
1279.1	0	0.1987	0
1280.1	0	0.19855	0
1281.1	0	0.19839	0
1282.1	0	0.19824	0
1283.1	0	0.19808	0
1284.1	0	0.19793	0
1285.1	0	0.19778	0
1286.1	0	0.19762	0
1287.1	0	0.19747	0
1288.1	0	0.19732	0
1289.1	0	0.19716	0
1290.1	0	0.19701	0
1291.1	0	0.19686	0
1292.1	0	0.19671	0
1293.1	0	0.19655	0
1294.1	0	0.1964	0
1295.1	0	0.19625	0
1296.1	0	0.1961	0
1297.1	0	0.19595	0
1298.1	0	0.1958	0
1299.1	0	0.19565	0
1300.1	0	0.19549	0
1301.1	0	0.19534	0
1302.1	0	0.19519	0
1303.1	0	0.19504	0
1304.1	0	0.1949	0
1305.1	0	0.19475	0
1306.1	0	0.1946	0
1307.1	0	0.19445	0
1308.1	0	0.1943	0
1309.1	0	0.19415	0
1310.1	0	0.194	0
1311.1	0	0.19385	0
1312.1	0	0.19371	0
1313.1	0	0.19356	0
1314.1	0	0.19341	0
1315.1	0	0.19327	0
1316.1	0	0.19312	0
1317.1	0	0.19297	0
1318.1	0	0.19283	0
1319.1	0	0.19268	0
1320.1	0	0.19253	0
1321.1	0	0.19239	0
1322.1	0	0.19224	0
1323.1	0	0.1921	0
1324.1	0	0.19195	0
1325.1	0	0.19181	0
1326.1	0	0.19166	0
1327.1	0	0.19152	0
1328.1	0	0.19137	0
1329.1	0	0.19123	0
1330.1	0	0.19109	0
1331.1	0	0.19094	0
1332.1	0	0.1908	0
1333.1	0	0.19066	0
1334.1	0	0.19051	0
1335.1	0	0.19037	0
1336.1	0	0.19023	0
1337.1	0	0.19009	0
1338.1	0	0.18994	0
1339.1	0	0.1898	0
1340.1	0	0.18966	0
1341.1	0	0.18952	0
1342.1	0	0.18938	0
1343.1	0	0.18924	0
1344.1	0	0.1891	0
1345.1	0	0.18895	0
1346.1	0	0.18881	0
1347.1	0	0.18867	0
1348.1	0	0.18853	0
1349.1	0	0.18839	0
1350.1	0	0.18825	0
1351.1	0	0.18812	0
1352.1	0	0.18798	0
1353.1	0	0.18784	0
1354.1	0	0.1877	0
1355.1	0	0.18756	0
1356.1	0	0.18742	0
1357.1	0	0.18728	0
1358.1	0	0.18715	0
1359.1	0	0.18701	0
1360.1	0	0.18687	0
1361.1	0	0.18673	0
1362.1	0	0.1866	0
1363.1	0	0.18646	0
1364.1	0	0.18632	0
1365.1	0	0.18619	0
1366.1	0	0.18605	0
1367.1	0	0.18591	0
1368.1	0	0.18578	0
1369.1	0	0.18564	0
1370.1	0	0.18551	0
1371.1	0	0.18537	0
1372.1	0	0.18524	0
1373.1	0	0.1851	0
1374.1	0	0.18497	0
1375.1	0	0.18483	0
1376.1	0	0.1847	0
1377.1	0	0.18456	0
1378.1	0	0.18443	0
1379.1	0	0.1843	0
1380.1	0	0.18416	0
1381.1	0	0.18403	0
1382.1	0	0.1839	0
1383.1	0	0.18376	0
1384.1	0	0.18363	0
1385.1	0	0.1835	0
1386.1	0	0.18337	0
1387.1	0	0.18323	0
1388.1	0	0.1831	0
1389.1	0	0.18297	0
1390.1	0	0.18284	0
1391.1	0	0.18271	0
1392.1	0	0.18258	0
1393.1	0	0.18244	0
1394.1	0	0.18231	0
1395.1	0	0.18218	0
1396.1	0	0.18205	0
1397.1	0	0.18192	0
1398.1	0	0.18179	0
1399.1	0	0.18166	0
1400.1	0	0.18153	0
1401.1	0	0.1814	0
1402.1	0	0.18127	0
1403.1	0	0.18114	0
1404.1	0	0.18101	0
1405.1	0	0.18089	0
1406.1	0	0.18076	0
1407.1	0	0.18063	0
1408.1	0	0.1805	0
1409.1	0	0.18037	0
1410.1	0	0.18024	0
1411.1	0	0.18012	0
1412.1	0	0.17999	0
1413.1	0	0.17986	0
1414.1	0	0.17973	0
1415.1	0	0.17961	0
1416.1	0	0.17948	0
1417.1	0	0.17935	0
1418.1	0	0.17923	0
1419.1	0	0.1791	0
1420.1	0	0.17898	0
1421.1	0	0.17885	0
1422.1	0	0.17872	0
1423.1	0	0.1786	0
1424.1	0	0.17847	0
1425.1	0	0.17835	0
1426.1	0	0.17822	0
1427.1	0	0.1781	0
1428.1	0	0.17797	0
1429.1	0	0.17785	0
1430.1	0	0.17772	0
1431.1	0	0.1776	0
1432.1	0	0.17748	0
1433.1	0	0.17735	0
1434.1	0	0.17723	0
1435.1	0	0.1771	0
1436.1	0	0.17698	0
1437.1	0	0.17686	0
1438.1	0	0.17674	0
1439.1	0	0.17661	0
1440.1	0	0.17649	0
1441.1	0	0.17637	0
1442.1	0	0.17624	0
1443.1	0	0.17612	0
1444.1	0	0.176	0
1445.1	0	0.17588	0
1446.1	0	0.17576	0
1447.1	0	0.17564	0
1448.1	0	0.17551	0
1449.1	0	0.17539	0
1450.1	0	0.17527	0
1451.1	0	0.17515	0
1452.1	0	0.17503	0
1453.1	0	0.17491	0
1454.1	0	0.17479	0
1455.1	0	0.17467	0
1456.1	0	0.17455	0
1457.1	0	0.17443	0
1458.1	0	0.17431	0
1459.1	0	0.17419	0
1460.1	0	0.17407	0
1461.1	0	0.17395	0
1462.1	0	0.17383	0
1463.1	0	0.17372	0
1464.1	0	0.1736	0
1465.1	0	0.17348	0
1466.1	0	0.17336	0
1467.1	0	0.17324	0
1468.1	0	0.17312	0
1469.1	0	0.17301	0
1470.1	0	0.17289	0
1471.1	0	0.17277	0
1472.1	0	0.17265	0
1473.1	0	0.17254	0
1474.1	0	0.17242	0
1475.1	0	0.1723	0
1476.1	0	0.17219	0
1477.1	0	0.17207	0
1478.1	0	0.17195	0
1479.1	0	0.17184	0
1480.1	0	0.17172	0
1481.1	0	0.1716	0
1482.1	0	0.17149	0
1483.1	0	0.17137	0
1484.1	0	0.17126	0
1485.1	0	0.17114	0
1486.1	0	0.17103	0
1487.1	0	0.17091	0
1488.1	0	0.1708	0
1489.1	0	0.17068	0
1490.1	0	0.17057	0
1491.1	0	0.17045	0
1492.1	0	0.17034	0
1493.1	0	0.17022	0
1494.1	0	0.17011	0
1495.1	0	0.17	0
1496.1	0	0.16988	0
1497.1	0	0.16977	0
1498.1	0	0.16966	0
1499.1	0	0.16954	0
1500.1	0	0.16943	0
1501.1	0	0.16932	0
1502.1	0	0.1692	0
1503.1	0	0.16909	0
1504.1	0	0.16898	0
1505.1	0	0.16887	0
1506.1	0	0.16876	0
1507.1	0	0.16864	0
1508.1	0	0.16853	0
1509.1	0	0.16842	0
1510.1	0	0.16831	0
1511.1	0	0.1682	0
1512.1	0	0.16809	0
1513.1	0	0.16797	0
1514.1	0	0.16786	0
1515.1	0	0.16775	0
1516.1	0	0.16764	0
1517.1	0	0.16753	0
1518.1	0	0.16742	0
1519.1	0	0.16731	0
1520.1	0	0.1672	0
1521.1	0	0.16709	0
1522.1	0	0.16698	0
1523.1	0	0.16687	0
1524.1	0	0.16676	0
1525.1	0	0.16665	0
1526.1	0	0.16654	0
1527.1	0	0.16643	0
1528.1	0	0.16633	0
1529.1	0	0.16622	0
1530.1	0	0.16611	0
1531.1	0	0.166	0
1532.1	0	0.16589	0
1533.1	0	0.16578	0
1534.1	0	0.16568	0
1535.1	0	0.16557	0
1536.1	0	0.16546	0
1537.1	0	0.16535	0
1538.1	0	0.16524	0
1539.1	0	0.16514	0
1540.1	0	0.16503	0
1541.1	0	0.16492	0
1542.1	0	0.16482	0
1543.1	0	0.16471	0
1544.1	0	0.1646	0
1545.1	0	0.1645	0
1546.1	0	0.16439	0
1547.1	0	0.16428	0
1548.1	0	0.16418	0
1549.1	0	0.16407	0
1550.1	0	0.16397	0
1551.1	0	0.16386	0
1552.1	0	0.16375	0
1553.1	0	0.16365	0
1554.1	0	0.16354	0
1555.1	0	0.16344	0
1556.1	0	0.16333	0
1557.1	0	0.16323	0
1558.1	0	0.16312	0
1559.1	0	0.16302	0
1560.1	0	0.16291	0
1561.1	0	0.16281	0
1562.1	0	0.16271	0
1563.1	0	0.1626	0
1564.1	0	0.1625	0
1565.1	0	0.16239	0
1566.1	0	0.16229	0
1567.1	0	0.16219	0
1568.1	0	0.16208	0
1569.1	0	0.16198	0
1570.1	0	0.16188	0
1571.1	0	0.16177	0
1572.1	0	0.16167	0
1573.1	0	0.16157	0
1574.1	0	0.16147	0
1575.1	0	0.16136	0
1576.1	0	0.16126	0
1577.1	0	0.16116	0
1578.1	0	0.16106	0
1579.1	0	0.16095	0
1580.1	0	0.16085	0
1581.1	0	0.16075	0
1582.1	0	0.16065	0
1583.1	0	0.16055	0
1584.1	0	0.16045	0
1585.1	0	0.16034	0
1586.1	0	0.16024	0
1587.1	0	0.16014	0
1588.1	0	0.16004	0
1589.1	0	0.15994	0
1590.1	0	0.15984	0
1591.1	0	0.15974	0
1592.1	0	0.15964	0
1593.1	0	0.15954	0
1594.1	0	0.15944	0
1595.1	0	0.15934	0
1596.1	0	0.15924	0
1597.1	0	0.15914	0
1598.1	0	0.15904	0
1599.1	0	0.15894	0
1600.1	0	0.15884	0
1601.1	0	0.15874	0
1602.1	0	0.15864	0
1603.1	0	0.15854	0
1604.1	0	0.15845	0
1605.1	0	0.15835	0
1606.1	0	0.15825	0
1607.1	0	0.15815	0
1608.1	0	0.15805	0
1609.1	0	0.15795	0
1610.1	0	0.15786	0
1611.1	0	0.15776	0
1612.1	0	0.15766	0
1613.1	0	0.15756	0
1614.1	0	0.15746	0
1615.1	0	0.15737	0
1616.1	0	0.15727	0
1617.1	0	0.15717	0
1618.1	0	0.15707	0
1619.1	0	0.15698	0
1620.1	0	0.15688	0
1621.1	0	0.15678	0
1622.1	0	0.15669	0
1623.1	0	0.15659	0
1624.1	0	0.15649	0
1625.1	0	0.1564	0
1626.1	0	0.1563	0
1627.1	0	0.15621	0
1628.1	0	0.15611	0
1629.1	0	0.15601	0
1630.1	0	0.15592	0
1631.1	0	0.15582	0
1632.1	0	0.15573	0
1633.1	0	0.15563	0
1634.1	0	0.15554	0
1635.1	0	0.15544	0
1636.1	0	0.15535	0
1637.1	0	0.15525	0
1638.1	0	0.15516	0
1639.1	0	0.15506	0
1640.1	0	0.15497	0
1641.1	0	0.15487	0
1642.1	0	0.15478	0
1643.1	0	0.15468	0
1644.1	0	0.15459	0
1645.1	0	0.1545	0
1646.1	0	0.1544	0
1647.1	0	0.15431	0
1648.1	0	0.15422	0
1649.1	0	0.15412	0
1650.1	0	0.15403	0
1651.1	0	0.15394	0
1652.1	0	0.15384	0
1653.1	0	0.15375	0
1654.1	0	0.15366	0
1655.1	0	0.15356	0
1656.1	0	0.15347	0
1657.1	0	0.15338	0
1658.1	0	0.15329	0
1659.1	0	0.15319	0
1660.1	0	0.1531	0
1661.1	0	0.15301	0
1662.1	0	0.15292	0
1663.1	0	0.15282	0
1664.1	0	0.15273	0
1665.1	0	0.15264	0
1666.1	0	0.15255	0
1667.1	0	0.15246	0
1668.1	0	0.15237	0
1669.1	0	0.15228	0
1670.1	0	0.15218	0
1671.1	0	0.15209	0
1672.1	0	0.152	0
1673.1	0	0.15191	0
1674.1	0	0.15182	0
1675.1	0	0.15173	0
1676.1	0	0.15164	0
1677.1	0	0.15155	0
1678.1	0	0.15146	0
1679.1	0	0.15137	0
1680.1	0	0.15128	0
1681.1	0	0.15119	0
1682.1	0	0.1511	0
1683.1	0	0.15101	0
1684.1	0	0.15092	0
1685.1	0	0.15083	0
1686.1	0	0.15074	0
1687.1	0	0.15065	0
1688.1	0	0.15056	0
1689.1	0	0.15047	0
1690.1	0	0.15038	0
1691.1	0	0.15029	0
1692.1	0	0.15021	0
1693.1	0	0.15012	0
1694.1	0	0.15003	0
1695.1	0	0.14994	0
1696.1	0	0.14985	0
1697.1	0	0.14976	0
1698.1	0	0.14967	0
1699.1	0	0.14959	0
1700.1	0	0.1495	0
1701.1	0	0.14941	0
1702.1	0	0.14932	0
1703.1	0	0.14924	0
1704.1	0	0.14915	0
1705.1	0	0.14906	0
1706.1	0	0.14897	0
1707.1	0	0.14889	0
1708.1	0	0.1488	0
1709.1	0	0.14871	0
1710.1	0	0.14862	0
1711.1	0	0.14854	0
1712.1	0	0.14845	0
1713.1	0	0.14836	0
1714.1	0	0.14828	0
1715.1	0	0.14819	0
1716.1	0	0.1481	0
1717.1	0	0.14802	0
1718.1	0	0.14793	0
1719.1	0	0.14785	0
1720.1	0	0.14776	0
1721.1	0	0.14767	0
1722.1	0	0.14759	0
1723.1	0	0.1475	0
1724.1	0	0.14742	0
1725.1	0	0.14733	0
1726.1	0	0.14725	0
1727.1	0	0.14716	0
1728.1	0	0.14708	0
1729.1	0	0.14699	0
1730.1	0	0.14691	0
1731.1	0	0.14682	0
1732.1	0	0.14674	0
1733.1	0	0.14665	0
1734.1	0	0.14657	0
1735.1	0	0.14648	0
1736.1	0	0.1464	0
1737.1	0	0.14631	0
1738.1	0	0.14623	0
1739.1	0	0.14615	0
1740.1	0	0.14606	0
1741.1	0	0.14598	0
1742.1	0	0.14589	0
1743.1	0	0.14581	0
1744.1	0	0.14573	0
1745.1	0	0.14564	0
1746.1	0	0.14556	0
1747.1	0	0.14548	0
1748.1	0	0.14539	0
1749.1	0	0.14531	0
1750.1	0	0.14523	0
1751.1	0	0.14514	0
1752.1	0	0.14506	0
1753.1	0	0.14498	0
1754.1	0	0.1449	0
1755.1	0	0.14481	0
1756.1	0	0.14473	0
1757.1	0	0.14465	0
1758.1	0	0.14457	0
1759.1	0	0.14448	0
1760.1	0	0.1444	0
1761.1	0	0.14432	0
1762.1	0	0.14424	0
1763.1	0	0.14416	0
1764.1	0	0.14408	0
1765.1	0	0.14399	0
1766.1	0	0.14391	0
1767.1	0	0.14383	0
1768.1	0	0.14375	0
1769.1	0	0.14367	0
1770.1	0	0.14359	0
1771.1	0	0.14351	0
1772.1	0	0.14342	0
1773.1	0	0.14334	0
1774.1	0	0.14326	0
1775.1	0	0.14318	0
1776.1	0	0.1431	0
1777.1	0	0.14302	0
1778.1	0	0.14294	0
1779.1	0	0.14286	0
1780.1	0	0.14278	0
1781.1	0	0.1427	0
1782.1	0	0.14262	0
1783.1	0	0.14254	0
1784.1	0	0.14246	0
1785.1	0	0.14238	0
1786.1	0	0.1423	0
1787.1	0	0.14222	0
1788.1	0	0.14214	0
1789.1	0	0.14206	0
1790.1	0	0.14198	0
1791.1	0	0.1419	0
1792.1	0	0.14182	0
1793.1	0	0.14174	0
1794.1	0	0.14167	0
1795.1	0	0.14159	0
1796.1	0	0.14151	0
1797.1	0	0.14143	0
1798.1	0	0.14135	0
1799.1	0	0.14127	0
1800.1	0	0.14119	0
1801.1	0	0.14112	0
1802.1	0	0.14104	0
1803.1	0	0.14096	0
1804.1	0	0.14088	0
1805.1	0	0.1408	0
1806.1	0	0.14072	0
1807.1	0	0.14065	0
1808.1	0	0.14057	0
1809.1	0	0.14049	0
1810.1	0	0.14041	0
1811.1	0	0.14034	0
1812.1	0	0.14026	0
1813.1	0	0.14018	0
1814.1	0	0.1401	0
1815.1	0	0.14003	0
1816.1	0	0.13995	0
1817.1	0	0.13987	0
1818.1	0	0.1398	0
1819.1	0	0.13972	0
1820.1	0	0.13964	0
1821.1	0	0.13957	0
1822.1	0	0.13949	0
1823.1	0	0.13941	0
1824.1	0	0.13934	0
1825.1	0	0.13926	0
1826.1	0	0.13918	0
1827.1	0	0.13911	0
1828.1	0	0.13903	0
1829.1	0	0.13896	0
1830.1	0	0.13888	0
1831.1	0	0.1388	0
1832.1	0	0.13873	0
1833.1	0	0.13865	0
1834.1	0	0.13858	0
1835.1	0	0.1385	0
1836.1	0	0.13843	0
1837.1	0	0.13835	0
1838.1	0	0.13827	0
1839.1	0	0.1382	0
1840.1	0	0.13812	0
1841.1	0	0.13805	0
1842.1	0	0.13797	0
1843.1	0	0.1379	0
1844.1	0	0.13782	0
1845.1	0	0.13775	0
1846.1	0	0.13768	0
1847.1	0	0.1376	0
1848.1	0	0.13753	0
1849.1	0	0.13745	0
1850.1	0	0.13738	0
1851.1	0	0.1373	0
1852.1	0	0.13723	0
1853.1	0	0.13716	0
1854.1	0	0.13708	0
1855.1	0	0.13701	0
1856.1	0	0.13693	0
1857.1	0	0.13686	0
1858.1	0	0.13679	0
1859.1	0	0.13671	0
1860.1	0	0.13664	0
1861.1	0	0.13657	0
1862.1	0	0.13649	0
1863.1	0	0.13642	0
1864.1	0	0.13635	0
1865.1	0	0.13627	0
1866.1	0	0.1362	0
1867.1	0	0.13613	0
1868.1	0	0.13605	0
1869.1	0	0.13598	0
1870.1	0	0.13591	0
1871.1	0	0.13584	0
1872.1	0	0.13576	0
1873.1	0	0.13569	0
1874.1	0	0.13562	0
1875.1	0	0.13555	0
1876.1	0	0.13547	0
1877.1	0	0.1354	0
1878.1	0	0.13533	0
1879.1	0	0.13526	0
1880.1	0	0.13519	0
1881.1	0	0.13511	0
1882.1	0	0.13504	0
1883.1	0	0.13497	0
1884.1	0	0.1349	0
1885.1	0	0.13483	0
1886.1	0	0.13476	0
1887.1	0	0.13468	0
1888.1	0	0.13461	0
1889.1	0	0.13454	0
1890.1	0	0.13447	0
1891.1	0	0.1344	0
1892.1	0	0.13433	0
1893.1	0	0.13426	0
1894.1	0	0.13419	0
1895.1	0	0.13412	0
1896.1	0	0.13405	0
1897.1	0	0.13397	0
1898.1	0	0.1339	0
1899.1	0	0.13383	0
1900.1	0	0.13376	0
1901.1	0	0.13369	0
1902.1	0	0.13362	0
1903.1	0	0.13355	0
1904.1	0	0.13348	0
1905.1	0	0.13341	0
1906.1	0	0.13334	0
1907.1	0	0.13327	0
1908.1	0	0.1332	0
1909.1	0	0.13313	0
1910.1	0	0.13306	0
1911.1	0	0.13299	0
1912.1	0	0.13292	0
1913.1	0	0.13285	0
1914.1	0	0.13278	0
1915.1	0	0.13272	0
1916.1	0	0.13265	0
1917.1	0	0.13258	0
1918.1	0	0.13251	0
1919.1	0	0.13244	0
1920.1	0	0.13237	0
1921.1	0	0.1323	0
1922.1	0	0.13223	0
1923.1	0	0.13216	0
1924.1	0	0.13209	0
1925.1	0	0.13203	0
1926.1	0	0.13196	0
1927.1	0	0.13189	0
1928.1	0	0.13182	0
1929.1	0	0.13175	0
1930.1	0	0.13168	0
1931.1	0	0.13162	0
1932.1	0	0.13155	0
1933.1	0	0.13148	0
1934.1	0	0.13141	0
1935.1	0	0.13134	0
1936.1	0	0.13128	0
1937.1	0	0.13121	0
1938.1	0	0.13114	0
1939.1	0	0.13107	0
1940.1	0	0.131	0
1941.1	0	0.13094	0
1942.1	0	0.13087	0
1943.1	0	0.1308	0
1944.1	0	0.13074	0
1945.1	0	0.13067	0
1946.1	0	0.1306	0
1947.1	0	0.13053	0
1948.1	0	0.13047	0
1949.1	0	0.1304	0
1950.1	0	0.13033	0
1951.1	0	0.13027	0
1952.1	0	0.1302	0
1953.1	0	0.13013	0
1954.1	0	0.13007	0
1955.1	0	0.13	0
1956.1	0	0.12993	0
1957.1	0	0.12987	0
1958.1	0	0.1298	0
1959.1	0	0.12973	0
1960.1	0	0.12967	0
1961.1	0	0.1296	0
1962.1	0	0.12954	0
1963.1	0	0.12947	0
1964.1	0	0.1294	0
1965.1	0	0.12934	0
1966.1	0	0.12927	0
1967.1	0	0.12921	0
1968.1	0	0.12914	0
1969.1	0	0.12908	0
1970.1	0	0.12901	0
1971.1	0	0.12894	0
1972.1	0	0.12888	0
1973.1	0	0.12881	0
1974.1	0	0.12875	0
1975.1	0	0.12868	0
1976.1	0	0.12862	0
1977.1	0	0.12855	0
1978.1	0	0.12849	0
1979.1	0	0.12842	0
1980.1	0	0.12836	0
1981.1	0	0.12829	0
1982.1	0	0.12823	0
1983.1	0	0.12816	0
1984.1	0	0.1281	0
1985.1	0	0.12804	0
1986.1	0	0.12797	0
1987.1	0	0.12791	0
1988.1	0	0.12784	0
1989.1	0	0.12778	0
1990.1	0	0.12771	0
1991.1	0	0.12765	0
1992.1	0	0.12759	0
1993.1	0	0.12752	0
1994.1	0	0.12746	0
1995.1	0	0.12739	0
1996.1	0	0.12733	0
1997.1	0	0.12727	0
1998.1	0	0.1272	0
1999.1	0	0.12714	0
2000.1	0	0.12708	0
2001.1	0	0.12701	0
2002.1	0	0.12695	0
2003.1	0	0.12688	0
2004.1	0	0.12682	0
2005.1	0	0.12676	0
2006.1	0	0.12669	0
2007.1	0	0.12663	0
2008.1	0	0.12657	0
2009.1	0	0.12651	0
2010.1	0	0.12644	0
2011.1	0	0.12638	0
2012.1	0	0.12632	0
2013.1	0	0.12625	0
2014.1	0	0.12619	0
2015.1	0	0.12613	0
2016.1	0	0.12607	0
2017.1	0	0.126	0
2018.1	0	0.12594	0
2019.1	0	0.12588	0
2020.1	0	0.12582	0
2021.1	0	0.12575	0
2022.1	0	0.12569	0
2023.1	0	0.12563	0
2024.1	0	0.12557	0
2025.1	0	0.12551	0
2026.1	0	0.12544	0
2027.1	0	0.12538	0
2028.1	0	0.12532	0
2029.1	0	0.12526	0
2030.1	0	0.1252	0
2031.1	0	0.12514	0
2032.1	0	0.12507	0
2033.1	0	0.12501	0
2034.1	0	0.12495	0
2035.1	0	0.12489	0
2036.1	0	0.12483	0
2037.1	0	0.12477	0
2038.1	0	0.12471	0
2039.1	0	0.12464	0
2040.1	0	0.12458	0
2041.1	0	0.12452	0
2042.1	0	0.12446	0
2043.1	0	0.1244	0
2044.1	0	0.12434	0
2045.1	0	0.12428	0
2046.1	0	0.12422	0
2047.1	0	0.12416	0
2048.1	0	0.1241	0
2049.1	0	0.12404	0
2050.1	0	0.12398	0
2051.1	0	0.12392	0
2052.1	0	0.12385	0
2053.1	0	0.12379	0
2054.1	0	0.12373	0
2055.1	0	0.12367	0
2056.1	0	0.12361	0
2057.1	0	0.12355	0
2058.1	0	0.12349	0
2059.1	0	0.12343	0
2060.1	0	0.12337	0
2061.1	0	0.12331	0
2062.1	0	0.12325	0
2063.1	0	0.12319	0
2064.1	0	0.12313	0
2065.1	0	0.12308	0
2066.1	0	0.12302	0
2067.1	0	0.12296	0
2068.1	0	0.1229	0
2069.1	0	0.12284	0
2070.1	0	0.12278	0
2071.1	0	0.12272	0
2072.1	0	0.12266	0
2073.1	0	0.1226	0
2074.1	0	0.12254	0
2075.1	0	0.12248	0
2076.1	0	0.12242	0
2077.1	0	0.12236	0
2078.1	0	0.12231	0
2079.1	0	0.12225	0
2080.1	0	0.12219	0
2081.1	0	0.12213	0
2082.1	0	0.12207	0
2083.1	0	0.12201	0
2084.1	0	0.12195	0
2085.1	0	0.12189	0
2086.1	0	0.12184	0
2087.1	0	0.12178	0
2088.1	0	0.12172	0
2089.1	0	0.12166	0
2090.1	0	0.1216	0
2091.1	0	0.12154	0
2092.1	0	0.12149	0
2093.1	0	0.12143	0
2094.1	0	0.12137	0
2095.1	0	0.12131	0
2096.1	0	0.12126	0
2097.1	0	0.1212	0
2098.1	0	0.12114	0
2099.1	0	0.12108	0
2100.1	0	0.12102	0
2101.1	0	0.12097	0
2102.1	0	0.12091	0
2103.1	0	0.12085	0
2104.1	0	0.12079	0
2105.1	0	0.12074	0
2106.1	0	0.12068	0
2107.1	0	0.12062	0
2108.1	0	0.12056	0
2109.1	0	0.12051	0
2110.1	0	0.12045	0
2111.1	0	0.12039	0
2112.1	0	0.12034	0
2113.1	0	0.12028	0
2114.1	0	0.12022	0
2115.1	0	0.12017	0
2116.1	0	0.12011	0
2117.1	0	0.12005	0
2118.1	0	0.12	0
2119.1	0	0.11994	0
2120.1	0	0.11988	0
2121.1	0	0.11983	0
2122.1	0	0.11977	0
2123.1	0	0.11971	0
2124.1	0	0.11966	0
2125.1	0	0.1196	0
2126.1	0	0.11954	0
2127.1	0	0.11949	0
2128.1	0	0.11943	0
2129.1	0	0.11938	0
2130.1	0	0.11932	0
2131.1	0	0.11926	0
2132.1	0	0.11921	0
2133.1	0	0.11915	0
2134.1	0	0.1191	0
2135.1	0	0.11904	0
2136.1	0	0.11898	0
2137.1	0	0.11893	0
2138.1	0	0.11887	0
2139.1	0	0.11882	0
2140.1	0	0.11876	0
2141.1	0	0.11871	0
2142.1	0	0.11865	0
2143.1	0	0.1186	0
2144.1	0	0.11854	0
2145.1	0	0.11849	0
2146.1	0	0.11843	0
2147.1	0	0.11837	0
2148.1	0	0.11832	0
2149.1	0	0.11826	0
2150.1	0	0.11821	0
2151.1	0	0.11815	0
2152.1	0	0.1181	0
2153.1	0	0.11805	0
2154.1	0	0.11799	0
2155.1	0	0.11794	0
2156.1	0	0.11788	0
2157.1	0	0.11783	0
2158.1	0	0.11777	0
2159.1	0	0.11772	0
2160.1	0	0.11766	0
2161.1	0	0.11761	0
2162.1	0	0.11755	0
2163.1	0	0.1175	0
2164.1	0	0.11745	0
2165.1	0	0.11739	0
2166.1	0	0.11734	0
2167.1	0	0.11728	0
2168.1	0	0.11723	0
2169.1	0	0.11717	0
2170.1	0	0.11712	0
2171.1	0	0.11707	0
2172.1	0	0.11701	0
2173.1	0	0.11696	0
2174.1	0	0.1169	0
2175.1	0	0.11685	0
2176.1	0	0.1168	0
2177.1	0	0.11674	0
2178.1	0	0.11669	0
2179.1	0	0.11664	0
2180.1	0	0.11658	0
2181.1	0	0.11653	0
2182.1	0	0.11648	0
2183.1	0	0.11642	0
2184.1	0	0.11637	0
2185.1	0	0.11632	0
2186.1	0	0.11626	0
2187.1	0	0.11621	0
2188.1	0	0.11616	0
2189.1	0	0.1161	0
2190.1	0	0.11605	0
2191.1	0	0.116	0
2192.1	0	0.11594	0
2193.1	0	0.11589	0
2194.1	0	0.11584	0
2195.1	0	0.11579	0
2196.1	0	0.11573	0
2197.1	0	0.11568	0
2198.1	0	0.11563	0
2199.1	0	0.11558	0
2200.1	0	0.11552	0
2201.1	0	0.11547	0
2202.1	0	0.11542	0
2203.1	0	0.11537	0
2204.1	0	0.11531	0
2205.1	0	0.11526	0
2206.1	0	0.11521	0
2207.1	0	0.11516	0
2208.1	0	0.1151	0
2209.1	0	0.11505	0
2210.1	0	0.115	0
2211.1	0	0.11495	0
2212.1	0	0.1149	0
2213.1	0	0.11484	0
2214.1	0	0.11479	0
2215.1	0	0.11474	0
2216.1	0	0.11469	0
2217.1	0	0.11464	0
2218.1	0	0.11459	0
2219.1	0	0.11453	0
2220.1	0	0.11448	0
2221.1	0	0.11443	0
2222.1	0	0.11438	0
2223.1	0	0.11433	0
2224.1	0	0.11428	0
2225.1	0	0.11423	0
2226.1	0	0.11417	0
2227.1	0	0.11412	0
2228.1	0	0.11407	0
2229.1	0	0.11402	0
2230.1	0	0.11397	0
2231.1	0	0.11392	0
2232.1	0	0.11387	0
2233.1	0	0.11382	0
2234.1	0	0.11377	0
2235.1	0	0.11371	0
2236.1	0	0.11366	0
2237.1	0	0.11361	0
2238.1	0	0.11356	0
2239.1	0	0.11351	0
2240.1	0	0.11346	0
2241.1	0	0.11341	0
2242.1	0	0.11336	0
2243.1	0	0.11331	0
2244.1	0	0.11326	0
2245.1	0	0.11321	0
2246.1	0	0.11316	0
2247.1	0	0.11311	0
2248.1	0	0.11306	0
2249.1	0	0.11301	0
2250.1	0	0.11296	0
2251.1	0	0.11291	0
2252.1	0	0.11286	0
2253.1	0	0.11281	0
2254.1	0	0.11276	0
2255.1	0	0.11271	0
2256.1	0	0.11266	0
2257.1	0	0.11261	0
2258.1	0	0.11256	0
2259.1	0	0.11251	0
2260.1	0	0.11246	0
2261.1	0	0.11241	0
2262.1	0	0.11236	0
2263.1	0	0.11231	0
2264.1	0	0.11226	0
2265.1	0	0.11221	0
2266.1	0	0.11216	0
2267.1	0	0.11211	0
2268.1	0	0.11206	0
2269.1	0	0.11201	0
2270.1	0	0.11196	0
2271.1	0	0.11191	0
2272.1	0	0.11186	0
2273.1	0	0.11181	0
2274.1	0	0.11176	0
2275.1	0	0.11171	0
2276.1	0	0.11167	0
2277.1	0	0.11162	0
2278.1	0	0.11157	0
2279.1	0	0.11152	0
2280.1	0	0.11147	0
2281.1	0	0.11142	0
2282.1	0	0.11137	0
2283.1	0	0.11132	0
2284.1	0	0.11127	0
2285.1	0	0.11123	0
2286.1	0	0.11118	0
2287.1	0	0.11113	0
2288.1	0	0.11108	0
2289.1	0	0.11103	0
2290.1	0	0.11098	0
2291.1	0	0.11093	0
2292.1	0	0.11089	0
2293.1	0	0.11084	0
2294.1	0	0.11079	0
2295.1	0	0.11074	0
2296.1	0	0.11069	0
2297.1	0	0.11065	0
2298.1	0	0.1106	0
2299.1	0	0.11055	0
2300.1	0	0.1105	0
2301.1	0	0.11045	0
2302.1	0	0.1104	0
2303.1	0	0.11036	0
2304.1	0	0.11031	0
2305.1	0	0.11026	0
2306.1	0	0.11021	0
2307.1	0	0.11017	0
2308.1	0	0.11012	0
2309.1	0	0.11007	0
2310.1	0	0.11002	0
2311.1	0	0.10997	0
2312.1	0	0.10993	0
2313.1	0	0.10988	0
2314.1	0	0.10983	0
2315.1	0	0.10978	0
2316.1	0	0.10974	0
2317.1	0	0.10969	0
2318.1	0	0.10964	0
2319.1	0	0.1096	0
2320.1	0	0.10955	0
2321.1	0	0.1095	0
2322.1	0	0.10945	0
2323.1	0	0.10941	0
2324.1	0	0.10936	0
2325.1	0	0.10931	0
2326.1	0	0.10927	0
2327.1	0	0.10922	0
2328.1	0	0.10917	0
2329.1	0	0.10912	0
2330.1	0	0.10908	0
2331.1	0	0.10903	0
2332.1	0	0.10898	0
2333.1	0	0.10894	0
2334.1	0	0.10889	0
2335.1	0	0.10884	0
2336.1	0	0.1088	0
2337.1	0	0.10875	0
2338.1	0	0.1087	0
2339.1	0	0.10866	0
2340.1	0	0.10861	0
2341.1	0	0.10857	0
2342.1	0	0.10852	0
2343.1	0	0.10847	0
2344.1	0	0.10843	0
2345.1	0	0.10838	0
2346.1	0	0.10833	0
2347.1	0	0.10829	0
2348.1	0	0.10824	0
2349.1	0	0.1082	0
2350.1	0	0.10815	0
2351.1	0	0.1081	0
2352.1	0	0.10806	0
2353.1	0	0.10801	0
2354.1	0	0.10797	0
2355.1	0	0.10792	0
2356.1	0	0.10787	0
2357.1	0	0.10783	0
2358.1	0	0.10778	0
2359.1	0	0.10774	0
2360.1	0	0.10769	0
2361.1	0	0.10765	0
2362.1	0	0.1076	0
2363.1	0	0.10755	0
2364.1	0	0.10751	0
2365.1	0	0.10746	0
2366.1	0	0.10742	0
2367.1	0	0.10737	0
2368.1	0	0.10733	0
2369.1	0	0.10728	0
2370.1	0	0.10724	0
2371.1	0	0.10719	0
2372.1	0	0.10715	0
2373.1	0	0.1071	0
2374.1	0	0.10706	0
2375.1	0	0.10701	0
2376.1	0	0.10697	0
2377.1	0	0.10692	0
2378.1	0	0.10688	0
2379.1	0	0.10683	0
2380.1	0	0.10679	0
2381.1	0	0.10674	0
2382.1	0	0.1067	0
2383.1	0	0.10665	0
2384.1	0	0.10661	0
2385.1	0	0.10656	0
2386.1	0	0.10652	0
2387.1	0	0.10647	0
2388.1	0	0.10643	0
2389.1	0	0.10638	0
2390.1	0	0.10634	0
2391.1	0	0.1063	0
2392.1	0	0.10625	0
2393.1	0	0.10621	0
2394.1	0	0.10616	0
2395.1	0	0.10612	0
2396.1	0	0.10607	0
2397.1	0	0.10603	0
2398.1	0	0.10599	0
2399.1	0	0.10594	0
2400.1	0	0.1059	0
2401.1	0	0.10585	0
2402.1	0	0.10581	0
2403.1	0	0.10576	0
2404.1	0	0.10572	0
2405.1	0	0.10568	0
2406.1	0	0.10563	0
2407.1	0	0.10559	0
2408.1	0	0.10554	0
2409.1	0	0.1055	0
2410.1	0	0.10546	0
2411.1	0	0.10541	0
2412.1	0	0.10537	0
2413.1	0	0.10533	0
2414.1	0	0.10528	0
2415.1	0	0.10524	0
2416.1	0	0.1052	0
2417.1	0	0.10515	0
2418.1	0	0.10511	0
2419.1	0	0.10506	0
2420.1	0	0.10502	0
2421.1	0	0.10498	0
2422.1	0	0.10493	0
2423.1	0	0.10489	0
2424.1	0	0.10485	0
2425.1	0	0.10481	0
2426.1	0	0.10476	0
2427.1	0	0.10472	0
2428.1	0	0.10468	0
2429.1	0	0.10463	0
2430.1	0	0.10459	0
2431.1	0	0.10455	0
2432.1	0	0.1045	0
2433.1	0	0.10446	0
2434.1	0	0.10442	0
2435.1	0	0.10437	0
2436.1	0	0.10433	0
2437.1	0	0.10429	0
2438.1	0	0.10425	0
2439.1	0	0.1042	0
2440.1	0	0.10416	0
2441.1	0	0.10412	0
2442.1	0	0.10408	0
2443.1	0	0.10403	0
2444.1	0	0.10399	0
2445.1	0	0.10395	0
2446.1	0	0.10391	0
2447.1	0	0.10386	0
2448.1	0	0.10382	0
2449.1	0	0.10378	0
2450.1	0	0.10374	0
2451.1	0	0.10369	0
2452.1	0	0.10365	0
2453.1	0	0.10361	0
2454.1	0	0.10357	0
2455.1	0	0.10352	0
2456.1	0	0.10348	0
2457.1	0	0.10344	0
2458.1	0	0.1034	0
2459.1	0	0.10336	0
2460.1	0	0.10331	0
2461.1	0	0.10327	0
2462.1	0	0.10323	0
2463.1	0	0.10319	0
2464.1	0	0.10315	0
2465.1	0	0.1031	0
2466.1	0	0.10306	0
2467.1	0	0.10302	0
2468.1	0	0.10298	0
2469.1	0	0.10294	0
2470.1	0	0.1029	0
2471.1	0	0.10285	0
2472.1	0	0.10281	0
2473.1	0	0.10277	0
2474.1	0	0.10273	0
2475.1	0	0.10269	0
2476.1	0	0.10265	0
2477.1	0	0.1026	0
2478.1	0	0.10256	0
2479.1	0	0.10252	0
2480.1	0	0.10248	0
2481.1	0	0.10244	0
2482.1	0	0.1024	0
2483.1	0	0.10236	0
2484.1	0	0.10232	0
2485.1	0	0.10227	0
2486.1	0	0.10223	0
2487.1	0	0.10219	0
2488.1	0	0.10215	0
2489.1	0	0.10211	0
2490.1	0	0.10207	0
2491.1	0	0.10203	0
2492.1	0	0.10199	0
2493.1	0	0.10195	0
2494.1	0	0.10191	0
2495.1	0	0.10186	0
2496.1	0	0.10182	0
2497.1	0	0.10178	0
2498.1	0	0.10174	0
2499.1	0	0.1017	0
2500.1	0	0.10166	0
2501.1	0	0.10162	0
2502.1	0	0.10158	0
2503.1	0	0.10154	0
2504.1	0	0.1015	0
2505.1	0	0.10146	0
2506.1	0	0.10142	0
2507.1	0	0.10138	0
2508.1	0	0.10134	0
2509.1	0	0.1013	0
2510.1	0	0.10126	0
