511.1	0	0	-0.70711
512.1	0	0	-0.70711
513.1	0	0	-0.70711
514.1	0	0	-0.70711
515.1	0	0	-0.70711
516.1	0	0	-0.70711
517.1	0	0	-0.70711
518.1	0	0	-0.70711
519.1	0	0	-0.70711
520.1	0	0	-0.70711
521.1	0	0	-0.70711
522.1	0	0	-0.70711
523.1	0	0	-0.70711
524.1	0	0	-0.70711
525.1	0	0	-0.70711
526.1	0	0	-0.70711
527.1	0	0	-0.70711
528.1	0	0	-0.70711
529.1	0	0	-0.70711
530.1	0	0	-0.70711
531.1	0	0	-0.70711
532.1	0	0	-0.70711
533.1	0	0	-0.70711
534.1	0	0	-0.70711
535.1	0	0	-0.70711
536.1	0	0	-0.70711
537.1	0	0	-0.70711
538.1	0	0	-0.70711
539.1	0	0	-0.70711
540.1	0	0	-0.70711
541.1	0	0	-0.70711
542.1	0	0	-0.70711
543.1	0	0	-0.70711
544.1	0	0	-0.70711
545.1	0	0	-0.70711
546.1	0	0	-0.70711
547.1	0	0	-0.70711
548.1	0	0	-0.70711
549.1	0	0	-0.70711
550.1	0	0	-0.70711
551.1	0	0	-0.70711
552.1	0	0	-0.70711
553.1	0	0	-0.70711
554.1	0	0	-0.70711
555.1	0	0	-0.70711
556.1	0	0	-0.70711
557.1	0	0	-0.70711
558.1	0	0	-0.70711
559.1	0	0	-0.70711
560.1	0	0	-0.70711
561.1	0	0	-0.70711
562.1	0	0	-0.70711
563.1	0	0	-0.70711
564.1	0	0	-0.70711
565.1	0	0	-0.70711
566.1	0	0	-0.70711
567.1	0	0	-0.70711
568.1	0	0	-0.70711
569.1	0	0	-0.70711
570.1	0	0	-0.70711
571.1	0	0	-0.70711
572.1	0	0	-0.70711
573.1	0	0	-0.70711
574.1	0	0	-0.70711
575.1	0	0	-0.70711
576.1	0	0	-0.70711
577.1	0	0	-0.70711
578.1	0	0	-0.70711
579.1	0	0	-0.70711
580.1	0	0	-0.70711
581.1	0	0	-0.70711
582.1	0	0	-0.70711
583.1	0	0	-0.70711
584.1	0	0	-0.70711
585.1	0	0	-0.70711
586.1	0	0	-0.70711
587.1	0	0	-0.70711
588.1	0	0	-0.70711
589.1	0	0	-0.70711
590.1	0	0	-0.70711
591.1	0	0	-0.70711
592.1	0	0	-0.70711
593.1	0	0	-0.70711
594.1	0	0	-0.70711
595.1	0	0	-0.70711
596.1	0	0	-0.70711
597.1	0	0	-0.70711
598.1	0	0	-0.70711
599.1	0	0	-0.70711
600.1	0	0	-0.70711
601.1	0	0	-0.70711
602.1	0	0	-0.70711
603.1	0	0	-0.70711
604.1	0	0	-0.70711
605.1	0	0	-0.70711
606.1	0	0	-0.70711
607.1	0	0	-0.70711
608.1	0	0	-0.70711
609.1	0	0	-0.70711
610.1	0	0	-0.70711
611.1	0	0	-0.70711
612.1	0	0	-0.70711
613.1	0	0	-0.70711
614.1	0	0	-0.70711
615.1	0	0	-0.70711
616.1	0	0	-0.70711
617.1	0	0	-0.70711
618.1	0	0	-0.70711
619.1	0	0	-0.70711
620.1	0	0	-0.70711
621.1	0	0	-0.70711
622.1	0	0	-0.70711
623.1	0	0	-0.70711
624.1	0	0	-0.70711
625.1	0	0	-0.70711
626.1	0	0	-0.70711
627.1	0	0	-0.70711
628.1	0	0	-0.70711
629.1	0	0	-0.70711
630.1	0	0	-0.70711
631.1	0	0	-0.70711
632.1	0	0	-0.70711
633.1	0	0	-0.70711
634.1	0	0	-0.70711
635.1	0	0	-0.70711
636.1	0	0	-0.70711
637.1	0	0	-0.70711
638.1	0	0	-0.70711
639.1	0	0	-0.70711
640.1	0	0	-0.70711
641.1	0	0	-0.70711
642.1	0	0	-0.70711
643.1	0	0	-0.70711
644.1	0	0	-0.70711
645.1	0	0	-0.70711
646.1	0	0	-0.70711
647.1	0	0	-0.70711
648.1	0	0	-0.70711
649.1	0	0	-0.70711
650.1	0	0	-0.70711
651.1	0	0	-0.70711
652.1	0	0	-0.70711
653.1	0	0	-0.70711
654.1	0	0	-0.70711
655.1	0	0	-0.70711
656.1	0	0	-0.70711
657.1	0	0	-0.70711
658.1	0	0	-0.70711
659.1	0	0	-0.70711
660.1	0	0	-0.70711
661.1	0	0	-0.70711
662.1	0	0	-0.70711
663.1	0	0	-0.70711
664.1	0	0	-0.70711
665.1	0	0	-0.70711
666.1	0	0	-0.70711
667.1	0	0	-0.70711
668.1	0	0	-0.70711
669.1	0	0	-0.70711
670.1	0	0	-0.70711
671.1	0	0	-0.70711
672.1	0	0	-0.70711
673.1	0	0	-0.70711
674.1	0	0	-0.70711
675.1	0	0	-0.70711
676.1	0	0	-0.70711
677.1	0	0	-0.70711
678.1	0	0	-0.70711
679.1	0	0	-0.70711
680.1	0	0	-0.70711
681.1	0	0	-0.70711
682.1	0	0	-0.70711
683.1	0	0	-0.70711
684.1	0	0	-0.70711
685.1	0	0	-0.70711
686.1	0	0	-0.70711
687.1	0	0	-0.70711
688.1	0	0	-0.70711
689.1	0	0	-0.70711
690.1	0	0	-0.70711
691.1	0	0	-0.70711
692.1	0	0	-0.70711
693.1	0	0	-0.70711
694.1	0	0	-0.70711
695.1	0	0	-0.70711
696.1	0	0	-0.70711
697.1	0	0	-0.70711
698.1	0	0	-0.70711
699.1	0	0	-0.70711
700.1	0	0	-0.70711
701.1	0	0	-0.70711
702.1	0	0	-0.70711
703.1	0	0	-0.70711
704.1	0	0	-0.70711
705.1	0	0	-0.70711
706.1	0	0	-0.70711
707.1	0	0	-0.70711
708.1	0	0	-0.70711
709.1	0	0	-0.70711
710.1	0	0	-0.70711
711.1	0	0	-0.70711
712.1	0	0	-0.70711
713.1	0	0	-0.70711
714.1	0	0	-0.70711
715.1	0	0	-0.70711
716.1	0	0	-0.70711
717.1	0	0	-0.70711
718.1	0	0	-0.70711
719.1	0	0	-0.70711
720.1	0	0	-0.70711
721.1	0	0	-0.70711
722.1	0	0	-0.70711
723.1	0	0	-0.70711
724.1	0	0	-0.70711
725.1	0	0	-0.70711
726.1	0	0	-0.70711
727.1	0	0	-0.70711
728.1	0	0	-0.70711
729.1	0	0	-0.70711
730.1	0	0	-0.70711
731.1	0	0	-0.70711
732.1	0	0	-0.70711
733.1	0	0	-0.70711
734.1	0	0	-0.70711
735.1	0	0	-0.70711
736.1	0	0	-0.70711
737.1	0	0	-0.70711
738.1	0	0	-0.70711
739.1	0	0	-0.70711
740.1	0	0	-0.70711
741.1	0	0	-0.70711
742.1	0	0	-0.70711
743.1	0	0	-0.70711
744.1	0	0	-0.70711
745.1	0	0	-0.70711
746.1	0	0	-0.70711
747.1	0	0	-0.70711
748.1	0	0	-0.70711
749.1	0	0	-0.70711
750.1	0	0	-0.70711
751.1	0	0	-0.70711
752.1	0	0	-0.70711
753.1	0	0	-0.70711
754.1	0	0	-0.70711
755.1	0	0	-0.70711
756.1	0	0	-0.70711
757.1	0	0	-0.70711
758.1	0	0	-0.70711
759.1	0	0	-0.70711
760.1	0	0	-0.70711
761.1	0	0	-0.70711
762.1	0	0	-0.70711
763.1	0	0	-0.70711
764.1	0	0	-0.70711
765.1	0	0	-0.70711
766.1	0	0	-0.70711
767.1	0	0	-0.70711
768.1	0	0	-0.70711
769.1	0	0	-0.70711
770.1	0	0	-0.70711
771.1	0	0	-0.70711
772.1	0	0	-0.70711
773.1	0	0	-0.70711
774.1	0	0	-0.70711
775.1	0	0	-0.70711
776.1	0	0	-0.70711
777.1	0	0	-0.70711
778.1	0	0	-0.70711
779.1	0	0	-0.70711
780.1	0	0	-0.70711
781.1	0	0	-0.70711
782.1	0	0	-0.70711
783.1	0	0	-0.70711
784.1	0	0	-0.70711
785.1	0	0	-0.70711
786.1	0	0	-0.70711
787.1	0	0	-0.70711
788.1	0	0	-0.70711
789.1	0	0	-0.70711
790.1	0	0	-0.70711
791.1	0	0	-0.70711
792.1	0	0	-0.70711
793.1	0	0	-0.70711
794.1	0	0	-0.70711
795.1	0	0	-0.70711
796.1	0	0	-0.70711
797.1	0	0	-0.70711
798.1	0	0	-0.70711
799.1	0	0	-0.70711
800.1	0	0	-0.70711
801.1	0	0	-0.70711
802.1	0	0	-0.70711
803.1	0	0	-0.70711
804.1	0	0	-0.70711
805.1	0	0	-0.70711
806.1	0	0	-0.70711
807.1	0	0	-0.70711
808.1	0	0	-0.70711
809.1	0	0	-0.70711
810.1	0	0	-0.70711
811.1	0	0	-0.70711
812.1	0	0	-0.70711
813.1	0	0	-0.70711
814.1	0	0	-0.70711
815.1	0	0	-0.70711
816.1	0	0	-0.70711
817.1	0	0	-0.70711
818.1	0	0	-0.70711
819.1	0	0	-0.70711
820.1	0	0	-0.70711
821.1	0	0	-0.70711
822.1	0	0	-0.70711
823.1	0	0	-0.70711
824.1	0	0	-0.70711
825.1	0	0	-0.70711
826.1	0	0	-0.70711
827.1	0	0	-0.70711
828.1	0	0	-0.70711
829.1	0	0	-0.70711
830.1	0	0	-0.70711
831.1	0	0	-0.70711
832.1	0	0	-0.70711
833.1	0	0	-0.70711
834.1	0	0	-0.70711
835.1	0	0	-0.70711
836.1	0	0	-0.70711
837.1	0	0	-0.70711
838.1	0	0	-0.70711
839.1	0	0	-0.70711
840.1	0	0	-0.70711
841.1	0	0	-0.70711
842.1	0	0	-0.70711
843.1	0	0	-0.70711
844.1	0	0	-0.70711
845.1	0	0	-0.70711
846.1	0	0	-0.70711
847.1	0	0	-0.70711
848.1	0	0	-0.70711
849.1	0	0	-0.70711
850.1	0	0	-0.70711
851.1	0	0	-0.70711
852.1	0	0	-0.70711
853.1	0	0	-0.70711
854.1	0	0	-0.70711
855.1	0	0	-0.70711
856.1	0	0	-0.70711
857.1	0	0	-0.70711
858.1	0	0	-0.70711
859.1	0	0	-0.70711
860.1	0	0	-0.70711
861.1	0	0	-0.70711
862.1	0	0	-0.70711
863.1	0	0	-0.70711
864.1	0	0	-0.70711
865.1	0	0	-0.70711
866.1	0	0	-0.70711
867.1	0	0	-0.70711
868.1	0	0	-0.70711
869.1	0	0	-0.70711
870.1	0	0	-0.70711
871.1	0	0	-0.70711
872.1	0	0	-0.70711
873.1	0	0	-0.70711
874.1	0	0	-0.70711
875.1	0	0	-0.70711
876.1	0	0	-0.70711
877.1	0	0	-0.70711
878.1	0	0	-0.70711
879.1	0	0	-0.70711
880.1	0	0	-0.70711
881.1	0	0	-0.70711
882.1	0	0	-0.70711
883.1	0	0	-0.70711
884.1	0	0	-0.70711
885.1	0	0	-0.70711
886.1	0	0	-0.70711
887.1	0	0	-0.70711
888.1	0	0	-0.70711
889.1	0	0	-0.70711
890.1	0	0	-0.70711
891.1	0	0	-0.70711
892.1	0	0	-0.70711
893.1	0	0	-0.70711
894.1	0	0	-0.70711
895.1	0	0	-0.70711
896.1	0	0	-0.70711
897.1	0	0	-0.70711
898.1	0	0	-0.70711
899.1	0	0	-0.70711
900.1	0	0	-0.70711
901.1	0	0	-0.70711
902.1	0	0	-0.70711
903.1	0	0	-0.70711
904.1	0	0	-0.70711
905.1	0	0	-0.70711
906.1	0	0	-0.70711
907.1	0	0	-0.70711
908.1	0	0	-0.70711
909.1	0	0	-0.70711
910.1	0	0	-0.70711
911.1	0	0	-0.70711
912.1	0	0	-0.70711
913.1	0	0	-0.70711
914.1	0	0	-0.70711
915.1	0	0	-0.70711
916.1	0	0	-0.70711
917.1	0	0	-0.70711
918.1	0	0	-0.70711
919.1	0	0	-0.70711
920.1	0	0	-0.70711
921.1	0	0	-0.70711
922.1	0	0	-0.70711
923.1	0	0	-0.70711
924.1	0	0	-0.70711
925.1	0	0	-0.70711
926.1	0	0	-0.70711
927.1	0	0	-0.70711
928.1	0	0	-0.70711
929.1	0	0	-0.70711
930.1	0	0	-0.70711
931.1	0	0	-0.70711
932.1	0	0	-0.70711
933.1	0	0	-0.70711
934.1	0	0	-0.70711
935.1	0	0	-0.70711
936.1	0	0	-0.70711
937.1	0	0	-0.70711
938.1	0	0	-0.70711
939.1	0	0	-0.70711
940.1	0	0	-0.70711
941.1	0	0	-0.70711
942.1	0	0	-0.70711
943.1	0	0	-0.70711
944.1	0	0	-0.70711
945.1	0	0	-0.70711
946.1	0	0	-0.70711
947.1	0	0	-0.70711
948.1	0	0	-0.70711
949.1	0	0	-0.70711
950.1	0	0	-0.70711
951.1	0	0	-0.70711
952.1	0	0	-0.70711
953.1	0	0	-0.70711
954.1	0	0	-0.70711
955.1	0	0	-0.70711
956.1	0	0	-0.70711
957.1	0	0	-0.70711
958.1	0	0	-0.70711
959.1	0	0	-0.70711
960.1	0	0	-0.70711
961.1	0	0	-0.70711
962.1	0	0	-0.70711
963.1	0	0	-0.70711
964.1	0	0	-0.70711
965.1	0	0	-0.70711
966.1	0	0	-0.70711
967.1	0	0	-0.70711
968.1	0	0	-0.70711
969.1	0	0	-0.70711
970.1	0	0	-0.70711
971.1	0	0	-0.70711
972.1	0	0	-0.70711
973.1	0	0	-0.70711
974.1	0	0	-0.70711
975.1	0	0	-0.70711
976.1	0	0	-0.70711
977.1	0	0	-0.70711
978.1	0	0	-0.70711
979.1	0	0	-0.70711
980.1	0	0	-0.70711
981.1	0	0	-0.70711
982.1	0	0	-0.70711
983.1	0	0	-0.70711
984.1	0	0	-0.70711
985.1	0	0	-0.70711
986.1	0	0	-0.70711
987.1	0	0	-0.70711
988.1	0	0	-0.70711
989.1	0	0	-0.70711
990.1	0	0	-0.70711
991.1	0	0	-0.70711
992.1	0	0	-0.70711
993.1	0	0	-0.70711
994.1	0	0	-0.70711
995.1	0	0	-0.70711
996.1	0	0	-0.70711
997.1	0	0	-0.70711
998.1	0	0	-0.70711
999.1	0	0	-0.70711
1000.1	0	0	-0.70711
1001.1	0	0	-0.70711
1002.1	0	0	-0.70711
1003.1	0	0	-0.70711
1004.1	0	0	-0.70711
1005.1	0	0	-0.70711
1006.1	0	0	-0.70711
1007.1	0	0	-0.70711
1008.1	0	0	-0.70711
1009.1	0	0	-0.70711
1010.1	0	0	-0.70711
1011.1	0	0	-0.70711
1012.1	0	0	-0.70711
1013.1	0	0	-0.70711
1014.1	0	0	-0.70711
1015.1	0	0	-0.70711
1016.1	0	0	-0.70711
1017.1	0	0	-0.70711
1018.1	0	0	-0.70711
1019.1	0	0	-0.70711
1020.1	0	0	-0.70711
1021.1	0	0	-0.70711
1022.1	0	0	-0.70711
1023.1	0	0	-0.70711
1024.1	0	0	-0.70711
1025.1	0	0	-0.70711
1026.1	0	0	-0.70711
1027.1	0	0	-0.70711
1028.1	0	0	-0.70711
1029.1	0	0	-0.70711
1030.1	0	0	-0.70711
1031.1	0	0	-0.70711
1032.1	0	0	-0.70711
1033.1	0	0	-0.70711
1034.1	0	0	-0.70711
1035.1	0	0	-0.70711
1036.1	0	0	-0.70711
1037.1	0	0	-0.70711
1038.1	0	0	-0.70711
1039.1	0	0	-0.70711
1040.1	0	0	-0.70711
1041.1	0	0	-0.70711
1042.1	0	0	-0.70711
1043.1	0	0	-0.70711
1044.1	0	0	-0.70711
1045.1	0	0	-0.70711
1046.1	0	0	-0.70711
1047.1	0	0	-0.70711
1048.1	0	0	-0.70711
1049.1	0	0	-0.70711
1050.1	0	0	-0.70711
1051.1	0	0	-0.70711
1052.1	0	0	-0.70711
1053.1	0	0	-0.70711
1054.1	0	0	-0.70711
1055.1	0	0	-0.70711
1056.1	0	0	-0.70711
1057.1	0	0	-0.70711
1058.1	0	0	-0.70711
1059.1	0	0	-0.70711
1060.1	0	0	-0.70711
1061.1	0	0	-0.70711
1062.1	0	0	-0.70711
1063.1	0	0	-0.70711
1064.1	0	0	-0.70711
1065.1	0	0	-0.70711
1066.1	0	0	-0.70711
1067.1	0	0	-0.70711
1068.1	0	0	-0.70711
1069.1	0	0	-0.70711
1070.1	0	0	-0.70711
1071.1	0	0	-0.70711
1072.1	0	0	-0.70711
1073.1	0	0	-0.70711
1074.1	0	0	-0.70711
1075.1	0	0	-0.70711
1076.1	0	0	-0.70711
1077.1	0	0	-0.70711
1078.1	0	0	-0.70711
1079.1	0	0	-0.70711
1080.1	0	0	-0.70711
1081.1	0	0	-0.70711
1082.1	0	0	-0.70711
1083.1	0	0	-0.70711
1084.1	0	0	-0.70711
1085.1	0	0	-0.70711
1086.1	0	0	-0.70711
1087.1	0	0	-0.70711
1088.1	0	0	-0.70711
1089.1	0	0	-0.70711
1090.1	0	0	-0.70711
1091.1	0	0	-0.70711
1092.1	0	0	-0.70711
1093.1	0	0	-0.70711
1094.1	0	0	-0.70711
1095.1	0	0	-0.70711
1096.1	0	0	-0.70711
1097.1	0	0	-0.70711
1098.1	0	0	-0.70711
1099.1	0	0	-0.70711
1100.1	0	0	-0.70711
1101.1	0	0	-0.70711
1102.1	0	0	-0.70711
1103.1	0	0	-0.70711
1104.1	0	0	-0.70711
1105.1	0	0	-0.70711
1106.1	0	0	-0.70711
1107.1	0	0	-0.70711
1108.1	0	0	-0.70711
1109.1	0	0	-0.70711
1110.1	0	0	-0.70711
1111.1	0	0	-0.70711
1112.1	0	0	-0.70711
1113.1	0	0	-0.70711
1114.1	0	0	-0.70711
1115.1	0	0	-0.70711
1116.1	0	0	-0.70711
1117.1	0	0	-0.70711
1118.1	0	0	-0.70711
1119.1	0	0	-0.70711
1120.1	0	0	-0.70711
1121.1	0	0	-0.70711
1122.1	0	0	-0.70711
1123.1	0	0	-0.70711
1124.1	0	0	-0.70711
1125.1	0	0	-0.70711
1126.1	0	0	-0.70711
1127.1	0	0	-0.70711
1128.1	0	0	-0.70711
1129.1	0	0	-0.70711
1130.1	0	0	-0.70711
1131.1	0	0	-0.70711
1132.1	0	0	-0.70711
1133.1	0	0	-0.70711
1134.1	0	0	-0.70711
1135.1	0	0	-0.70711
1136.1	0	0	-0.70711
1137.1	0	0	-0.70711
1138.1	0	0	-0.70711
1139.1	0	0	-0.70711
1140.1	0	0	-0.70711
1141.1	0	0	-0.70711
1142.1	0	0	-0.70711
1143.1	0	0	-0.70711
1144.1	0	0	-0.70711
1145.1	0	0	-0.70711
1146.1	0	0	-0.70711
1147.1	0	0	-0.70711
1148.1	0	0	-0.70711
1149.1	0	0	-0.70711
1150.1	0	0	-0.70711
1151.1	0	0	-0.70711
1152.1	0	0	-0.70711
1153.1	0	0	-0.70711
1154.1	0	0	-0.70711
1155.1	0	0	-0.70711
1156.1	0	0	-0.70711
1157.1	0	0	-0.70711
1158.1	0	0	-0.70711
1159.1	0	0	-0.70711
1160.1	0	0	-0.70711
1161.1	0	0	-0.70711
1162.1	0	0	-0.70711
1163.1	0	0	-0.70711
1164.1	0	0	-0.70711
1165.1	0	0	-0.70711
1166.1	0	0	-0.70711
1167.1	0	0	-0.70711
1168.1	0	0	-0.70711
1169.1	0	0	-0.70711
1170.1	0	0	-0.70711
1171.1	0	0	-0.70711
1172.1	0	0	-0.70711
1173.1	0	0	-0.70711
1174.1	0	0	-0.70711
1175.1	0	0	-0.70711
1176.1	0	0	-0.70711
1177.1	0	0	-0.70711
1178.1	0	0	-0.70711
1179.1	0	0	-0.70711
1180.1	0	0	-0.70711
1181.1	0	0	-0.70711
1182.1	0	0	-0.70711
1183.1	0	0	-0.70711
1184.1	0	0	-0.70711
1185.1	0	0	-0.70711
1186.1	0	0	-0.70711
1187.1	0	0	-0.70711
1188.1	0	0	-0.70711
1189.1	0	0	-0.70711
1190.1	0	0	-0.70711
1191.1	0	0	-0.70711
1192.1	0	0	-0.70711
1193.1	0	0	-0.70711
1194.1	0	0	-0.70711
1195.1	0	0	-0.70711
1196.1	0	0	-0.70711
1197.1	0	0	-0.70711
1198.1	0	0	-0.70711
1199.1	0	0	-0.70711
1200.1	0	0	-0.70711
1201.1	0	0	-0.70711
1202.1	0	0	-0.70711
1203.1	0	0	-0.70711
1204.1	0	0	-0.70711
1205.1	0	0	-0.70711
1206.1	0	0	-0.70711
1207.1	0	0	-0.70711
1208.1	0	0	-0.70711
1209.1	0	0	-0.70711
1210.1	0	0	-0.70711
1211.1	0	0	-0.70711
1212.1	0	0	-0.70711
1213.1	0	0	-0.70711
1214.1	0	0	-0.70711
1215.1	0	0	-0.70711
1216.1	0	0	-0.70711
1217.1	0	0	-0.70711
1218.1	0	0	-0.70711
1219.1	0	0	-0.70711
1220.1	0	0	-0.70711
1221.1	0	0	-0.70711
1222.1	0	0	-0.70711
1223.1	0	0	-0.70711
1224.1	0	0	-0.70711
1225.1	0	0	-0.70711
1226.1	0	0	-0.70711
1227.1	0	0	-0.70711
1228.1	0	0	-0.70711
1229.1	0	0	-0.70711
1230.1	0	0	-0.70711
1231.1	0	0	-0.70711
1232.1	0	0	-0.70711
1233.1	0	0	-0.70711
1234.1	0	0	-0.70711
1235.1	0	0	-0.70711
1236.1	0	0	-0.70711
1237.1	0	0	-0.70711
1238.1	0	0	-0.70711
1239.1	0	0	-0.70711
1240.1	0	0	-0.70711
1241.1	0	0	-0.70711
1242.1	0	0	-0.70711
1243.1	0	0	-0.70711
1244.1	0	0	-0.70711
1245.1	0	0	-0.70711
1246.1	0	0	-0.70711
1247.1	0	0	-0.70711
1248.1	0	0	-0.70711
1249.1	0	0	-0.70711
1250.1	0	0	-0.70711
1251.1	0	0	-0.70711
1252.1	0	0	-0.70711
1253.1	0	0	-0.70711
1254.1	0	0	-0.70711
1255.1	0	0	-0.70711
1256.1	0	0	-0.70711
1257.1	0	0	-0.70711
1258.1	0	0	-0.70711
1259.1	0	0	-0.70711
1260.1	0	0	-0.70711
1261.1	0	0	-0.70711
1262.1	0	0	-0.70711
1263.1	0	0	-0.70711
1264.1	0	0	-0.70711
1265.1	0	0	-0.70711
1266.1	0	0	-0.70711
1267.1	0	0	-0.70711
1268.1	0	0	-0.70711
1269.1	0	0	-0.70711
1270.1	0	0	-0.70711
1271.1	0	0	-0.70711
1272.1	0	0	-0.70711
1273.1	0	0	-0.70711
1274.1	0	0	-0.70711
1275.1	0	0	-0.70711
1276.1	0	0	-0.70711
1277.1	0	0	-0.70711
1278.1	0	0	-0.70711
1279.1	0	0	-0.70711
1280.1	0	0	-0.70711
1281.1	0	0	-0.70711
1282.1	0	0	-0.70711
1283.1	0	0	-0.70711
1284.1	0	0	-0.70711
1285.1	0	0	-0.70711
1286.1	0	0	-0.70711
1287.1	0	0	-0.70711
1288.1	0	0	-0.70711
1289.1	0	0	-0.70711
1290.1	0	0	-0.70711
1291.1	0	0	-0.70711
1292.1	0	0	-0.70711
1293.1	0	0	-0.70711
1294.1	0	0	-0.70711
1295.1	0	0	-0.70711
1296.1	0	0	-0.70711
1297.1	0	0	-0.70711
1298.1	0	0	-0.70711
1299.1	0	0	-0.70711
1300.1	0	0	-0.70711
1301.1	0	0	-0.70711
1302.1	0	0	-0.70711
1303.1	0	0	-0.70711
1304.1	0	0	-0.70711
1305.1	0	0	-0.70711
1306.1	0	0	-0.70711
1307.1	0	0	-0.70711
1308.1	0	0	-0.70711
1309.1	0	0	-0.70711
1310.1	0	0	-0.70711
1311.1	0	0	-0.70711
1312.1	0	0	-0.70711
1313.1	0	0	-0.70711
1314.1	0	0	-0.70711
1315.1	0	0	-0.70711
1316.1	0	0	-0.70711
1317.1	0	0	-0.70711
1318.1	0	0	-0.70711
1319.1	0	0	-0.70711
1320.1	0	0	-0.70711
1321.1	0	0	-0.70711
1322.1	0	0	-0.70711
1323.1	0	0	-0.70711
1324.1	0	0	-0.70711
1325.1	0	0	-0.70711
1326.1	0	0	-0.70711
1327.1	0	0	-0.70711
1328.1	0	0	-0.70711
1329.1	0	0	-0.70711
1330.1	0	0	-0.70711
1331.1	0	0	-0.70711
1332.1	0	0	-0.70711
1333.1	0	0	-0.70711
1334.1	0	0	-0.70711
1335.1	0	0	-0.70711
1336.1	0	0	-0.70711
1337.1	0	0	-0.70711
1338.1	0	0	-0.70711
1339.1	0	0	-0.70711
1340.1	0	0	-0.70711
1341.1	0	0	-0.70711
1342.1	0	0	-0.70711
1343.1	0	0	-0.70711
1344.1	0	0	-0.70711
1345.1	0	0	-0.70711
1346.1	0	0	-0.70711
1347.1	0	0	-0.70711
1348.1	0	0	-0.70711
1349.1	0	0	-0.70711
1350.1	0	0	-0.70711
1351.1	0	0	-0.70711
1352.1	0	0	-0.70711
1353.1	0	0	-0.70711
1354.1	0	0	-0.70711
1355.1	0	0	-0.70711
1356.1	0	0	-0.70711
1357.1	0	0	-0.70711
1358.1	0	0	-0.70711
1359.1	0	0	-0.70711
1360.1	0	0	-0.70711
1361.1	0	0	-0.70711
1362.1	0	0	-0.70711
1363.1	0	0	-0.70711
1364.1	0	0	-0.70711
1365.1	0	0	-0.70711
1366.1	0	0	-0.70711
1367.1	0	0	-0.70711
1368.1	0	0	-0.70711
1369.1	0	0	-0.70711
1370.1	0	0	-0.70711
1371.1	0	0	-0.70711
1372.1	0	0	-0.70711
1373.1	0	0	-0.70711
1374.1	0	0	-0.70711
1375.1	0	0	-0.70711
1376.1	0	0	-0.70711
1377.1	0	0	-0.70711
1378.1	0	0	-0.70711
1379.1	0	0	-0.70711
1380.1	0	0	-0.70711
1381.1	0	0	-0.70711
1382.1	0	0	-0.70711
1383.1	0	0	-0.70711
1384.1	0	0	-0.70711
1385.1	0	0	-0.70711
1386.1	0	0	-0.70711
1387.1	0	0	-0.70711
1388.1	0	0	-0.70711
1389.1	0	0	-0.70711
1390.1	0	0	-0.70711
1391.1	0	0	-0.70711
1392.1	0	0	-0.70711
1393.1	0	0	-0.70711
1394.1	0	0	-0.70711
1395.1	0	0	-0.70711
1396.1	0	0	-0.70711
1397.1	0	0	-0.70711
1398.1	0	0	-0.70711
1399.1	0	0	-0.70711
1400.1	0	0	-0.70711
1401.1	0	0	-0.70711
1402.1	0	0	-0.70711
1403.1	0	0	-0.70711
1404.1	0	0	-0.70711
1405.1	0	0	-0.70711
1406.1	0	0	-0.70711
1407.1	0	0	-0.70711
1408.1	0	0	-0.70711
1409.1	0	0	-0.70711
1410.1	0	0	-0.70711
1411.1	0	0	-0.70711
1412.1	0	0	-0.70711
1413.1	0	0	-0.70711
1414.1	0	0	-0.70711
1415.1	0	0	-0.70711
1416.1	0	0	-0.70711
1417.1	0	0	-0.70711
1418.1	0	0	-0.70711
1419.1	0	0	-0.70711
1420.1	0	0	-0.70711
1421.1	0	0	-0.70711
1422.1	0	0	-0.70711
1423.1	0	0	-0.70711
1424.1	0	0	-0.70711
1425.1	0	0	-0.70711
1426.1	0	0	-0.70711
1427.1	0	0	-0.70711
1428.1	0	0	-0.70711
1429.1	0	0	-0.70711
1430.1	0	0	-0.70711
1431.1	0	0	-0.70711
1432.1	0	0	-0.70711
1433.1	0	0	-0.70711
1434.1	0	0	-0.70711
1435.1	0	0	-0.70711
1436.1	0	0	-0.70711
1437.1	0	0	-0.70711
1438.1	0	0	-0.70711
1439.1	0	0	-0.70711
1440.1	0	0	-0.70711
1441.1	0	0	-0.70711
1442.1	0	0	-0.70711
1443.1	0	0	-0.70711
1444.1	0	0	-0.70711
1445.1	0	0	-0.70711
1446.1	0	0	-0.70711
1447.1	0	0	-0.70711
1448.1	0	0	-0.70711
1449.1	0	0	-0.70711
1450.1	0	0	-0.70711
1451.1	0	0	-0.70711
1452.1	0	0	-0.70711
1453.1	0	0	-0.70711
1454.1	0	0	-0.70711
1455.1	0	0	-0.70711
1456.1	0	0	-0.70711
1457.1	0	0	-0.70711
1458.1	0	0	-0.70711
1459.1	0	0	-0.70711
1460.1	0	0	-0.70711
1461.1	0	0	-0.70711
1462.1	0	0	-0.70711
1463.1	0	0	-0.70711
1464.1	0	0	-0.70711
1465.1	0	0	-0.70711
1466.1	0	0	-0.70711
1467.1	0	0	-0.70711
1468.1	0	0	-0.70711
1469.1	0	0	-0.70711
1470.1	0	0	-0.70711
1471.1	0	0	-0.70711
1472.1	0	0	-0.70711
1473.1	0	0	-0.70711
1474.1	0	0	-0.70711
1475.1	0	0	-0.70711
1476.1	0	0	-0.70711
1477.1	0	0	-0.70711
1478.1	0	0	-0.70711
1479.1	0	0	-0.70711
1480.1	0	0	-0.70711
1481.1	0	0	-0.70711
1482.1	0	0	-0.70711
1483.1	0	0	-0.70711
1484.1	0	0	-0.70711
1485.1	0	0	-0.70711
1486.1	0	0	-0.70711
1487.1	0	0	-0.70711
1488.1	0	0	-0.70711
1489.1	0	0	-0.70711
1490.1	0	0	-0.70711
1491.1	0	0	-0.70711
1492.1	0	0	-0.70711
1493.1	0	0	-0.70711
1494.1	0	0	-0.70711
1495.1	0	0	-0.70711
1496.1	0	0	-0.70711
1497.1	0	0	-0.70711
1498.1	0	0	-0.70711
1499.1	0	0	-0.70711
1500.1	0	0	-0.70711
1501.1	0	0	-0.70711
1502.1	0	0	-0.70711
1503.1	0	0	-0.70711
1504.1	0	0	-0.70711
1505.1	0	0	-0.70711
1506.1	0	0	-0.70711
1507.1	0	0	-0.70711
1508.1	0	0	-0.70711
1509.1	0	0	-0.70711
1510.1	0	0	-0.70711
1511.1	0	0	-0.70711
1512.1	0	0	-0.70711
1513.1	0	0	-0.70711
1514.1	0	0	-0.70711
1515.1	0	0	-0.70711
1516.1	0	0	-0.70711
1517.1	0	0	-0.70711
1518.1	0	0	-0.70711
1519.1	0	0	-0.70711
1520.1	0	0	-0.70711
1521.1	0	0	-0.70711
1522.1	0	0	-0.70711
1523.1	0	0	-0.70711
1524.1	0	0	-0.70711
1525.1	0	0	-0.70711
1526.1	0	0	-0.70711
1527.1	0	0	-0.70711
1528.1	0	0	-0.70711
1529.1	0	0	-0.70711
1530.1	0	0	-0.70711
1531.1	0	0	-0.70711
1532.1	0	0	-0.70711
1533.1	0	0	-0.70711
1534.1	0	0	-0.70711
1535.1	0	0	-0.70711
1536.1	0	0	-0.70711
1537.1	0	0	-0.70711
1538.1	0	0	-0.70711
1539.1	0	0	-0.70711
1540.1	0	0	-0.70711
1541.1	0	0	-0.70711
1542.1	0	0	-0.70711
1543.1	0	0	-0.70711
1544.1	0	0	-0.70711
1545.1	0	0	-0.70711
1546.1	0	0	-0.70711
1547.1	0	0	-0.70711
1548.1	0	0	-0.70711
1549.1	0	0	-0.70711
1550.1	0	0	-0.70711
1551.1	0	0	-0.70711
1552.1	0	0	-0.70711
1553.1	0	0	-0.70711
1554.1	0	0	-0.70711
1555.1	0	0	-0.70711
1556.1	0	0	-0.70711
1557.1	0	0	-0.70711
1558.1	0	0	-0.70711
1559.1	0	0	-0.70711
1560.1	0	0	-0.70711
1561.1	0	0	-0.70711
1562.1	0	0	-0.70711
1563.1	0	0	-0.70711
1564.1	0	0	-0.70711
1565.1	0	0	-0.70711
1566.1	0	0	-0.70711
1567.1	0	0	-0.70711
1568.1	0	0	-0.70711
1569.1	0	0	-0.70711
1570.1	0	0	-0.70711
1571.1	0	0	-0.70711
1572.1	0	0	-0.70711
1573.1	0	0	-0.70711
1574.1	0	0	-0.70711
1575.1	0	0	-0.70711
1576.1	0	0	-0.70711
1577.1	0	0	-0.70711
1578.1	0	0	-0.70711
1579.1	0	0	-0.70711
1580.1	0	0	-0.70711
1581.1	0	0	-0.70711
1582.1	0	0	-0.70711
1583.1	0	0	-0.70711
1584.1	0	0	-0.70711
1585.1	0	0	-0.70711
1586.1	0	0	-0.70711
1587.1	0	0	-0.70711
1588.1	0	0	-0.70711
1589.1	0	0	-0.70711
1590.1	0	0	-0.70711
1591.1	0	0	-0.70711
1592.1	0	0	-0.70711
1593.1	0	0	-0.70711
1594.1	0	0	-0.70711
1595.1	0	0	-0.70711
1596.1	0	0	-0.70711
1597.1	0	0	-0.70711
1598.1	0	0	-0.70711
1599.1	0	0	-0.70711
1600.1	0	0	-0.70711
1601.1	0	0	-0.70711
1602.1	0	0	-0.70711
1603.1	0	0	-0.70711
1604.1	0	0	-0.70711
1605.1	0	0	-0.70711
1606.1	0	0	-0.70711
1607.1	0	0	-0.70711
1608.1	0	0	-0.70711
1609.1	0	0	-0.70711
1610.1	0	0	-0.70711
1611.1	0	0	-0.70711
1612.1	0	0	-0.70711
1613.1	0	0	-0.70711
1614.1	0	0	-0.70711
1615.1	0	0	-0.70711
1616.1	0	0	-0.70711
1617.1	0	0	-0.70711
1618.1	0	0	-0.70711
1619.1	0	0	-0.70711
1620.1	0	0	-0.70711
1621.1	0	0	-0.70711
1622.1	0	0	-0.70711
1623.1	0	0	-0.70711
1624.1	0	0	-0.70711
1625.1	0	0	-0.70711
1626.1	0	0	-0.70711
1627.1	0	0	-0.70711
1628.1	0	0	-0.70711
1629.1	0	0	-0.70711
1630.1	0	0	-0.70711
1631.1	0	0	-0.70711
1632.1	0	0	-0.70711
1633.1	0	0	-0.70711
1634.1	0	0	-0.70711
1635.1	0	0	-0.70711
1636.1	0	0	-0.70711
1637.1	0	0	-0.70711
1638.1	0	0	-0.70711
1639.1	0	0	-0.70711
1640.1	0	0	-0.70711
1641.1	0	0	-0.70711
1642.1	0	0	-0.70711
1643.1	0	0	-0.70711
1644.1	0	0	-0.70711
1645.1	0	0	-0.70711
1646.1	0	0	-0.70711
1647.1	0	0	-0.70711
1648.1	0	0	-0.70711
1649.1	0	0	-0.70711
1650.1	0	0	-0.70711
1651.1	0	0	-0.70711
1652.1	0	0	-0.70711
1653.1	0	0	-0.70711
1654.1	0	0	-0.70711
1655.1	0	0	-0.70711
1656.1	0	0	-0.70711
1657.1	0	0	-0.70711
1658.1	0	0	-0.70711
1659.1	0	0	-0.70711
1660.1	0	0	-0.70711
1661.1	0	0	-0.70711
1662.1	0	0	-0.70711
1663.1	0	0	-0.70711
1664.1	0	0	-0.70711
1665.1	0	0	-0.70711
1666.1	0	0	-0.70711
1667.1	0	0	-0.70711
1668.1	0	0	-0.70711
1669.1	0	0	-0.70711
1670.1	0	0	-0.70711
1671.1	0	0	-0.70711
1672.1	0	0	-0.70711
1673.1	0	0	-0.70711
1674.1	0	0	-0.70711
1675.1	0	0	-0.70711
1676.1	0	0	-0.70711
1677.1	0	0	-0.70711
1678.1	0	0	-0.70711
1679.1	0	0	-0.70711
1680.1	0	0	-0.70711
1681.1	0	0	-0.70711
1682.1	0	0	-0.70711
1683.1	0	0	-0.70711
1684.1	0	0	-0.70711
1685.1	0	0	-0.70711
1686.1	0	0	-0.70711
1687.1	0	0	-0.70711
1688.1	0	0	-0.70711
1689.1	0	0	-0.70711
1690.1	0	0	-0.70711
1691.1	0	0	-0.70711
1692.1	0	0	-0.70711
1693.1	0	0	-0.70711
1694.1	0	0	-0.70711
1695.1	0	0	-0.70711
1696.1	0	0	-0.70711
1697.1	0	0	-0.70711
1698.1	0	0	-0.70711
1699.1	0	0	-0.70711
1700.1	0	0	-0.70711
1701.1	0	0	-0.70711
1702.1	0	0	-0.70711
1703.1	0	0	-0.70711
1704.1	0	0	-0.70711
1705.1	0	0	-0.70711
1706.1	0	0	-0.70711
1707.1	0	0	-0.70711
1708.1	0	0	-0.70711
1709.1	0	0	-0.70711
1710.1	0	0	-0.70711
1711.1	0	0	-0.70711
1712.1	0	0	-0.70711
1713.1	0	0	-0.70711
1714.1	0	0	-0.70711
1715.1	0	0	-0.70711
1716.1	0	0	-0.70711
1717.1	0	0	-0.70711
1718.1	0	0	-0.70711
1719.1	0	0	-0.70711
1720.1	0	0	-0.70711
1721.1	0	0	-0.70711
1722.1	0	0	-0.70711
1723.1	0	0	-0.70711
1724.1	0	0	-0.70711
1725.1	0	0	-0.70711
1726.1	0	0	-0.70711
1727.1	0	0	-0.70711
1728.1	0	0	-0.70711
1729.1	0	0	-0.70711
1730.1	0	0	-0.70711
1731.1	0	0	-0.70711
1732.1	0	0	-0.70711
1733.1	0	0	-0.70711
1734.1	0	0	-0.70711
1735.1	0	0	-0.70711
1736.1	0	0	-0.70711
1737.1	0	0	-0.70711
1738.1	0	0	-0.70711
1739.1	0	0	-0.70711
1740.1	0	0	-0.70711
1741.1	0	0	-0.70711
1742.1	0	0	-0.70711
1743.1	0	0	-0.70711
1744.1	0	0	-0.70711
1745.1	0	0	-0.70711
1746.1	0	0	-0.70711
1747.1	0	0	-0.70711
1748.1	0	0	-0.70711
1749.1	0	0	-0.70711
1750.1	0	0	-0.70711
1751.1	0	0	-0.70711
1752.1	0	0	-0.70711
1753.1	0	0	-0.70711
1754.1	0	0	-0.70711
1755.1	0	0	-0.70711
1756.1	0	0	-0.70711
1757.1	0	0	-0.70711
1758.1	0	0	-0.70711
1759.1	0	0	-0.70711
1760.1	0	0	-0.70711
1761.1	0	0	-0.70711
1762.1	0	0	-0.70711
1763.1	0	0	-0.70711
1764.1	0	0	-0.70711
1765.1	0	0	-0.70711
1766.1	0	0	-0.70711
1767.1	0	0	-0.70711
1768.1	0	0	-0.70711
1769.1	0	0	-0.70711
1770.1	0	0	-0.70711
1771.1	0	0	-0.70711
1772.1	0	0	-0.70711
1773.1	0	0	-0.70711
1774.1	0	0	-0.70711
1775.1	0	0	-0.70711
1776.1	0	0	-0.70711
1777.1	0	0	-0.70711
1778.1	0	0	-0.70711
1779.1	0	0	-0.70711
1780.1	0	0	-0.70711
1781.1	0	0	-0.70711
1782.1	0	0	-0.70711
1783.1	0	0	-0.70711
1784.1	0	0	-0.70711
1785.1	0	0	-0.70711
1786.1	0	0	-0.70711
1787.1	0	0	-0.70711
1788.1	0	0	-0.70711
1789.1	0	0	-0.70711
1790.1	0	0	-0.70711
1791.1	0	0	-0.70711
1792.1	0	0	-0.70711
1793.1	0	0	-0.70711
1794.1	0	0	-0.70711
1795.1	0	0	-0.70711
1796.1	0	0	-0.70711
1797.1	0	0	-0.70711
1798.1	0	0	-0.70711
1799.1	0	0	-0.70711
1800.1	0	0	-0.70711
1801.1	0	0	-0.70711
1802.1	0	0	-0.70711
1803.1	0	0	-0.70711
1804.1	0	0	-0.70711
1805.1	0	0	-0.70711
1806.1	0	0	-0.70711
1807.1	0	0	-0.70711
1808.1	0	0	-0.70711
1809.1	0	0	-0.70711
1810.1	0	0	-0.70711
1811.1	0	0	-0.70711
1812.1	0	0	-0.70711
1813.1	0	0	-0.70711
1814.1	0	0	-0.70711
1815.1	0	0	-0.70711
1816.1	0	0	-0.70711
1817.1	0	0	-0.70711
1818.1	0	0	-0.70711
1819.1	0	0	-0.70711
1820.1	0	0	-0.70711
1821.1	0	0	-0.70711
1822.1	0	0	-0.70711
1823.1	0	0	-0.70711
1824.1	0	0	-0.70711
1825.1	0	0	-0.70711
1826.1	0	0	-0.70711
1827.1	0	0	-0.70711
1828.1	0	0	-0.70711
1829.1	0	0	-0.70711
1830.1	0	0	-0.70711
1831.1	0	0	-0.70711
1832.1	0	0	-0.70711
1833.1	0	0	-0.70711
1834.1	0	0	-0.70711
1835.1	0	0	-0.70711
1836.1	0	0	-0.70711
1837.1	0	0	-0.70711
1838.1	0	0	-0.70711
1839.1	0	0	-0.70711
1840.1	0	0	-0.70711
1841.1	0	0	-0.70711
1842.1	0	0	-0.70711
1843.1	0	0	-0.70711
1844.1	0	0	-0.70711
1845.1	0	0	-0.70711
1846.1	0	0	-0.70711
1847.1	0	0	-0.70711
1848.1	0	0	-0.70711
1849.1	0	0	-0.70711
1850.1	0	0	-0.70711
1851.1	0	0	-0.70711
1852.1	0	0	-0.70711
1853.1	0	0	-0.70711
1854.1	0	0	-0.70711
1855.1	0	0	-0.70711
1856.1	0	0	-0.70711
1857.1	0	0	-0.70711
1858.1	0	0	-0.70711
1859.1	0	0	-0.70711
1860.1	0	0	-0.70711
1861.1	0	0	-0.70711
1862.1	0	0	-0.70711
1863.1	0	0	-0.70711
1864.1	0	0	-0.70711
1865.1	0	0	-0.70711
1866.1	0	0	-0.70711
1867.1	0	0	-0.70711
1868.1	0	0	-0.70711
1869.1	0	0	-0.70711
1870.1	0	0	-0.70711
1871.1	0	0	-0.70711
1872.1	0	0	-0.70711
1873.1	0	0	-0.70711
1874.1	0	0	-0.70711
1875.1	0	0	-0.70711
1876.1	0	0	-0.70711
1877.1	0	0	-0.70711
1878.1	0	0	-0.70711
1879.1	0	0	-0.70711
1880.1	0	0	-0.70711
1881.1	0	0	-0.70711
1882.1	0	0	-0.70711
1883.1	0	0	-0.70711
1884.1	0	0	-0.70711
1885.1	0	0	-0.70711
1886.1	0	0	-0.70711
1887.1	0	0	-0.70711
1888.1	0	0	-0.70711
1889.1	0	0	-0.70711
1890.1	0	0	-0.70711
1891.1	0	0	-0.70711
1892.1	0	0	-0.70711
1893.1	0	0	-0.70711
1894.1	0	0	-0.70711
1895.1	0	0	-0.70711
1896.1	0	0	-0.70711
1897.1	0	0	-0.70711
1898.1	0	0	-0.70711
1899.1	0	0	-0.70711
1900.1	0	0	-0.70711
1901.1	0	0	-0.70711
1902.1	0	0	-0.70711
1903.1	0	0	-0.70711
1904.1	0	0	-0.70711
1905.1	0	0	-0.70711
1906.1	0	0	-0.70711
1907.1	0	0	-0.70711
1908.1	0	0	-0.70711
1909.1	0	0	-0.70711
1910.1	0	0	-0.70711
1911.1	0	0	-0.70711
1912.1	0	0	-0.70711
1913.1	0	0	-0.70711
1914.1	0	0	-0.70711
1915.1	0	0	-0.70711
1916.1	0	0	-0.70711
1917.1	0	0	-0.70711
1918.1	0	0	-0.70711
1919.1	0	0	-0.70711
1920.1	0	0	-0.70711
1921.1	0	0	-0.70711
1922.1	0	0	-0.70711
1923.1	0	0	-0.70711
1924.1	0	0	-0.70711
1925.1	0	0	-0.70711
1926.1	0	0	-0.70711
1927.1	0	0	-0.70711
1928.1	0	0	-0.70711
1929.1	0	0	-0.70711
1930.1	0	0	-0.70711
1931.1	0	0	-0.70711
1932.1	0	0	-0.70711
1933.1	0	0	-0.70711
1934.1	0	0	-0.70711
1935.1	0	0	-0.70711
1936.1	0	0	-0.70711
1937.1	0	0	-0.70711
1938.1	0	0	-0.70711
1939.1	0	0	-0.70711
1940.1	0	0	-0.70711
1941.1	0	0	-0.70711
1942.1	0	0	-0.70711
1943.1	0	0	-0.70711
1944.1	0	0	-0.70711
1945.1	0	0	-0.70711
1946.1	0	0	-0.70711
1947.1	0	0	-0.70711
1948.1	0	0	-0.70711
1949.1	0	0	-0.70711
1950.1	0	0	-0.70711
1951.1	0	0	-0.70711
1952.1	0	0	-0.70711
1953.1	0	0	-0.70711
1954.1	0	0	-0.70711
1955.1	0	0	-0.70711
1956.1	0	0	-0.70711
1957.1	0	0	-0.70711
1958.1	0	0	-0.70711
1959.1	0	0	-0.70711
1960.1	0	0	-0.70711
1961.1	0	0	-0.70711
1962.1	0	0	-0.70711
1963.1	0	0	-0.70711
1964.1	0	0	-0.70711
1965.1	0	0	-0.70711
1966.1	0	0	-0.70711
1967.1	0	0	-0.70711
1968.1	0	0	-0.70711
1969.1	0	0	-0.70711
1970.1	0	0	-0.70711
1971.1	0	0	-0.70711
1972.1	0	0	-0.70711
1973.1	0	0	-0.70711
1974.1	0	0	-0.70711
1975.1	0	0	-0.70711
1976.1	0	0	-0.70711
1977.1	0	0	-0.70711
1978.1	0	0	-0.70711
1979.1	0	0	-0.70711
1980.1	0	0	-0.70711
1981.1	0	0	-0.70711
1982.1	0	0	-0.70711
1983.1	0	0	-0.70711
1984.1	0	0	-0.70711
1985.1	0	0	-0.70711
1986.1	0	0	-0.70711
1987.1	0	0	-0.70711
1988.1	0	0	-0.70711
1989.1	0	0	-0.70711
1990.1	0	0	-0.70711
1991.1	0	0	-0.70711
1992.1	0	0	-0.70711
1993.1	0	0	-0.70711
1994.1	0	0	-0.70711
1995.1	0	0	-0.70711
1996.1	0	0	-0.70711
1997.1	0	0	-0.70711
1998.1	0	0	-0.70711
1999.1	0	0	-0.70711
2000.1	0	0	-0.70711
2001.1	0	0	-0.70711
2002.1	0	0	-0.70711
2003.1	0	0	-0.70711
2004.1	0	0	-0.70711
2005.1	0	0	-0.70711
2006.1	0	0	-0.70711
2007.1	0	0	-0.70711
2008.1	0	0	-0.70711
2009.1	0	0	-0.70711
2010.1	0	0	-0.70711
2011.1	0	0	-0.70711
2012.1	0	0	-0.70711
2013.1	0	0	-0.70711
2014.1	0	0	-0.70711
2015.1	0	0	-0.70711
2016.1	0	0	-0.70711
2017.1	0	0	-0.70711
2018.1	0	0	-0.70711
2019.1	0	0	-0.70711
2020.1	0	0	-0.70711
2021.1	0	0	-0.70711
2022.1	0	0	-0.70711
2023.1	0	0	-0.70711
2024.1	0	0	-0.70711
2025.1	0	0	-0.70711
2026.1	0	0	-0.70711
2027.1	0	0	-0.70711
2028.1	0	0	-0.70711
2029.1	0	0	-0.70711
2030.1	0	0	-0.70711
2031.1	0	0	-0.70711
2032.1	0	0	-0.70711
2033.1	0	0	-0.70711
2034.1	0	0	-0.70711
2035.1	0	0	-0.70711
2036.1	0	0	-0.70711
2037.1	0	0	-0.70711
2038.1	0	0	-0.70711
2039.1	0	0	-0.70711
2040.1	0	0	-0.70711
2041.1	0	0	-0.70711
2042.1	0	0	-0.70711
2043.1	0	0	-0.70711
2044.1	0	0	-0.70711
2045.1	0	0	-0.70711
2046.1	0	0	-0.70711
2047.1	0	0	-0.70711
2048.1	0	0	-0.70711
2049.1	0	0	-0.70711
2050.1	0	0	-0.70711
2051.1	0	0	-0.70711
2052.1	0	0	-0.70711
2053.1	0	0	-0.70711
2054.1	0	0	-0.70711
2055.1	0	0	-0.70711
2056.1	0	0	-0.70711
2057.1	0	0	-0.70711
2058.1	0	0	-0.70711
2059.1	0	0	-0.70711
2060.1	0	0	-0.70711
2061.1	0	0	-0.70711
2062.1	0	0	-0.70711
2063.1	0	0	-0.70711
2064.1	0	0	-0.70711
2065.1	0	0	-0.70711
2066.1	0	0	-0.70711
2067.1	0	0	-0.70711
2068.1	0	0	-0.70711
2069.1	0	0	-0.70711
2070.1	0	0	-0.70711
2071.1	0	0	-0.70711
2072.1	0	0	-0.70711
2073.1	0	0	-0.70711
2074.1	0	0	-0.70711
2075.1	0	0	-0.70711
2076.1	0	0	-0.70711
2077.1	0	0	-0.70711
2078.1	0	0	-0.70711
2079.1	0	0	-0.70711
2080.1	0	0	-0.70711
2081.1	0	0	-0.70711
2082.1	0	0	-0.70711
2083.1	0	0	-0.70711
2084.1	0	0	-0.70711
2085.1	0	0	-0.70711
2086.1	0	0	-0.70711
2087.1	0	0	-0.70711
2088.1	0	0	-0.70711
2089.1	0	0	-0.70711
2090.1	0	0	-0.70711
2091.1	0	0	-0.70711
2092.1	0	0	-0.70711
2093.1	0	0	-0.70711
2094.1	0	0	-0.70711
2095.1	0	0	-0.70711
2096.1	0	0	-0.70711
2097.1	0	0	-0.70711
2098.1	0	0	-0.70711
2099.1	0	0	-0.70711
2100.1	0	0	-0.70711
2101.1	0	0	-0.70711
2102.1	0	0	-0.70711
2103.1	0	0	-0.70711
2104.1	0	0	-0.70711
2105.1	0	0	-0.70711
2106.1	0	0	-0.70711
2107.1	0	0	-0.70711
2108.1	0	0	-0.70711
2109.1	0	0	-0.70711
2110.1	0	0	-0.70711
2111.1	0	0	-0.70711
2112.1	0	0	-0.70711
2113.1	0	0	-0.70711
2114.1	0	0	-0.70711
2115.1	0	0	-0.70711
2116.1	0	0	-0.70711
2117.1	0	0	-0.70711
2118.1	0	0	-0.70711
2119.1	0	0	-0.70711
2120.1	0	0	-0.70711
2121.1	0	0	-0.70711
2122.1	0	0	-0.70711
2123.1	0	0	-0.70711
2124.1	0	0	-0.70711
2125.1	0	0	-0.70711
2126.1	0	0	-0.70711
2127.1	0	0	-0.70711
2128.1	0	0	-0.70711
2129.1	0	0	-0.70711
2130.1	0	0	-0.70711
2131.1	0	0	-0.70711
2132.1	0	0	-0.70711
2133.1	0	0	-0.70711
2134.1	0	0	-0.70711
2135.1	0	0	-0.70711
2136.1	0	0	-0.70711
2137.1	0	0	-0.70711
2138.1	0	0	-0.70711
2139.1	0	0	-0.70711
2140.1	0	0	-0.70711
2141.1	0	0	-0.70711
2142.1	0	0	-0.70711
2143.1	0	0	-0.70711
2144.1	0	0	-0.70711
2145.1	0	0	-0.70711
2146.1	0	0	-0.70711
2147.1	0	0	-0.70711
2148.1	0	0	-0.70711
2149.1	0	0	-0.70711
2150.1	0	0	-0.70711
2151.1	0	0	-0.70711
2152.1	0	0	-0.70711
2153.1	0	0	-0.70711
2154.1	0	0	-0.70711
2155.1	0	0	-0.70711
2156.1	0	0	-0.70711
2157.1	0	0	-0.70711
2158.1	0	0	-0.70711
2159.1	0	0	-0.70711
2160.1	0	0	-0.70711
2161.1	0	0	-0.70711
2162.1	0	0	-0.70711
2163.1	0	0	-0.70711
2164.1	0	0	-0.70711
2165.1	0	0	-0.70711
2166.1	0	0	-0.70711
2167.1	0	0	-0.70711
2168.1	0	0	-0.70711
2169.1	0	0	-0.70711
2170.1	0	0	-0.70711
2171.1	0	0	-0.70711
2172.1	0	0	-0.70711
2173.1	0	0	-0.70711
2174.1	0	0	-0.70711
2175.1	0	0	-0.70711
2176.1	0	0	-0.70711
2177.1	0	0	-0.70711
2178.1	0	0	-0.70711
2179.1	0	0	-0.70711
2180.1	0	0	-0.70711
2181.1	0	0	-0.70711
2182.1	0	0	-0.70711
2183.1	0	0	-0.70711
2184.1	0	0	-0.70711
2185.1	0	0	-0.70711
2186.1	0	0	-0.70711
2187.1	0	0	-0.70711
2188.1	0	0	-0.70711
2189.1	0	0	-0.70711
2190.1	0	0	-0.70711
2191.1	0	0	-0.70711
2192.1	0	0	-0.70711
2193.1	0	0	-0.70711
2194.1	0	0	-0.70711
2195.1	0	0	-0.70711
2196.1	0	0	-0.70711
2197.1	0	0	-0.70711
2198.1	0	0	-0.70711
2199.1	0	0	-0.70711
2200.1	0	0	-0.70711
2201.1	0	0	-0.70711
2202.1	0	0	-0.70711
2203.1	0	0	-0.70711
2204.1	0	0	-0.70711
2205.1	0	0	-0.70711
2206.1	0	0	-0.70711
2207.1	0	0	-0.70711
2208.1	0	0	-0.70711
2209.1	0	0	-0.70711
2210.1	0	0	-0.70711
2211.1	0	0	-0.70711
2212.1	0	0	-0.70711
2213.1	0	0	-0.70711
2214.1	0	0	-0.70711
2215.1	0	0	-0.70711
2216.1	0	0	-0.70711
2217.1	0	0	-0.70711
2218.1	0	0	-0.70711
2219.1	0	0	-0.70711
2220.1	0	0	-0.70711
2221.1	0	0	-0.70711
2222.1	0	0	-0.70711
2223.1	0	0	-0.70711
2224.1	0	0	-0.70711
2225.1	0	0	-0.70711
2226.1	0	0	-0.70711
2227.1	0	0	-0.70711
2228.1	0	0	-0.70711
2229.1	0	0	-0.70711
2230.1	0	0	-0.70711
2231.1	0	0	-0.70711
2232.1	0	0	-0.70711
2233.1	0	0	-0.70711
2234.1	0	0	-0.70711
2235.1	0	0	-0.70711
2236.1	0	0	-0.70711
2237.1	0	0	-0.70711
2238.1	0	0	-0.70711
2239.1	0	0	-0.70711
2240.1	0	0	-0.70711
2241.1	0	0	-0.70711
2242.1	0	0	-0.70711
2243.1	0	0	-0.70711
2244.1	0	0	-0.70711
2245.1	0	0	-0.70711
2246.1	0	0	-0.70711
2247.1	0	0	-0.70711
2248.1	0	0	-0.70711
2249.1	0	0	-0.70711
2250.1	0	0	-0.70711
2251.1	0	0	-0.70711
2252.1	0	0	-0.70711
2253.1	0	0	-0.70711
2254.1	0	0	-0.70711
2255.1	0	0	-0.70711
2256.1	0	0	-0.70711
2257.1	0	0	-0.70711
2258.1	0	0	-0.70711
2259.1	0	0	-0.70711
2260.1	0	0	-0.70711
2261.1	0	0	-0.70711
2262.1	0	0	-0.70711
2263.1	0	0	-0.70711
2264.1	0	0	-0.70711
2265.1	0	0	-0.70711
2266.1	0	0	-0.70711
2267.1	0	0	-0.70711
2268.1	0	0	-0.70711
2269.1	0	0	-0.70711
2270.1	0	0	-0.70711
2271.1	0	0	-0.70711
2272.1	0	0	-0.70711
2273.1	0	0	-0.70711
2274.1	0	0	-0.70711
2275.1	0	0	-0.70711
2276.1	0	0	-0.70711
2277.1	0	0	-0.70711
2278.1	0	0	-0.70711
2279.1	0	0	-0.70711
2280.1	0	0	-0.70711
2281.1	0	0	-0.70711
2282.1	0	0	-0.70711
2283.1	0	0	-0.70711
2284.1	0	0	-0.70711
2285.1	0	0	-0.70711
2286.1	0	0	-0.70711
2287.1	0	0	-0.70711
2288.1	0	0	-0.70711
2289.1	0	0	-0.70711
2290.1	0	0	-0.70711
2291.1	0	0	-0.70711
2292.1	0	0	-0.70711
2293.1	0	0	-0.70711
2294.1	0	0	-0.70711
2295.1	0	0	-0.70711
2296.1	0	0	-0.70711
2297.1	0	0	-0.70711
2298.1	0	0	-0.70711
2299.1	0	0	-0.70711
2300.1	0	0	-0.70711
2301.1	0	0	-0.70711
2302.1	0	0	-0.70711
2303.1	0	0	-0.70711
2304.1	0	0	-0.70711
2305.1	0	0	-0.70711
2306.1	0	0	-0.70711
2307.1	0	0	-0.70711
2308.1	0	0	-0.70711
2309.1	0	0	-0.70711
2310.1	0	0	-0.70711
2311.1	0	0	-0.70711
2312.1	0	0	-0.70711
2313.1	0	0	-0.70711
2314.1	0	0	-0.70711
2315.1	0	0	-0.70711
2316.1	0	0	-0.70711
2317.1	0	0	-0.70711
2318.1	0	0	-0.70711
2319.1	0	0	-0.70711
2320.1	0	0	-0.70711
2321.1	0	0	-0.70711
2322.1	0	0	-0.70711
2323.1	0	0	-0.70711
2324.1	0	0	-0.70711
2325.1	0	0	-0.70711
2326.1	0	0	-0.70711
2327.1	0	0	-0.70711
2328.1	0	0	-0.70711
2329.1	0	0	-0.70711
2330.1	0	0	-0.70711
2331.1	0	0	-0.70711
2332.1	0	0	-0.70711
2333.1	0	0	-0.70711
2334.1	0	0	-0.70711
2335.1	0	0	-0.70711
2336.1	0	0	-0.70711
2337.1	0	0	-0.70711
2338.1	0	0	-0.70711
2339.1	0	0	-0.70711
2340.1	0	0	-0.70711
2341.1	0	0	-0.70711
2342.1	0	0	-0.70711
2343.1	0	0	-0.70711
2344.1	0	0	-0.70711
2345.1	0	0	-0.70711
2346.1	0	0	-0.70711
2347.1	0	0	-0.70711
2348.1	0	0	-0.70711
2349.1	0	0	-0.70711
2350.1	0	0	-0.70711
2351.1	0	0	-0.70711
2352.1	0	0	-0.70711
2353.1	0	0	-0.70711
2354.1	0	0	-0.70711
2355.1	0	0	-0.70711
2356.1	0	0	-0.70711
2357.1	0	0	-0.70711
2358.1	0	0	-0.70711
2359.1	0	0	-0.70711
2360.1	0	0	-0.70711
2361.1	0	0	-0.70711
2362.1	0	0	-0.70711
2363.1	0	0	-0.70711
2364.1	0	0	-0.70711
2365.1	0	0	-0.70711
2366.1	0	0	-0.70711
2367.1	0	0	-0.70711
2368.1	0	0	-0.70711
2369.1	0	0	-0.70711
2370.1	0	0	-0.70711
2371.1	0	0	-0.70711
2372.1	0	0	-0.70711
2373.1	0	0	-0.70711
2374.1	0	0	-0.70711
2375.1	0	0	-0.70711
2376.1	0	0	-0.70711
2377.1	0	0	-0.70711
2378.1	0	0	-0.70711
2379.1	0	0	-0.70711
2380.1	0	0	-0.70711
2381.1	0	0	-0.70711
2382.1	0	0	-0.70711
2383.1	0	0	-0.70711
2384.1	0	0	-0.70711
2385.1	0	0	-0.70711
2386.1	0	0	-0.70711
2387.1	0	0	-0.70711
2388.1	0	0	-0.70711
2389.1	0	0	-0.70711
2390.1	0	0	-0.70711
2391.1	0	0	-0.70711
2392.1	0	0	-0.70711
2393.1	0	0	-0.70711
2394.1	0	0	-0.70711
2395.1	0	0	-0.70711
2396.1	0	0	-0.70711
2397.1	0	0	-0.70711
2398.1	0	0	-0.70711
2399.1	0	0	-0.70711
2400.1	0	0	-0.70711
2401.1	0	0	-0.70711
2402.1	0	0	-0.70711
2403.1	0	0	-0.70711
2404.1	0	0	-0.70711
2405.1	0	0	-0.70711
2406.1	0	0	-0.70711
2407.1	0	0	-0.70711
2408.1	0	0	-0.70711
2409.1	0	0	-0.70711
2410.1	0	0	-0.70711
2411.1	0	0	-0.70711
2412.1	0	0	-0.70711
2413.1	0	0	-0.70711
2414.1	0	0	-0.70711
2415.1	0	0	-0.70711
2416.1	0	0	-0.70711
2417.1	0	0	-0.70711
2418.1	0	0	-0.70711
2419.1	0	0	-0.70711
2420.1	0	0	-0.70711
2421.1	0	0	-0.70711
2422.1	0	0	-0.70711
2423.1	0	0	-0.70711
2424.1	0	0	-0.70711
2425.1	0	0	-0.70711
2426.1	0	0	-0.70711
2427.1	0	0	-0.70711
2428.1	0	0	-0.70711
2429.1	0	0	-0.70711
2430.1	0	0	-0.70711
2431.1	0	0	-0.70711
2432.1	0	0	-0.70711
2433.1	0	0	-0.70711
2434.1	0	0	-0.70711
2435.1	0	0	-0.70711
2436.1	0	0	-0.70711
2437.1	0	0	-0.70711
2438.1	0	0	-0.70711
2439.1	0	0	-0.70711
2440.1	0	0	-0.70711
2441.1	0	0	-0.70711
2442.1	0	0	-0.70711
2443.1	0	0	-0.70711
2444.1	0	0	-0.70711
2445.1	0	0	-0.70711
2446.1	0	0	-0.70711
2447.1	0	0	-0.70711
2448.1	0	0	-0.70711
2449.1	0	0	-0.70711
2450.1	0	0	-0.70711
2451.1	0	0	-0.70711
2452.1	0	0	-0.70711
2453.1	0	0	-0.70711
2454.1	0	0	-0.70711
2455.1	0	0	-0.70711
2456.1	0	0	-0.70711
2457.1	0	0	-0.70711
2458.1	0	0	-0.70711
2459.1	0	0	-0.70711
2460.1	0	0	-0.70711
2461.1	0	0	-0.70711
2462.1	0	0	-0.70711
2463.1	0	0	-0.70711
2464.1	0	0	-0.70711
2465.1	0	0	-0.70711
2466.1	0	0	-0.70711
2467.1	0	0	-0.70711
2468.1	0	0	-0.70711
2469.1	0	0	-0.70711
2470.1	0	0	-0.70711
2471.1	0	0	-0.70711
2472.1	0	0	-0.70711
2473.1	0	0	-0.70711
2474.1	0	0	-0.70711
2475.1	0	0	-0.70711
2476.1	0	0	-0.70711
2477.1	0	0	-0.70711
2478.1	0	0	-0.70711
2479.1	0	0	-0.70711
2480.1	0	0	-0.70711
2481.1	0	0	-0.70711
2482.1	0	0	-0.70711
2483.1	0	0	-0.70711
2484.1	0	0	-0.70711
2485.1	0	0	-0.70711
2486.1	0	0	-0.70711
2487.1	0	0	-0.70711
2488.1	0	0	-0.70711
2489.1	0	0	-0.70711
2490.1	0	0	-0.70711
2491.1	0	0	-0.70711
2492.1	0	0	-0.70711
2493.1	0	0	-0.70711
2494.1	0	0	-0.70711
2495.1	0	0	-0.70711
2496.1	0	0	-0.70711
2497.1	0	0	-0.70711
2498.1	0	0	-0.70711
2499.1	0	0	-0.70711
2500.1	0	0	-0.70711
2501.1	0	0	-0.70711
2502.1	0	0	-0.70711
2503.1	0	0	-0.70711
2504.1	0	0	-0.70711
2505.1	0	0	-0.70711
2506.1	0	0	-0.70711
2507.1	0	0	-0.70711
2508.1	0	0	-0.70711
2509.1	0	0	-0.70711
2510.1	0	0	-0.70711
