1.00000	1.00000	1.00000	1.00000	1.00000	1.00000	1.00000	1.00000	1.00000	1.00000	1.00000	1.00000	1.00000	1.00000	1.00000	1.00000	1.00000	1.00000	1.00000	1.00000	1.00000	1.00000	1.00000	1.00000	
1.00000	1.00000	1.00000	1.00000	1.00000	1.00000	1.00000	1.00000	1.00000	1.00000	1.00000	1.00000	1.00000	1.00000	1.00000	1.00000	1.00000	1.00000	1.00000	1.00000	1.00000	1.00000	1.00000	1.00000	
1.00000	1.00000	1.00000	1.00000	1.00000	1.00000	1.00000	1.00000	1.00000	1.00000	1.00000	1.00000	1.00000	1.00000	1.00000	1.00000	1.00000	1.00000	1.00000	1.00000	1.00000	1.00000	1.00000	1.00000	
1.00000	1.00000	1.00000	1.00000	1.00000	1.00000	1.00000	1.00000	1.00000	1.00000	1.00000	1.00000	1.00000	1.00000	1.00000	1.00000	1.00000	1.00000	1.00000	1.00000	1.00000	1.00000	1.00000	1.00000	
1.00000	1.00000	1.00000	1.00000	1.00000	1.00000	1.00000	1.00000	1.00000	1.00000	1.00000	1.00000	1.00000	1.00000	1.00000	1.00000	1.00000	1.00000	1.00000	1.00000	1.00000	1.00000	1.00000	1.00000	
1.00000	1.00000	1.00000	1.00000	1.00000	1.00000	1.00000	1.00000	1.00000	1.00000	1.00000	1.00000	1.00000	1.00000	1.00000	1.00000	1.00000	1.00000	1.00000	1.00000	1.00000	1.00000	1.00000	1.00000	
1.00000	1.00000	1.00000	1.00000	1.00000	1.00000	1.00000	1.00000	1.00000	1.00000	1.00000	1.00000	1.00000	1.00000	1.00000	1.00000	1.00000	1.00000	1.00000	1.00000	1.00000	1.00000	1.00000	1.00000	
1.00000	1.00000	1.00000	1.00000	1.00000	1.00000	1.00000	1.00000	1.00000	1.00000	1.00000	1.00000	1.00000	1.00000	1.00000	1.00000	1.00000	1.00000	1.00000	1.00000	1.00000	1.00000	1.00000	1.00000	
1.00000	1.00000	1.00000	1.00000	1.00000	1.00000	1.00000	1.00000	1.00000	1.00000	1.00000	1.00000	1.00000	1.00000	1.00000	1.00000	1.00000	1.00000	1.00000	1.00000	1.00000	1.00000	1.00000	1.00000	
1.00000	1.00000	1.00000	1.00000	1.00000	1.00000	1.00000	1.00000	1.00000	1.00000	1.00000	1.00000	1.00000	1.00000	1.00000	1.00000	1.00000	1.00000	1.00000	1.00000	1.00000	1.00000	1.00000	1.00000	
1.00000	1.00000	1.00000	1.00000	1.00000	1.00000	1.00000	1.00000	1.00000	1.00000	1.00000	1.00000	1.00000	1.00000	1.00000	1.00000	1.00000	1.00000	1.00000	1.00000	1.00000	1.00000	1.00000	1.00000	
1.00000	1.00000	1.00000	1.00000	1.00000	1.00000	1.00000	1.00000	1.00000	1.00000	1.00000	1.00000	1.00000	1.00000	1.00000	1.00000	1.00000	1.00000	1.00000	1.00000	1.00000	1.00000	1.00000	1.00000	
1.00000	1.00000	1.00000	1.00000	1.00000	1.00000	1.00000	1.00000	1.00000	1.00000	1.00000	1.00000	1.00000	1.00000	1.00000	1.00000	1.00000	1.00000	1.00000	1.00000	1.00000	1.00000	1.00000	1.00000	
1.00000	1.00000	1.00000	1.00000	1.00000	1.00000	1.00000	1.00000	1.00000	1.00000	1.00000	1.00000	1.00000	1.00000	1.00000	1.00000	1.00000	1.00000	1.00000	1.00000	1.00000	1.00000	1.00000	1.00000	
1.00000	1.00000	1.00000	1.00000	1.00000	1.00000	1.00000	1.00000	1.00000	1.00000	1.00000	1.00000	1.00000	1.00000	1.00000	1.00000	1.00000	1.00000	1.00000	1.00000	1.00000	1.00000	1.00000	1.00000	
1.00000	1.00000	1.00000	1.00000	1.00000	1.00000	1.00000	1.00000	1.00000	1.00000	1.00000	1.00000	1.00000	1.00000	1.00000	1.00000	1.00000	1.00000	1.00000	1.00000	1.00000	1.00000	1.00000	1.00000	
1.00000	1.00000	1.00000	1.00000	1.00000	1.00000	1.00000	1.00000	1.00000	1.00000	1.00000	1.00000	1.00000	1.00000	1.00000	1.00000	1.00000	1.00000	1.00000	1.00000	1.00000	1.00000	1.00000	1.00000	
1.00000	1.00000	1.00000	1.00000	1.00000	1.00000	1.00000	1.00000	1.00000	1.00000	1.00000	1.00000	1.00000	1.00000	1.00000	1.00000	1.00000	1.00000	1.00000	1.00000	1.00000	1.00000	1.00000	1.00000	
1.00000	1.00000	1.00000	1.00000	1.00000	1.00000	1.00000	1.00000	1.00000	1.00000	1.00000	1.00000	1.00000	1.00000	1.00000	1.00000	1.00000	1.00000	1.00000	1.00000	1.00000	1.00000	1.00000	1.00000	
1.00000	1.00000	1.00000	1.00000	1.00000	1.00000	1.00000	1.00000	1.00000	1.00000	1.00000	1.00000	1.00000	1.00000	1.00000	1.00000	1.00000	1.00000	1.00000	1.00000	1.00000	1.00000	1.00000	1.00000	
1.00000	1.00000	1.00000	1.00000	1.00000	1.00000	1.00000	1.00000	1.00000	1.00000	1.00000	1.00000	1.00000	1.00000	1.00000	1.00000	1.00000	1.00000	1.00000	1.00000	1.00000	1.00000	1.00000	1.00000	
1.00000	1.00000	1.00000	1.00000	1.00000	1.00000	1.00000	1.00000	1.00000	1.00000	1.00000	1.00000	1.00000	1.00000	1.00000	1.00000	1.00000	1.00000	1.00000	1.00000	1.00000	1.00000	1.00000	1.00000	
1.00000	1.04892	1.09450	1.13365	1.16368	1.18256	1.18901	1.18256	1.16368	1.13365	1.09450	1.04892	1.00000	0.95108	0.90550	0.86635	0.83632	0.81744	0.81099	0.81744	0.83632	0.86635	0.90550	0.95108	
1.00000	1.06734	1.13008	1.18396	1.22531	1.25130	1.26016	1.25130	1.22531	1.18396	1.13008	1.06734	1.00000	0.93266	0.86992	0.81604	0.77469	0.74870	0.73984	0.74870	0.77469	0.81604	0.86992	0.93266	
1.00000	1.08015	1.15483	1.21896	1.26817	1.29911	1.30966	1.29911	1.26817	1.21896	1.15483	1.08015	1.00000	0.91985	0.84517	0.78104	0.73183	0.70089	0.69034	0.70089	0.73183	0.78104	0.84517	0.91985	
1.00000	1.08978	1.17344	1.24529	1.30041	1.33507	1.34689	1.33507	1.30041	1.24529	1.17344	1.08978	1.00000	0.91022	0.82656	0.75471	0.69959	0.66493	0.65311	0.66493	0.69959	0.75471	0.82656	0.91022	
1.00000	1.09719	1.18776	1.26553	1.32521	1.36272	1.37552	1.36272	1.32521	1.26553	1.18776	1.09719	1.00000	0.90281	0.81224	0.73447	0.67479	0.63728	0.62448	0.63728	0.67479	0.73447	0.81224	0.90281	
1.00000	1.10286	1.19870	1.28101	1.34417	1.38387	1.39741	1.38387	1.34417	1.28101	1.19870	1.10286	1.00000	0.89714	0.80130	0.71899	0.65583	0.61613	0.60259	0.61613	0.65583	0.71899	0.80130	0.89714	
1.00000	1.10706	1.20682	1.29248	1.35822	1.39954	1.41364	1.39954	1.35822	1.29248	1.20682	1.10706	1.00000	0.89294	0.79318	0.70752	0.64178	0.60046	0.58636	0.60046	0.64178	0.70752	0.79318	0.89294	
1.00000	1.10996	1.21242	1.30041	1.36793	1.41037	1.42485	1.41037	1.36793	1.30041	1.21242	1.10996	1.00000	0.89004	0.78758	0.69959	0.63207	0.58963	0.57515	0.58963	0.63207	0.69959	0.78758	0.89004	
1.00000	1.11166	1.21572	1.30507	1.37363	1.41673	1.43143	1.41673	1.37363	1.30507	1.21572	1.11166	1.00000	0.88834	0.78428	0.69493	0.62637	0.58327	0.56857	0.58327	0.62637	0.69493	0.78428	0.88834	
1.00000	1.11223	1.21680	1.30661	1.37552	1.41883	1.43361	1.41883	1.37552	1.30661	1.21680	1.11223	1.00000	0.88777	0.78320	0.69339	0.62448	0.58117	0.56639	0.58117	0.62448	0.69339	0.78320	0.88777	
1.00000	1.11166	1.21572	1.30507	1.37363	1.41673	1.43143	1.41673	1.37363	1.30507	1.21572	1.11166	1.00000	0.88834	0.78428	0.69493	0.62637	0.58327	0.56857	0.58327	0.62637	0.69493	0.78428	0.88834	
1.00000	1.10996	1.21242	1.30041	1.36793	1.41037	1.42485	1.41037	1.36793	1.30041	1.21242	1.10996	1.00000	0.89004	0.78758	0.69959	0.63207	0.58963	0.57515	0.58963	0.63207	0.69959	0.78758	0.89004	
1.00000	1.10706	1.20682	1.29248	1.35822	1.39954	1.41364	1.39954	1.35822	1.29248	1.20682	1.10706	1.00000	0.89294	0.79318	0.70752	0.64178	0.60046	0.58636	0.60046	0.64178	0.70752	0.79318	0.89294	
1.00000	1.10286	1.19870	1.28101	1.34417	1.38387	1.39741	1.38387	1.34417	1.28101	1.19870	1.10286	1.00000	0.89714	0.80130	0.71899	0.65583	0.61613	0.60259	0.61613	0.65583	0.71899	0.80130	0.89714	
1.00000	1.09719	1.18776	1.26553	1.32521	1.36272	1.37552	1.36272	1.32521	1.26553	1.18776	1.09719	1.00000	0.90281	0.81224	0.73447	0.67479	0.63728	0.62448	0.63728	0.67479	0.73447	0.81224	0.90281	
1.00000	1.08978	1.17344	1.24529	1.30041	1.33507	1.34689	1.33507	1.30041	1.24529	1.17344	1.08978	1.00000	0.91022	0.82656	0.75471	0.69959	0.66493	0.65311	0.66493	0.69959	0.75471	0.82656	0.91022	
1.00000	1.08015	1.15483	1.21896	1.26817	1.29911	1.30966	1.29911	1.26817	1.21896	1.15483	1.08015	1.00000	0.91985	0.84517	0.78104	0.73183	0.70089	0.69034	0.70089	0.73183	0.78104	0.84517	0.91985	
1.00000	1.06734	1.13008	1.18396	1.22531	1.25130	1.26016	1.25130	1.22531	1.18396	1.13008	1.06734	1.00000	0.93266	0.86992	0.81604	0.77469	0.74870	0.73984	0.74870	0.77469	0.81604	0.86992	0.93266	
1.00000	1.04892	1.09450	1.13365	1.16368	1.18256	1.18901	1.18256	1.16368	1.13365	1.09450	1.04892	1.00000	0.95108	0.90550	0.86635	0.83632	0.81744	0.81099	0.81744	0.83632	0.86635	0.90550	0.95108	
1.00000	1.00000	1.00000	1.00000	1.00000	1.00000	1.00000	1.00000	1.00000	1.00000	1.00000	1.00000	1.00000	1.00000	1.00000	1.00000	1.00000	1.00000	1.00000	1.00000	1.00000	1.00000	1.00000	1.00000	
1.00000	1.00000	1.00000	1.00000	1.00000	1.00000	1.00000	1.00000	1.00000	1.00000	1.00000	1.00000	1.00000	1.00000	1.00000	1.00000	1.00000	1.00000	1.00000	1.00000	1.00000	1.00000	1.00000	1.00000	
1.00000	1.06734	1.13008	1.18396	1.22531	1.25130	1.26016	1.25130	1.22531	1.18396	1.13008	1.06734	1.00000	0.93266	0.86992	0.81604	0.77469	0.74870	0.73984	0.74870	0.77469	0.81604	0.86992	0.93266	
1.00000	1.09269	1.17906	1.25323	1.31014	1.34591	1.35812	1.34591	1.31014	1.25323	1.17906	1.09269	1.00000	0.90731	0.82094	0.74677	0.68986	0.65409	0.64188	0.65409	0.68986	0.74677	0.82094	0.90731	
1.00000	1.11032	1.21312	1.30140	1.36914	1.41172	1.42624	1.41172	1.36914	1.30140	1.21312	1.11032	1.00000	0.88968	0.78688	0.69860	0.63086	0.58828	0.57376	0.58828	0.63086	0.69860	0.78688	0.88968	
1.00000	1.12358	1.23874	1.33763	1.41352	1.46122	1.47749	1.46122	1.41352	1.33763	1.23874	1.12358	1.00000	0.87642	0.76126	0.66237	0.58648	0.53878	0.52251	0.53878	0.58648	0.66237	0.76126	0.87642	
1.00000	1.13378	1.25845	1.36550	1.44764	1.49928	1.51689	1.49928	1.44764	1.36550	1.25845	1.13378	1.00000	0.86622	0.74155	0.63450	0.55236	0.50072	0.48311	0.50072	0.55236	0.63450	0.74155	0.86622	
1.00000	1.14158	1.27351	1.38681	1.47374	1.52839	1.54703	1.52839	1.47374	1.38681	1.27351	1.14158	1.00000	0.85842	0.72649	0.61319	0.52626	0.47161	0.45297	0.47161	0.52626	0.61319	0.72649	0.85842	
1.00000	1.14736	1.28468	1.40260	1.49309	1.54997	1.56937	1.54997	1.49309	1.40260	1.28468	1.14736	1.00000	0.85264	0.71532	0.59740	0.50691	0.45003	0.43063	0.45003	0.50691	0.59740	0.71532	0.85264	
1.00000	1.15136	1.29240	1.41352	1.50645	1.56487	1.58480	1.56487	1.50645	1.41352	1.29240	1.15136	1.00000	0.84864	0.70760	0.58648	0.49355	0.43513	0.41520	0.43513	0.49355	0.58648	0.70760	0.84864	
1.00000	1.15370	1.29693	1.41993	1.51430	1.57363	1.59387	1.57363	1.51430	1.41993	1.29693	1.15370	1.00000	0.84630	0.70307	0.58007	0.48570	0.42637	0.40613	0.42637	0.48570	0.58007	0.70307	0.84630	
1.00000	1.15448	1.29843	1.42204	1.51689	1.57652	1.59686	1.57652	1.51689	1.42204	1.29843	1.15448	1.00000	0.84552	0.70157	0.57796	0.48311	0.42348	0.40314	0.42348	0.48311	0.57796	0.70157	0.84552	
1.00000	1.15370	1.29693	1.41993	1.51430	1.57363	1.59387	1.57363	1.51430	1.41993	1.29693	1.15370	1.00000	0.84630	0.70307	0.58007	0.48570	0.42637	0.40613	0.42637	0.48570	0.58007	0.70307	0.84630	
1.00000	1.15136	1.29240	1.41352	1.50645	1.56487	1.58480	1.56487	1.50645	1.41352	1.29240	1.15136	1.00000	0.84864	0.70760	0.58648	0.49355	0.43513	0.41520	0.43513	0.49355	0.58648	0.70760	0.84864	
1.00000	1.14736	1.28468	1.40260	1.49309	1.54997	1.56937	1.54997	1.49309	1.40260	1.28468	1.14736	1.00000	0.85264	0.71532	0.59740	0.50691	0.45003	0.43063	0.45003	0.50691	0.59740	0.71532	0.85264	
1.00000	1.14158	1.27351	1.38681	1.47374	1.52839	1.54703	1.52839	1.47374	1.38681	1.27351	1.14158	1.00000	0.85842	0.72649	0.61319	0.52626	0.47161	0.45297	0.47161	0.52626	0.61319	0.72649	0.85842	
1.00000	1.13378	1.25845	1.36550	1.44764	1.49928	1.51689	1.49928	1.44764	1.36550	1.25845	1.13378	1.00000	0.86622	0.74155	0.63450	0.55236	0.50072	0.48311	0.50072	0.55236	0.63450	0.74155	0.86622	
1.00000	1.12358	1.23874	1.33763	1.41352	1.46122	1.47749	1.46122	1.41352	1.33763	1.23874	1.12358	1.00000	0.87642	0.76126	0.66237	0.58648	0.53878	0.52251	0.53878	0.58648	0.66237	0.76126	0.87642	
1.00000	1.11032	1.21312	1.30140	1.36914	1.41172	1.42624	1.41172	1.36914	1.30140	1.21312	1.11032	1.00000	0.88968	0.78688	0.69860	0.63086	0.58828	0.57376	0.58828	0.63086	0.69860	0.78688	0.88968	
1.00000	1.09269	1.17906	1.25323	1.31014	1.34591	1.35812	1.34591	1.31014	1.25323	1.17906	1.09269	1.00000	0.90731	0.82094	0.74677	0.68986	0.65409	0.64188	0.65409	0.68986	0.74677	0.82094	0.90731	
1.00000	1.06734	1.13008	1.18396	1.22531	1.25130	1.26016	1.25130	1.22531	1.18396	1.13008	1.06734	1.00000	0.93266	0.86992	0.81604	0.77469	0.74870	0.73984	0.74870	0.77469	0.81604	0.86992	0.93266	
1.00000	1.00000	1.00000	1.00000	1.00000	1.00000	1.00000	1.00000	1.00000	1.00000	1.00000	1.00000	1.00000	1.00000	1.00000	1.00000	1.00000	1.00000	1.00000	1.00000	1.00000	1.00000	1.00000	1.00000	
1.00000	1.00000	1.00000	1.00000	1.00000	1.00000	1.00000	1.00000	1.00000	1.00000	1.00000	1.00000	1.00000	1.00000	1.00000	1.00000	1.00000	1.00000	1.00000	1.00000	1.00000	1.00000	1.00000	1.00000	
1.00000	1.08015	1.15483	1.21896	1.26817	1.29911	1.30966	1.29911	1.26817	1.21896	1.15483	1.08015	1.00000	0.91985	0.84517	0.78104	0.73183	0.70089	0.69034	0.70089	0.73183	0.78104	0.84517	0.91985	
1.00000	1.11032	1.21312	1.30140	1.36914	1.41172	1.42624	1.41172	1.36914	1.30140	1.21312	1.11032	1.00000	0.88968	0.78688	0.69860	0.63086	0.58828	0.57376	0.58828	0.63086	0.69860	0.78688	0.88968	
1.00000	1.13131	1.25366	1.35874	1.43936	1.49004	1.50733	1.49004	1.43936	1.35874	1.25366	1.13131	1.00000	0.86869	0.74634	0.64126	0.56064	0.50996	0.49267	0.50996	0.56064	0.64126	0.74634	0.86869	
1.00000	1.14709	1.28416	1.40186	1.49218	1.54896	1.56832	1.54896	1.49218	1.40186	1.28416	1.14709	1.00000	0.85291	0.71584	0.59814	0.50782	0.45104	0.43168	0.45104	0.50782	0.59814	0.71584	0.85291	
1.00000	1.15923	1.30761	1.43503	1.53280	1.59426	1.61523	1.59426	1.53280	1.43503	1.30761	1.15923	1.00000	0.84077	0.69239	0.56497	0.46720	0.40574	0.38477	0.40574	0.46720	0.56497	0.69239	0.84077	
1.00000	1.16852	1.32555	1.46039	1.56387	1.62891	1.65110	1.62891	1.56387	1.46039	1.32555	1.16852	1.00000	0.83148	0.67445	0.53961	0.43613	0.37109	0.34890	0.37109	0.43613	0.53961	0.67445	0.83148	
1.00000	1.17540	1.33884	1.47919	1.58689	1.65459	1.67768	1.65459	1.58689	1.47919	1.33884	1.17540	1.00000	0.82460	0.66116	0.52081	0.41311	0.34541	0.32232	0.34541	0.41311	0.52081	0.66116	0.82460	
1.00000	1.18015	1.34803	1.49218	1.60280	1.67233	1.69605	1.67233	1.60280	1.49218	1.34803	1.18015	1.00000	0.81985	0.65197	0.50782	0.39720	0.32767	0.30395	0.32767	0.39720	0.50782	0.65197	0.81985	
1.00000	1.18294	1.35342	1.49981	1.61214	1.68276	1.70684	1.68276	1.61214	1.49981	1.35342	1.18294	1.00000	0.81706	0.64658	0.50019	0.38786	0.31724	0.29316	0.31724	0.38786	0.50019	0.64658	0.81706	
1.00000	1.18387	1.35520	1.50233	1.61523	1.68620	1.71040	1.68620	1.61523	1.50233	1.35520	1.18387	1.00000	0.81613	0.64480	0.49767	0.38477	0.31380	0.28960	0.31380	0.38477	0.49767	0.64480	0.81613	
1.00000	1.18294	1.35342	1.49981	1.61214	1.68276	1.70684	1.68276	1.61214	1.49981	1.35342	1.18294	1.00000	0.81706	0.64658	0.50019	0.38786	0.31724	0.29316	0.31724	0.38786	0.50019	0.64658	0.81706	
1.00000	1.18015	1.34803	1.49218	1.60280	1.67233	1.69605	1.67233	1.60280	1.49218	1.34803	1.18015	1.00000	0.81985	0.65197	0.50782	0.39720	0.32767	0.30395	0.32767	0.39720	0.50782	0.65197	0.81985	
1.00000	1.17540	1.33884	1.47919	1.58689	1.65459	1.67768	1.65459	1.58689	1.47919	1.33884	1.17540	1.00000	0.82460	0.66116	0.52081	0.41311	0.34541	0.32232	0.34541	0.41311	0.52081	0.66116	0.82460	
1.00000	1.16852	1.32555	1.46039	1.56387	1.62891	1.65110	1.62891	1.56387	1.46039	1.32555	1.16852	1.00000	0.83148	0.67445	0.53961	0.43613	0.37109	0.34890	0.37109	0.43613	0.53961	0.67445	0.83148	
1.00000	1.15923	1.30761	1.43503	1.53280	1.59426	1.61523	1.59426	1.53280	1.43503	1.30761	1.15923	1.00000	0.84077	0.69239	0.56497	0.46720	0.40574	0.38477	0.40574	0.46720	0.56497	0.69239	0.84077	
1.00000	1.14709	1.28416	1.40186	1.49218	1.54896	1.56832	1.54896	1.49218	1.40186	1.28416	1.14709	1.00000	0.85291	0.71584	0.59814	0.50782	0.45104	0.43168	0.45104	0.50782	0.59814	0.71584	0.85291	
1.00000	1.13131	1.25366	1.35874	1.43936	1.49004	1.50733	1.49004	1.43936	1.35874	1.25366	1.13131	1.00000	0.86869	0.74634	0.64126	0.56064	0.50996	0.49267	0.50996	0.56064	0.64126	0.74634	0.86869	
1.00000	1.11032	1.21312	1.30140	1.36914	1.41172	1.42624	1.41172	1.36914	1.30140	1.21312	1.11032	1.00000	0.88968	0.78688	0.69860	0.63086	0.58828	0.57376	0.58828	0.63086	0.69860	0.78688	0.88968	
1.00000	1.08015	1.15483	1.21896	1.26817	1.29911	1.30966	1.29911	1.26817	1.21896	1.15483	1.08015	1.00000	0.91985	0.84517	0.78104	0.73183	0.70089	0.69034	0.70089	0.73183	0.78104	0.84517	0.91985	
1.00000	1.00000	1.00000	1.00000	1.00000	1.00000	1.00000	1.00000	1.00000	1.00000	1.00000	1.00000	1.00000	1.00000	1.00000	1.00000	1.00000	1.00000	1.00000	1.00000	1.00000	1.00000	1.00000	1.00000	
1.00000	1.00000	1.00000	1.00000	1.00000	1.00000	1.00000	1.00000	1.00000	1.00000	1.00000	1.00000	1.00000	1.00000	1.00000	1.00000	1.00000	1.00000	1.00000	1.00000	1.00000	1.00000	1.00000	1.00000	
1.00000	1.08978	1.17344	1.24529	1.30041	1.33507	1.34689	1.33507	1.30041	1.24529	1.17344	1.08978	1.00000	0.91022	0.82656	0.75471	0.69959	0.66493	0.65311	0.66493	0.69959	0.75471	0.82656	0.91022	
1.00000	1.12358	1.23874	1.33763	1.41352	1.46122	1.47749	1.46122	1.41352	1.33763	1.23874	1.12358	1.00000	0.87642	0.76126	0.66237	0.58648	0.53878	0.52251	0.53878	0.58648	0.66237	0.76126	0.87642	
1.00000	1.14709	1.28416	1.40186	1.49218	1.54896	1.56832	1.54896	1.49218	1.40186	1.28416	1.14709	1.00000	0.85291	0.71584	0.59814	0.50782	0.45104	0.43168	0.45104	0.50782	0.59814	0.71584	0.85291	
1.00000	1.16478	1.31832	1.45018	1.55135	1.61496	1.63665	1.61496	1.55135	1.45018	1.31832	1.16478	1.00000	0.83522	0.68168	0.54982	0.44865	0.38504	0.36335	0.38504	0.44865	0.54982	0.68168	0.83522	
1.00000	1.17838	1.34460	1.48733	1.59686	1.66571	1.68919	1.66571	1.59686	1.48733	1.34460	1.17838	1.00000	0.82162	0.65540	0.51267	0.40314	0.33429	0.31081	0.33429	0.40314	0.51267	0.65540	0.82162	
1.00000	1.18878	1.36469	1.51574	1.63166	1.70452	1.72937	1.70452	1.63166	1.51574	1.36469	1.18878	1.00000	0.81122	0.63531	0.48426	0.36834	0.29548	0.27063	0.29548	0.36834	0.48426	0.63531	0.81122	
1.00000	1.19648	1.37958	1.53680	1.65745	1.73329	1.75916	1.73329	1.65745	1.53680	1.37958	1.19648	1.00000	0.80352	0.62042	0.46320	0.34255	0.26671	0.24084	0.26671	0.34255	0.46320	0.62042	0.80352	
1.00000	1.20181	1.38987	1.55135	1.67527	1.75316	1.77973	1.75316	1.67527	1.55135	1.38987	1.20181	1.00000	0.79819	0.61013	0.44865	0.32473	0.24684	0.22027	0.24684	0.32473	0.44865	0.61013	0.79819	
1.00000	1.20494	1.39591	1.55990	1.68574	1.76484	1.79182	1.76484	1.68574	1.55990	1.39591	1.20494	1.00000	0.79506	0.60409	0.44010	0.31426	0.23516	0.20818	0.23516	0.31426	0.44010	0.60409	0.79506	
1.00000	1.20597	1.39791	1.56272	1.68919	1.76869	1.79581	1.76869	1.68919	1.56272	1.39791	1.20597	1.00000	0.79403	0.60209	0.43728	0.31081	0.23131	0.20419	0.23131	0.31081	0.43728	0.60209	0.79403	
1.00000	1.20494	1.39591	1.55990	1.68574	1.76484	1.79182	1.76484	1.68574	1.55990	1.39591	1.20494	1.00000	0.79506	0.60409	0.44010	0.31426	0.23516	0.20818	0.23516	0.31426	0.44010	0.60409	0.79506	
1.00000	1.20181	1.38987	1.55135	1.67527	1.75316	1.77973	1.75316	1.67527	1.55135	1.38987	1.20181	1.00000	0.79819	0.61013	0.44865	0.32473	0.24684	0.22027	0.24684	0.32473	0.44865	0.61013	0.79819	
1.00000	1.19648	1.37958	1.53680	1.65745	1.73329	1.75916	1.73329	1.65745	1.53680	1.37958	1.19648	1.00000	0.80352	0.62042	0.46320	0.34255	0.26671	0.24084	0.26671	0.34255	0.46320	0.62042	0.80352	
1.00000	1.18878	1.36469	1.51574	1.63166	1.70452	1.72937	1.70452	1.63166	1.51574	1.36469	1.18878	1.00000	0.81122	0.63531	0.48426	0.36834	0.29548	0.27063	0.29548	0.36834	0.48426	0.63531	0.81122	
1.00000	1.17838	1.34460	1.48733	1.59686	1.66571	1.68919	1.66571	1.59686	1.48733	1.34460	1.17838	1.00000	0.82162	0.65540	0.51267	0.40314	0.33429	0.31081	0.33429	0.40314	0.51267	0.65540	0.82162	
1.00000	1.16478	1.31832	1.45018	1.55135	1.61496	1.63665	1.61496	1.55135	1.45018	1.31832	1.16478	1.00000	0.83522	0.68168	0.54982	0.44865	0.38504	0.36335	0.38504	0.44865	0.54982	0.68168	0.83522	
1.00000	1.14709	1.28416	1.40186	1.49218	1.54896	1.56832	1.54896	1.49218	1.40186	1.28416	1.14709	1.00000	0.85291	0.71584	0.59814	0.50782	0.45104	0.43168	0.45104	0.50782	0.59814	0.71584	0.85291	
1.00000	1.12358	1.23874	1.33763	1.41352	1.46122	1.47749	1.46122	1.41352	1.33763	1.23874	1.12358	1.00000	0.87642	0.76126	0.66237	0.58648	0.53878	0.52251	0.53878	0.58648	0.66237	0.76126	0.87642	
1.00000	1.08978	1.17344	1.24529	1.30041	1.33507	1.34689	1.33507	1.30041	1.24529	1.17344	1.08978	1.00000	0.91022	0.82656	0.75471	0.69959	0.66493	0.65311	0.66493	0.69959	0.75471	0.82656	0.91022	
1.00000	1.00000	1.00000	1.00000	1.00000	1.00000	1.00000	1.00000	1.00000	1.00000	1.00000	1.00000	1.00000	1.00000	1.00000	1.00000	1.00000	1.00000	1.00000	1.00000	1.00000	1.00000	1.00000	1.00000	
1.00000	1.00000	1.00000	1.00000	1.00000	1.00000	1.00000	1.00000	1.00000	1.00000	1.00000	1.00000	1.00000	1.00000	1.00000	1.00000	1.00000	1.00000	1.00000	1.00000	1.00000	1.00000	1.00000	1.00000	
1.00000	1.09719	1.18776	1.26553	1.32521	1.36272	1.37552	1.36272	1.32521	1.26553	1.18776	1.09719	1.00000	0.90281	0.81224	0.73447	0.67479	0.63728	0.62448	0.63728	0.67479	0.73447	0.81224	0.90281	
1.00000	1.13378	1.25845	1.36550	1.44764	1.49928	1.51689	1.49928	1.44764	1.36550	1.25845	1.13378	1.00000	0.86622	0.74155	0.63450	0.55236	0.50072	0.48311	0.50072	0.55236	0.63450	0.74155	0.86622	
1.00000	1.15923	1.30761	1.43503	1.53280	1.59426	1.61523	1.59426	1.53280	1.43503	1.30761	1.15923	1.00000	0.84077	0.69239	0.56497	0.46720	0.40574	0.38477	0.40574	0.46720	0.56497	0.69239	0.84077	
1.00000	1.17838	1.34460	1.48733	1.59686	1.66571	1.68919	1.66571	1.59686	1.48733	1.34460	1.17838	1.00000	0.82162	0.65540	0.51267	0.40314	0.33429	0.31081	0.33429	0.40314	0.51267	0.65540	0.82162	
1.00000	1.19310	1.37304	1.52755	1.64612	1.72065	1.74607	1.72065	1.64612	1.52755	1.37304	1.19310	1.00000	0.80690	0.62696	0.47245	0.35388	0.27935	0.25393	0.27935	0.35388	0.47245	0.62696	0.80690	
1.00000	1.20436	1.39478	1.55831	1.68379	1.76267	1.78957	1.76267	1.68379	1.55831	1.39478	1.20436	1.00000	0.79564	0.60522	0.44169	0.31621	0.23733	0.21043	0.23733	0.31621	0.44169	0.60522	0.79564	
1.00000	1.21270	1.41090	1.58111	1.71171	1.79381	1.82181	1.79381	1.71171	1.58111	1.41090	1.21270	1.00000	0.78730	0.58910	0.41889	0.28829	0.20619	0.17819	0.20619	0.28829	0.41889	0.58910	0.78730	
1.00000	1.21847	1.42204	1.59686	1.73100	1.81532	1.84409	1.81532	1.73100	1.59686	1.42204	1.21847	1.00000	0.78153	0.57796	0.40314	0.26900	0.18468	0.15591	0.18468	0.26900	0.40314	0.57796	0.78153	
1.00000	1.22185	1.42859	1.60611	1.74233	1.82797	1.85717	1.82797	1.74233	1.60611	1.42859	1.22185	1.00000	0.77815	0.57141	0.39389	0.25767	0.17203	0.14283	0.17203	0.25767	0.39389	0.57141	0.77815	
1.00000	1.22297	1.43075	1.60917	1.74607	1.83214	1.86149	1.83214	1.74607	1.60917	1.43075	1.22297	1.00000	0.77703	0.56925	0.39083	0.25393	0.16786	0.13851	0.16786	0.25393	0.39083	0.56925	0.77703	
1.00000	1.22185	1.42859	1.60611	1.74233	1.82797	1.85717	1.82797	1.74233	1.60611	1.42859	1.22185	1.00000	0.77815	0.57141	0.39389	0.25767	0.17203	0.14283	0.17203	0.25767	0.39389	0.57141	0.77815	
1.00000	1.21847	1.42204	1.59686	1.73100	1.81532	1.84409	1.81532	1.73100	1.59686	1.42204	1.21847	1.00000	0.78153	0.57796	0.40314	0.26900	0.18468	0.15591	0.18468	0.26900	0.40314	0.57796	0.78153	
1.00000	1.21270	1.41090	1.58111	1.71171	1.79381	1.82181	1.79381	1.71171	1.58111	1.41090	1.21270	1.00000	0.78730	0.58910	0.41889	0.28829	0.20619	0.17819	0.20619	0.28829	0.41889	0.58910	0.78730	
1.00000	1.20436	1.39478	1.55831	1.68379	1.76267	1.78957	1.76267	1.68379	1.55831	1.39478	1.20436	1.00000	0.79564	0.60522	0.44169	0.31621	0.23733	0.21043	0.23733	0.31621	0.44169	0.60522	0.79564	
1.00000	1.19310	1.37304	1.52755	1.64612	1.72065	1.74607	1.72065	1.64612	1.52755	1.37304	1.19310	1.00000	0.80690	0.62696	0.47245	0.35388	0.27935	0.25393	0.27935	0.35388	0.47245	0.62696	0.80690	
1.00000	1.17838	1.34460	1.48733	1.59686	1.66571	1.68919	1.66571	1.59686	1.48733	1.34460	1.17838	1.00000	0.82162	0.65540	0.51267	0.40314	0.33429	0.31081	0.33429	0.40314	0.51267	0.65540	0.82162	
1.00000	1.15923	1.30761	1.43503	1.53280	1.59426	1.61523	1.59426	1.53280	1.43503	1.30761	1.15923	1.00000	0.84077	0.69239	0.56497	0.46720	0.40574	0.38477	0.40574	0.46720	0.56497	0.69239	0.84077	
1.00000	1.13378	1.25845	1.36550	1.44764	1.49928	1.51689	1.49928	1.44764	1.36550	1.25845	1.13378	1.00000	0.86622	0.74155	0.63450	0.55236	0.50072	0.48311	0.50072	0.55236	0.63450	0.74155	0.86622	
1.00000	1.09719	1.18776	1.26553	1.32521	1.36272	1.37552	1.36272	1.32521	1.26553	1.18776	1.09719	1.00000	0.90281	0.81224	0.73447	0.67479	0.63728	0.62448	0.63728	0.67479	0.73447	0.81224	0.90281	
1.00000	1.00000	1.00000	1.00000	1.00000	1.00000	1.00000	1.00000	1.00000	1.00000	1.00000	1.00000	1.00000	1.00000	1.00000	1.00000	1.00000	1.00000	1.00000	1.00000	1.00000	1.00000	1.00000	1.00000	
1.00000	1.00000	1.00000	1.00000	1.00000	1.00000	1.00000	1.00000	1.00000	1.00000	1.00000	1.00000	1.00000	1.00000	1.00000	1.00000	1.00000	1.00000	1.00000	1.00000	1.00000	1.00000	1.00000	1.00000	
1.00000	1.10286	1.19870	1.28101	1.34417	1.38387	1.39741	1.38387	1.34417	1.28101	1.19870	1.10286	1.00000	0.89714	0.80130	0.71899	0.65583	0.61613	0.60259	0.61613	0.65583	0.71899	0.80130	0.89714	
1.00000	1.14158	1.27351	1.38681	1.47374	1.52839	1.54703	1.52839	1.47374	1.38681	1.27351	1.14158	1.00000	0.85842	0.72649	0.61319	0.52626	0.47161	0.45297	0.47161	0.52626	0.61319	0.72649	0.85842	
1.00000	1.16852	1.32555	1.46039	1.56387	1.62891	1.65110	1.62891	1.56387	1.46039	1.32555	1.16852	1.00000	0.83148	0.67445	0.53961	0.43613	0.37109	0.34890	0.37109	0.43613	0.53961	0.67445	0.83148	
1.00000	1.18878	1.36469	1.51574	1.63166	1.70452	1.72937	1.70452	1.63166	1.51574	1.36469	1.18878	1.00000	0.81122	0.63531	0.48426	0.36834	0.29548	0.27063	0.29548	0.36834	0.48426	0.63531	0.81122	
1.00000	1.20436	1.39478	1.55831	1.68379	1.76267	1.78957	1.76267	1.68379	1.55831	1.39478	1.20436	1.00000	0.79564	0.60522	0.44169	0.31621	0.23733	0.21043	0.23733	0.31621	0.44169	0.60522	0.79564	
1.00000	1.21627	1.41780	1.59086	1.72365	1.80713	1.83560	1.80713	1.72365	1.59086	1.41780	1.21627	1.00000	0.78373	0.58220	0.40914	0.27635	0.19287	0.16440	0.19287	0.27635	0.40914	0.58220	0.78373	
1.00000	1.22510	1.43486	1.61499	1.75320	1.84009	1.86972	1.84009	1.75320	1.61499	1.43486	1.22510	1.00000	0.77490	0.56514	0.38501	0.24680	0.15991	0.13028	0.15991	0.24680	0.38501	0.56514	0.77490	
1.00000	1.23120	1.44665	1.63166	1.77362	1.86286	1.89330	1.86286	1.77362	1.63166	1.44665	1.23120	1.00000	0.76880	0.55335	0.36834	0.22638	0.13714	0.10670	0.13714	0.22638	0.36834	0.55335	0.76880	
1.00000	1.23479	1.45357	1.64145	1.78561	1.87624	1.90715	1.87624	1.78561	1.64145	1.45357	1.23479	1.00000	0.76521	0.54643	0.35855	0.21439	0.12376	0.09285	0.12376	0.21439	0.35855	0.54643	0.76521	
1.00000	1.23597	1.45586	1.64468	1.78957	1.88065	1.91172	1.88065	1.78957	1.64468	1.45586	1.23597	1.00000	0.76403	0.54414	0.35532	0.21043	0.11935	0.08828	0.11935	0.21043	0.35532	0.54414	0.76403	
1.00000	1.23479	1.45357	1.64145	1.78561	1.87624	1.90715	1.87624	1.78561	1.64145	1.45357	1.23479	1.00000	0.76521	0.54643	0.35855	0.21439	0.12376	0.09285	0.12376	0.21439	0.35855	0.54643	0.76521	
1.00000	1.23120	1.44665	1.63166	1.77362	1.86286	1.89330	1.86286	1.77362	1.63166	1.44665	1.23120	1.00000	0.76880	0.55335	0.36834	0.22638	0.13714	0.10670	0.13714	0.22638	0.36834	0.55335	0.76880	
1.00000	1.22510	1.43486	1.61499	1.75320	1.84009	1.86972	1.84009	1.75320	1.61499	1.43486	1.22510	1.00000	0.77490	0.56514	0.38501	0.24680	0.15991	0.13028	0.15991	0.24680	0.38501	0.56514	0.77490	
1.00000	1.21627	1.41780	1.59086	1.72365	1.80713	1.83560	1.80713	1.72365	1.59086	1.41780	1.21627	1.00000	0.78373	0.58220	0.40914	0.27635	0.19287	0.16440	0.19287	0.27635	0.40914	0.58220	0.78373	
1.00000	1.20436	1.39478	1.55831	1.68379	1.76267	1.78957	1.76267	1.68379	1.55831	1.39478	1.20436	1.00000	0.79564	0.60522	0.44169	0.31621	0.23733	0.21043	0.23733	0.31621	0.44169	0.60522	0.79564	
1.00000	1.18878	1.36469	1.51574	1.63166	1.70452	1.72937	1.70452	1.63166	1.51574	1.36469	1.18878	1.00000	0.81122	0.63531	0.48426	0.36834	0.29548	0.27063	0.29548	0.36834	0.48426	0.63531	0.81122	
1.00000	1.16852	1.32555	1.46039	1.56387	1.62891	1.65110	1.62891	1.56387	1.46039	1.32555	1.16852	1.00000	0.83148	0.67445	0.53961	0.43613	0.37109	0.34890	0.37109	0.43613	0.53961	0.67445	0.83148	
1.00000	1.14158	1.27351	1.38681	1.47374	1.52839	1.54703	1.52839	1.47374	1.38681	1.27351	1.14158	1.00000	0.85842	0.72649	0.61319	0.52626	0.47161	0.45297	0.47161	0.52626	0.61319	0.72649	0.85842	
1.00000	1.10286	1.19870	1.28101	1.34417	1.38387	1.39741	1.38387	1.34417	1.28101	1.19870	1.10286	1.00000	0.89714	0.80130	0.71899	0.65583	0.61613	0.60259	0.61613	0.65583	0.71899	0.80130	0.89714	
1.00000	1.00000	1.00000	1.00000	1.00000	1.00000	1.00000	1.00000	1.00000	1.00000	1.00000	1.00000	1.00000	1.00000	1.00000	1.00000	1.00000	1.00000	1.00000	1.00000	1.00000	1.00000	1.00000	1.00000	
1.00000	1.00000	1.00000	1.00000	1.00000	1.00000	1.00000	1.00000	1.00000	1.00000	1.00000	1.00000	1.00000	1.00000	1.00000	1.00000	1.00000	1.00000	1.00000	1.00000	1.00000	1.00000	1.00000	1.00000	
1.00000	1.10706	1.20682	1.29248	1.35822	1.39954	1.41364	1.39954	1.35822	1.29248	1.20682	1.10706	1.00000	0.89294	0.79318	0.70752	0.64178	0.60046	0.58636	0.60046	0.64178	0.70752	0.79318	0.89294	
1.00000	1.14736	1.28468	1.40260	1.49309	1.54997	1.56937	1.54997	1.49309	1.40260	1.28468	1.14736	1.00000	0.85264	0.71532	0.59740	0.50691	0.45003	0.43063	0.45003	0.50691	0.59740	0.71532	0.85264	
1.00000	1.17540	1.33884	1.47919	1.58689	1.65459	1.67768	1.65459	1.58689	1.47919	1.33884	1.17540	1.00000	0.82460	0.66116	0.52081	0.41311	0.34541	0.32232	0.34541	0.41311	0.52081	0.66116	0.82460	
1.00000	1.19648	1.37958	1.53680	1.65745	1.73329	1.75916	1.73329	1.65745	1.53680	1.37958	1.19648	1.00000	0.80352	0.62042	0.46320	0.34255	0.26671	0.24084	0.26671	0.34255	0.46320	0.62042	0.80352	
1.00000	1.21270	1.41090	1.58111	1.71171	1.79381	1.82181	1.79381	1.71171	1.58111	1.41090	1.21270	1.00000	0.78730	0.58910	0.41889	0.28829	0.20619	0.17819	0.20619	0.28829	0.41889	0.58910	0.78730	
1.00000	1.22510	1.43486	1.61499	1.75320	1.84009	1.86972	1.84009	1.75320	1.61499	1.43486	1.22510	1.00000	0.77490	0.56514	0.38501	0.24680	0.15991	0.13028	0.15991	0.24680	0.38501	0.56514	0.77490	
1.00000	1.23429	1.45262	1.64010	1.78396	1.87439	1.90524	1.87439	1.78396	1.64010	1.45262	1.23429	1.00000	0.76571	0.54738	0.35990	0.21604	0.12561	0.09476	0.12561	0.21604	0.35990	0.54738	0.76571	
1.00000	1.24064	1.46489	1.65745	1.80521	1.89809	1.92977	1.89809	1.80521	1.65745	1.46489	1.24064	1.00000	0.75936	0.53511	0.34255	0.19479	0.10191	0.07023	0.10191	0.19479	0.34255	0.53511	0.75936	
1.00000	1.24437	1.47209	1.66764	1.81769	1.91202	1.94419	1.91202	1.81769	1.66764	1.47209	1.24437	1.00000	0.75563	0.52791	0.33236	0.18231	0.08798	0.05581	0.08798	0.18231	0.33236	0.52791	0.75563	
1.00000	1.24560	1.47447	1.67100	1.82181	1.91661	1.94894	1.91661	1.82181	1.67100	1.47447	1.24560	1.00000	0.75440	0.52553	0.32900	0.17819	0.08339	0.05106	0.08339	0.17819	0.32900	0.52553	0.75440	
1.00000	1.24437	1.47209	1.66764	1.81769	1.91202	1.94419	1.91202	1.81769	1.66764	1.47209	1.24437	1.00000	0.75563	0.52791	0.33236	0.18231	0.08798	0.05581	0.08798	0.18231	0.33236	0.52791	0.75563	
1.00000	1.24064	1.46489	1.65745	1.80521	1.89809	1.92977	1.89809	1.80521	1.65745	1.46489	1.24064	1.00000	0.75936	0.53511	0.34255	0.19479	0.10191	0.07023	0.10191	0.19479	0.34255	0.53511	0.75936	
1.00000	1.23429	1.45262	1.64010	1.78396	1.87439	1.90524	1.87439	1.78396	1.64010	1.45262	1.23429	1.00000	0.76571	0.54738	0.35990	0.21604	0.12561	0.09476	0.12561	0.21604	0.35990	0.54738	0.76571	
1.00000	1.22510	1.43486	1.61499	1.75320	1.84009	1.86972	1.84009	1.75320	1.61499	1.43486	1.22510	1.00000	0.77490	0.56514	0.38501	0.24680	0.15991	0.13028	0.15991	0.24680	0.38501	0.56514	0.77490	
1.00000	1.21270	1.41090	1.58111	1.71171	1.79381	1.82181	1.79381	1.71171	1.58111	1.41090	1.21270	1.00000	0.78730	0.58910	0.41889	0.28829	0.20619	0.17819	0.20619	0.28829	0.41889	0.58910	0.78730	
1.00000	1.19648	1.37958	1.53680	1.65745	1.73329	1.75916	1.73329	1.65745	1.53680	1.37958	1.19648	1.00000	0.80352	0.62042	0.46320	0.34255	0.26671	0.24084	0.26671	0.34255	0.46320	0.62042	0.80352	
1.00000	1.17540	1.33884	1.47919	1.58689	1.65459	1.67768	1.65459	1.58689	1.47919	1.33884	1.17540	1.00000	0.82460	0.66116	0.52081	0.41311	0.34541	0.32232	0.34541	0.41311	0.52081	0.66116	0.82460	
1.00000	1.14736	1.28468	1.40260	1.49309	1.54997	1.56937	1.54997	1.49309	1.40260	1.28468	1.14736	1.00000	0.85264	0.71532	0.59740	0.50691	0.45003	0.43063	0.45003	0.50691	0.59740	0.71532	0.85264	
1.00000	1.10706	1.20682	1.29248	1.35822	1.39954	1.41364	1.39954	1.35822	1.29248	1.20682	1.10706	1.00000	0.89294	0.79318	0.70752	0.64178	0.60046	0.58636	0.60046	0.64178	0.70752	0.79318	0.89294	
1.00000	1.00000	1.00000	1.00000	1.00000	1.00000	1.00000	1.00000	1.00000	1.00000	1.00000	1.00000	1.00000	1.00000	1.00000	1.00000	1.00000	1.00000	1.00000	1.00000	1.00000	1.00000	1.00000	1.00000	
1.00000	1.00000	1.00000	1.00000	1.00000	1.00000	1.00000	1.00000	1.00000	1.00000	1.00000	1.00000	1.00000	1.00000	1.00000	1.00000	1.00000	1.00000	1.00000	1.00000	1.00000	1.00000	1.00000	1.00000	
1.00000	1.10996	1.21242	1.30041	1.36793	1.41037	1.42485	1.41037	1.36793	1.30041	1.21242	1.10996	1.00000	0.89004	0.78758	0.69959	0.63207	0.58963	0.57515	0.58963	0.63207	0.69959	0.78758	0.89004	
1.00000	1.15136	1.29240	1.41352	1.50645	1.56487	1.58480	1.56487	1.50645	1.41352	1.29240	1.15136	1.00000	0.84864	0.70760	0.58648	0.49355	0.43513	0.41520	0.43513	0.49355	0.58648	0.70760	0.84864	
1.00000	1.18015	1.34803	1.49218	1.60280	1.67233	1.69605	1.67233	1.60280	1.49218	1.34803	1.18015	1.00000	0.81985	0.65197	0.50782	0.39720	0.32767	0.30395	0.32767	0.39720	0.50782	0.65197	0.81985	
1.00000	1.20181	1.38987	1.55135	1.67527	1.75316	1.77973	1.75316	1.67527	1.55135	1.38987	1.20181	1.00000	0.79819	0.61013	0.44865	0.32473	0.24684	0.22027	0.24684	0.32473	0.44865	0.61013	0.79819	
1.00000	1.21847	1.42204	1.59686	1.73100	1.81532	1.84409	1.81532	1.73100	1.59686	1.42204	1.21847	1.00000	0.78153	0.57796	0.40314	0.26900	0.18468	0.15591	0.18468	0.26900	0.40314	0.57796	0.78153	
1.00000	1.23120	1.44665	1.63166	1.77362	1.86286	1.89330	1.86286	1.77362	1.63166	1.44665	1.23120	1.00000	0.76880	0.55335	0.36834	0.22638	0.13714	0.10670	0.13714	0.22638	0.36834	0.55335	0.76880	
1.00000	1.24064	1.46489	1.65745	1.80521	1.89809	1.92977	1.89809	1.80521	1.65745	1.46489	1.24064	1.00000	0.75936	0.53511	0.34255	0.19479	0.10191	0.07023	0.10191	0.19479	0.34255	0.53511	0.75936	
1.00000	1.24717	1.47749	1.67527	1.82703	1.92243	1.95497	1.92243	1.82703	1.67527	1.47749	1.24717	1.00000	0.75283	0.52251	0.32473	0.17297	0.07757	0.04503	0.07757	0.17297	0.32473	0.52251	0.75283	
1.00000	1.25100	1.48489	1.68574	1.83985	1.93674	1.96978	1.93674	1.83985	1.68574	1.48489	1.25100	1.00000	0.74900	0.51511	0.31426	0.16015	0.06326	0.03022	0.06326	0.16015	0.31426	0.51511	0.74900	
1.00000	1.25226	1.48733	1.68919	1.84409	1.94145	1.97467	1.94145	1.84409	1.68919	1.48733	1.25226	1.00000	0.74774	0.51267	0.31081	0.15591	0.05855	0.02533	0.05855	0.15591	0.31081	0.51267	0.74774	
1.00000	1.25100	1.48489	1.68574	1.83985	1.93674	1.96978	1.93674	1.83985	1.68574	1.48489	1.25100	1.00000	0.74900	0.51511	0.31426	0.16015	0.06326	0.03022	0.06326	0.16015	0.31426	0.51511	0.74900	
1.00000	1.24717	1.47749	1.67527	1.82703	1.92243	1.95497	1.92243	1.82703	1.67527	1.47749	1.24717	1.00000	0.75283	0.52251	0.32473	0.17297	0.07757	0.04503	0.07757	0.17297	0.32473	0.52251	0.75283	
1.00000	1.24064	1.46489	1.65745	1.80521	1.89809	1.92977	1.89809	1.80521	1.65745	1.46489	1.24064	1.00000	0.75936	0.53511	0.34255	0.19479	0.10191	0.07023	0.10191	0.19479	0.34255	0.53511	0.75936	
1.00000	1.23120	1.44665	1.63166	1.77362	1.86286	1.89330	1.86286	1.77362	1.63166	1.44665	1.23120	1.00000	0.76880	0.55335	0.36834	0.22638	0.13714	0.10670	0.13714	0.22638	0.36834	0.55335	0.76880	
1.00000	1.21847	1.42204	1.59686	1.73100	1.81532	1.84409	1.81532	1.73100	1.59686	1.42204	1.21847	1.00000	0.78153	0.57796	0.40314	0.26900	0.18468	0.15591	0.18468	0.26900	0.40314	0.57796	0.78153	
1.00000	1.20181	1.38987	1.55135	1.67527	1.75316	1.77973	1.75316	1.67527	1.55135	1.38987	1.20181	1.00000	0.79819	0.61013	0.44865	0.32473	0.24684	0.22027	0.24684	0.32473	0.44865	0.61013	0.79819	
1.00000	1.18015	1.34803	1.49218	1.60280	1.67233	1.69605	1.67233	1.60280	1.49218	1.34803	1.18015	1.00000	0.81985	0.65197	0.50782	0.39720	0.32767	0.30395	0.32767	0.39720	0.50782	0.65197	0.81985	
1.00000	1.15136	1.29240	1.41352	1.50645	1.56487	1.58480	1.56487	1.50645	1.41352	1.29240	1.15136	1.00000	0.84864	0.70760	0.58648	0.49355	0.43513	0.41520	0.43513	0.49355	0.58648	0.70760	0.84864	
1.00000	1.10996	1.21242	1.30041	1.36793	1.41037	1.42485	1.41037	1.36793	1.30041	1.21242	1.10996	1.00000	0.89004	0.78758	0.69959	0.63207	0.58963	0.57515	0.58963	0.63207	0.69959	0.78758	0.89004	
1.00000	1.00000	1.00000	1.00000	1.00000	1.00000	1.00000	1.00000	1.00000	1.00000	1.00000	1.00000	1.00000	1.00000	1.00000	1.00000	1.00000	1.00000	1.00000	1.00000	1.00000	1.00000	1.00000	1.00000	
1.00000	1.00000	1.00000	1.00000	1.00000	1.00000	1.00000	1.00000	1.00000	1.00000	1.00000	1.00000	1.00000	1.00000	1.00000	1.00000	1.00000	1.00000	1.00000	1.00000	1.00000	1.00000	1.00000	1.00000	
1.00000	1.11166	1.21572	1.30507	1.37363	1.41673	1.43143	1.41673	1.37363	1.30507	1.21572	1.11166	1.00000	0.88834	0.78428	0.69493	0.62637	0.58327	0.56857	0.58327	0.62637	0.69493	0.78428	0.88834	
1.00000	1.15370	1.29693	1.41993	1.51430	1.57363	1.59387	1.57363	1.51430	1.41993	1.29693	1.15370	1.00000	0.84630	0.70307	0.58007	0.48570	0.42637	0.40613	0.42637	0.48570	0.58007	0.70307	0.84630	
1.00000	1.18294	1.35342	1.49981	1.61214	1.68276	1.70684	1.68276	1.61214	1.49981	1.35342	1.18294	1.00000	0.81706	0.64658	0.50019	0.38786	0.31724	0.29316	0.31724	0.38786	0.50019	0.64658	0.81706	
1.00000	1.20494	1.39591	1.55990	1.68574	1.76484	1.79182	1.76484	1.68574	1.55990	1.39591	1.20494	1.00000	0.79506	0.60409	0.44010	0.31426	0.23516	0.20818	0.23516	0.31426	0.44010	0.60409	0.79506	
1.00000	1.22185	1.42859	1.60611	1.74233	1.82797	1.85717	1.82797	1.74233	1.60611	1.42859	1.22185	1.00000	0.77815	0.57141	0.39389	0.25767	0.17203	0.14283	0.17203	0.25767	0.39389	0.57141	0.77815	
1.00000	1.23479	1.45357	1.64145	1.78561	1.87624	1.90715	1.87624	1.78561	1.64145	1.45357	1.23479	1.00000	0.76521	0.54643	0.35855	0.21439	0.12376	0.09285	0.12376	0.21439	0.35855	0.54643	0.76521	
1.00000	1.24437	1.47209	1.66764	1.81769	1.91202	1.94419	1.91202	1.81769	1.66764	1.47209	1.24437	1.00000	0.75563	0.52791	0.33236	0.18231	0.08798	0.05581	0.08798	0.18231	0.33236	0.52791	0.75563	
1.00000	1.25100	1.48489	1.68574	1.83985	1.93674	1.96978	1.93674	1.83985	1.68574	1.48489	1.25100	1.00000	0.74900	0.51511	0.31426	0.16015	0.06326	0.03022	0.06326	0.16015	0.31426	0.51511	0.74900	
1.00000	1.25489	1.49241	1.69637	1.85288	1.95126	1.98482	1.95126	1.85288	1.69637	1.49241	1.25489	1.00000	0.74511	0.50759	0.30363	0.14712	0.04874	0.01518	0.04874	0.14712	0.30363	0.50759	0.74511	
1.00000	1.25617	1.49489	1.69988	1.85717	1.95605	1.98978	1.95605	1.85717	1.69988	1.49489	1.25617	1.00000	0.74383	0.50511	0.30012	0.14283	0.04395	0.01022	0.04395	0.14283	0.30012	0.50511	0.74383	
1.00000	1.25489	1.49241	1.69637	1.85288	1.95126	1.98482	1.95126	1.85288	1.69637	1.49241	1.25489	1.00000	0.74511	0.50759	0.30363	0.14712	0.04874	0.01518	0.04874	0.14712	0.30363	0.50759	0.74511	
1.00000	1.25100	1.48489	1.68574	1.83985	1.93674	1.96978	1.93674	1.83985	1.68574	1.48489	1.25100	1.00000	0.74900	0.51511	0.31426	0.16015	0.06326	0.03022	0.06326	0.16015	0.31426	0.51511	0.74900	
1.00000	1.24437	1.47209	1.66764	1.81769	1.91202	1.94419	1.91202	1.81769	1.66764	1.47209	1.24437	1.00000	0.75563	0.52791	0.33236	0.18231	0.08798	0.05581	0.08798	0.18231	0.33236	0.52791	0.75563	
1.00000	1.23479	1.45357	1.64145	1.78561	1.87624	1.90715	1.87624	1.78561	1.64145	1.45357	1.23479	1.00000	0.76521	0.54643	0.35855	0.21439	0.12376	0.09285	0.12376	0.21439	0.35855	0.54643	0.76521	
1.00000	1.22185	1.42859	1.60611	1.74233	1.82797	1.85717	1.82797	1.74233	1.60611	1.42859	1.22185	1.00000	0.77815	0.57141	0.39389	0.25767	0.17203	0.14283	0.17203	0.25767	0.39389	0.57141	0.77815	
1.00000	1.20494	1.39591	1.55990	1.68574	1.76484	1.79182	1.76484	1.68574	1.55990	1.39591	1.20494	1.00000	0.79506	0.60409	0.44010	0.31426	0.23516	0.20818	0.23516	0.31426	0.44010	0.60409	0.79506	
1.00000	1.18294	1.35342	1.49981	1.61214	1.68276	1.70684	1.68276	1.61214	1.49981	1.35342	1.18294	1.00000	0.81706	0.64658	0.50019	0.38786	0.31724	0.29316	0.31724	0.38786	0.50019	0.64658	0.81706	
1.00000	1.15370	1.29693	1.41993	1.51430	1.57363	1.59387	1.57363	1.51430	1.41993	1.29693	1.15370	1.00000	0.84630	0.70307	0.58007	0.48570	0.42637	0.40613	0.42637	0.48570	0.58007	0.70307	0.84630	
1.00000	1.11166	1.21572	1.30507	1.37363	1.41673	1.43143	1.41673	1.37363	1.30507	1.21572	1.11166	1.00000	0.88834	0.78428	0.69493	0.62637	0.58327	0.56857	0.58327	0.62637	0.69493	0.78428	0.88834	
1.00000	1.00000	1.00000	1.00000	1.00000	1.00000	1.00000	1.00000	1.00000	1.00000	1.00000	1.00000	1.00000	1.00000	1.00000	1.00000	1.00000	1.00000	1.00000	1.00000	1.00000	1.00000	1.00000	1.00000	
1.00000	1.00000	1.00000	1.00000	1.00000	1.00000	1.00000	1.00000	1.00000	1.00000	1.00000	1.00000	1.00000	1.00000	1.00000	1.00000	1.00000	1.00000	1.00000	1.00000	1.00000	1.00000	1.00000	1.00000	
1.00000	1.11223	1.21680	1.30661	1.37552	1.41883	1.43361	1.41883	1.37552	1.30661	1.21680	1.11223	1.00000	0.88777	0.78320	0.69339	0.62448	0.58117	0.56639	0.58117	0.62448	0.69339	0.78320	0.88777	
1.00000	1.15448	1.29843	1.42204	1.51689	1.57652	1.59686	1.57652	1.51689	1.42204	1.29843	1.15448	1.00000	0.84552	0.70157	0.57796	0.48311	0.42348	0.40314	0.42348	0.48311	0.57796	0.70157	0.84552	
1.00000	1.18387	1.35520	1.50233	1.61523	1.68620	1.71040	1.68620	1.61523	1.50233	1.35520	1.18387	1.00000	0.81613	0.64480	0.49767	0.38477	0.31380	0.28960	0.31380	0.38477	0.49767	0.64480	0.81613	
1.00000	1.20597	1.39791	1.56272	1.68919	1.76869	1.79581	1.76869	1.68919	1.56272	1.39791	1.20597	1.00000	0.79403	0.60209	0.43728	0.31081	0.23131	0.20419	0.23131	0.31081	0.43728	0.60209	0.79403	
1.00000	1.22297	1.43075	1.60917	1.74607	1.83214	1.86149	1.83214	1.74607	1.60917	1.43075	1.22297	1.00000	0.77703	0.56925	0.39083	0.25393	0.16786	0.13851	0.16786	0.25393	0.39083	0.56925	0.77703	
1.00000	1.23597	1.45586	1.64468	1.78957	1.88065	1.91172	1.88065	1.78957	1.64468	1.45586	1.23597	1.00000	0.76403	0.54414	0.35532	0.21043	0.11935	0.08828	0.11935	0.21043	0.35532	0.54414	0.76403	
1.00000	1.24560	1.47447	1.67100	1.82181	1.91661	1.94894	1.91661	1.82181	1.67100	1.47447	1.24560	1.00000	0.75440	0.52553	0.32900	0.17819	0.08339	0.05106	0.08339	0.17819	0.32900	0.52553	0.75440	
1.00000	1.25226	1.48733	1.68919	1.84409	1.94145	1.97467	1.94145	1.84409	1.68919	1.48733	1.25226	1.00000	0.74774	0.51267	0.31081	0.15591	0.05855	0.02533	0.05855	0.15591	0.31081	0.51267	0.74774	
1.00000	1.25617	1.49489	1.69988	1.85717	1.95605	1.98978	1.95605	1.85717	1.69988	1.49489	1.25617	1.00000	0.74383	0.50511	0.30012	0.14283	0.04395	0.01022	0.04395	0.14283	0.30012	0.50511	0.74383	
1.00000	1.25746	1.49738	1.70340	1.86149	1.96087	1.99476	1.96087	1.86149	1.70340	1.49738	1.25746	1.00000	0.74254	0.50262	0.29660	0.13851	0.03913	0.00524	0.03913	0.13851	0.29660	0.50262	0.74254	
1.00000	1.25617	1.49489	1.69988	1.85717	1.95605	1.98978	1.95605	1.85717	1.69988	1.49489	1.25617	1.00000	0.74383	0.50511	0.30012	0.14283	0.04395	0.01022	0.04395	0.14283	0.30012	0.50511	0.74383	
1.00000	1.25226	1.48733	1.68919	1.84409	1.94145	1.97467	1.94145	1.84409	1.68919	1.48733	1.25226	1.00000	0.74774	0.51267	0.31081	0.15591	0.05855	0.02533	0.05855	0.15591	0.31081	0.51267	0.74774	
1.00000	1.24560	1.47447	1.67100	1.82181	1.91661	1.94894	1.91661	1.82181	1.67100	1.47447	1.24560	1.00000	0.75440	0.52553	0.32900	0.17819	0.08339	0.05106	0.08339	0.17819	0.32900	0.52553	0.75440	
1.00000	1.23597	1.45586	1.64468	1.78957	1.88065	1.91172	1.88065	1.78957	1.64468	1.45586	1.23597	1.00000	0.76403	0.54414	0.35532	0.21043	0.11935	0.08828	0.11935	0.21043	0.35532	0.54414	0.76403	
1.00000	1.22297	1.43075	1.60917	1.74607	1.83214	1.86149	1.83214	1.74607	1.60917	1.43075	1.22297	1.00000	0.77703	0.56925	0.39083	0.25393	0.16786	0.13851	0.16786	0.25393	0.39083	0.56925	0.77703	
1.00000	1.20597	1.39791	1.56272	1.68919	1.76869	1.79581	1.76869	1.68919	1.56272	1.39791	1.20597	1.00000	0.79403	0.60209	0.43728	0.31081	0.23131	0.20419	0.23131	0.31081	0.43728	0.60209	0.79403	
1.00000	1.18387	1.35520	1.50233	1.61523	1.68620	1.71040	1.68620	1.61523	1.50233	1.35520	1.18387	1.00000	0.81613	0.64480	0.49767	0.38477	0.31380	0.28960	0.31380	0.38477	0.49767	0.64480	0.81613	
1.00000	1.15448	1.29843	1.42204	1.51689	1.57652	1.59686	1.57652	1.51689	1.42204	1.29843	1.15448	1.00000	0.84552	0.70157	0.57796	0.48311	0.42348	0.40314	0.42348	0.48311	0.57796	0.70157	0.84552	
1.00000	1.11223	1.21680	1.30661	1.37552	1.41883	1.43361	1.41883	1.37552	1.30661	1.21680	1.11223	1.00000	0.88777	0.78320	0.69339	0.62448	0.58117	0.56639	0.58117	0.62448	0.69339	0.78320	0.88777	
1.00000	1.00000	1.00000	1.00000	1.00000	1.00000	1.00000	1.00000	1.00000	1.00000	1.00000	1.00000	1.00000	1.00000	1.00000	1.00000	1.00000	1.00000	1.00000	1.00000	1.00000	1.00000	1.00000	1.00000	
1.00000	1.00000	1.00000	1.00000	1.00000	1.00000	1.00000	1.00000	1.00000	1.00000	1.00000	1.00000	1.00000	1.00000	1.00000	1.00000	1.00000	1.00000	1.00000	1.00000	1.00000	1.00000	1.00000	1.00000	
1.00000	1.11166	1.21572	1.30507	1.37363	1.41673	1.43143	1.41673	1.37363	1.30507	1.21572	1.11166	1.00000	0.88834	0.78428	0.69493	0.62637	0.58327	0.56857	0.58327	0.62637	0.69493	0.78428	0.88834	
1.00000	1.15370	1.29693	1.41993	1.51430	1.57363	1.59387	1.57363	1.51430	1.41993	1.29693	1.15370	1.00000	0.84630	0.70307	0.58007	0.48570	0.42637	0.40613	0.42637	0.48570	0.58007	0.70307	0.84630	
1.00000	1.18294	1.35342	1.49981	1.61214	1.68276	1.70684	1.68276	1.61214	1.49981	1.35342	1.18294	1.00000	0.81706	0.64658	0.50019	0.38786	0.31724	0.29316	0.31724	0.38786	0.50019	0.64658	0.81706	
1.00000	1.20494	1.39591	1.55990	1.68574	1.76484	1.79182	1.76484	1.68574	1.55990	1.39591	1.20494	1.00000	0.79506	0.60409	0.44010	0.31426	0.23516	0.20818	0.23516	0.31426	0.44010	0.60409	0.79506	
1.00000	1.22185	1.42859	1.60611	1.74233	1.82797	1.85717	1.82797	1.74233	1.60611	1.42859	1.22185	1.00000	0.77815	0.57141	0.39389	0.25767	0.17203	0.14283	0.17203	0.25767	0.39389	0.57141	0.77815	
1.00000	1.23479	1.45357	1.64145	1.78561	1.87624	1.90715	1.87624	1.78561	1.64145	1.45357	1.23479	1.00000	0.76521	0.54643	0.35855	0.21439	0.12376	0.09285	0.12376	0.21439	0.35855	0.54643	0.76521	
1.00000	1.24437	1.47209	1.66764	1.81769	1.91202	1.94419	1.91202	1.81769	1.66764	1.47209	1.24437	1.00000	0.75563	0.52791	0.33236	0.18231	0.08798	0.05581	0.08798	0.18231	0.33236	0.52791	0.75563	
1.00000	1.25100	1.48489	1.68574	1.83985	1.93674	1.96978	1.93674	1.83985	1.68574	1.48489	1.25100	1.00000	0.74900	0.51511	0.31426	0.16015	0.06326	0.03022	0.06326	0.16015	0.31426	0.51511	0.74900	
1.00000	1.25489	1.49241	1.69637	1.85288	1.95126	1.98482	1.95126	1.85288	1.69637	1.49241	1.25489	1.00000	0.74511	0.50759	0.30363	0.14712	0.04874	0.01518	0.04874	0.14712	0.30363	0.50759	0.74511	
1.00000	1.25617	1.49489	1.69988	1.85717	1.95605	1.98978	1.95605	1.85717	1.69988	1.49489	1.25617	1.00000	0.74383	0.50511	0.30012	0.14283	0.04395	0.01022	0.04395	0.14283	0.30012	0.50511	0.74383	
1.00000	1.25489	1.49241	1.69637	1.85288	1.95126	1.98482	1.95126	1.85288	1.69637	1.49241	1.25489	1.00000	0.74511	0.50759	0.30363	0.14712	0.04874	0.01518	0.04874	0.14712	0.30363	0.50759	0.74511	
1.00000	1.25100	1.48489	1.68574	1.83985	1.93674	1.96978	1.93674	1.83985	1.68574	1.48489	1.25100	1.00000	0.74900	0.51511	0.31426	0.16015	0.06326	0.03022	0.06326	0.16015	0.31426	0.51511	0.74900	
1.00000	1.24437	1.47209	1.66764	1.81769	1.91202	1.94419	1.91202	1.81769	1.66764	1.47209	1.24437	1.00000	0.75563	0.52791	0.33236	0.18231	0.08798	0.05581	0.08798	0.18231	0.33236	0.52791	0.75563	
1.00000	1.23479	1.45357	1.64145	1.78561	1.87624	1.90715	1.87624	1.78561	1.64145	1.45357	1.23479	1.00000	0.76521	0.54643	0.35855	0.21439	0.12376	0.09285	0.12376	0.21439	0.35855	0.54643	0.76521	
1.00000	1.22185	1.42859	1.60611	1.74233	1.82797	1.85717	1.82797	1.74233	1.60611	1.42859	1.22185	1.00000	0.77815	0.57141	0.39389	0.25767	0.17203	0.14283	0.17203	0.25767	0.39389	0.57141	0.77815	
1.00000	1.20494	1.39591	1.55990	1.68574	1.76484	1.79182	1.76484	1.68574	1.55990	1.39591	1.20494	1.00000	0.79506	0.60409	0.44010	0.31426	0.23516	0.20818	0.23516	0.31426	0.44010	0.60409	0.79506	
1.00000	1.18294	1.35342	1.49981	1.61214	1.68276	1.70684	1.68276	1.61214	1.49981	1.35342	1.18294	1.00000	0.81706	0.64658	0.50019	0.38786	0.31724	0.29316	0.31724	0.38786	0.50019	0.64658	0.81706	
1.00000	1.15370	1.29693	1.41993	1.51430	1.57363	1.59387	1.57363	1.51430	1.41993	1.29693	1.15370	1.00000	0.84630	0.70307	0.58007	0.48570	0.42637	0.40613	0.42637	0.48570	0.58007	0.70307	0.84630	
1.00000	1.11166	1.21572	1.30507	1.37363	1.41673	1.43143	1.41673	1.37363	1.30507	1.21572	1.11166	1.00000	0.88834	0.78428	0.69493	0.62637	0.58327	0.56857	0.58327	0.62637	0.69493	0.78428	0.88834	
1.00000	1.00000	1.00000	1.00000	1.00000	1.00000	1.00000	1.00000	1.00000	1.00000	1.00000	1.00000	1.00000	1.00000	1.00000	1.00000	1.00000	1.00000	1.00000	1.00000	1.00000	1.00000	1.00000	1.00000	
1.00000	1.00000	1.00000	1.00000	1.00000	1.00000	1.00000	1.00000	1.00000	1.00000	1.00000	1.00000	1.00000	1.00000	1.00000	1.00000	1.00000	1.00000	1.00000	1.00000	1.00000	1.00000	1.00000	1.00000	
1.00000	1.10996	1.21242	1.30041	1.36793	1.41037	1.42485	1.41037	1.36793	1.30041	1.21242	1.10996	1.00000	0.89004	0.78758	0.69959	0.63207	0.58963	0.57515	0.58963	0.63207	0.69959	0.78758	0.89004	
1.00000	1.15136	1.29240	1.41352	1.50645	1.56487	1.58480	1.56487	1.50645	1.41352	1.29240	1.15136	1.00000	0.84864	0.70760	0.58648	0.49355	0.43513	0.41520	0.43513	0.49355	0.58648	0.70760	0.84864	
1.00000	1.18015	1.34803	1.49218	1.60280	1.67233	1.69605	1.67233	1.60280	1.49218	1.34803	1.18015	1.00000	0.81985	0.65197	0.50782	0.39720	0.32767	0.30395	0.32767	0.39720	0.50782	0.65197	0.81985	
1.00000	1.20181	1.38987	1.55135	1.67527	1.75316	1.77973	1.75316	1.67527	1.55135	1.38987	1.20181	1.00000	0.79819	0.61013	0.44865	0.32473	0.24684	0.22027	0.24684	0.32473	0.44865	0.61013	0.79819	
1.00000	1.21847	1.42204	1.59686	1.73100	1.81532	1.84409	1.81532	1.73100	1.59686	1.42204	1.21847	1.00000	0.78153	0.57796	0.40314	0.26900	0.18468	0.15591	0.18468	0.26900	0.40314	0.57796	0.78153	
1.00000	1.23120	1.44665	1.63166	1.77362	1.86286	1.89330	1.86286	1.77362	1.63166	1.44665	1.23120	1.00000	0.76880	0.55335	0.36834	0.22638	0.13714	0.10670	0.13714	0.22638	0.36834	0.55335	0.76880	
1.00000	1.24064	1.46489	1.65745	1.80521	1.89809	1.92977	1.89809	1.80521	1.65745	1.46489	1.24064	1.00000	0.75936	0.53511	0.34255	0.19479	0.10191	0.07023	0.10191	0.19479	0.34255	0.53511	0.75936	
1.00000	1.24717	1.47749	1.67527	1.82703	1.92243	1.95497	1.92243	1.82703	1.67527	1.47749	1.24717	1.00000	0.75283	0.52251	0.32473	0.17297	0.07757	0.04503	0.07757	0.17297	0.32473	0.52251	0.75283	
1.00000	1.25100	1.48489	1.68574	1.83985	1.93674	1.96978	1.93674	1.83985	1.68574	1.48489	1.25100	1.00000	0.74900	0.51511	0.31426	0.16015	0.06326	0.03022	0.06326	0.16015	0.31426	0.51511	0.74900	
1.00000	1.25226	1.48733	1.68919	1.84409	1.94145	1.97467	1.94145	1.84409	1.68919	1.48733	1.25226	1.00000	0.74774	0.51267	0.31081	0.15591	0.05855	0.02533	0.05855	0.15591	0.31081	0.51267	0.74774	
1.00000	1.25100	1.48489	1.68574	1.83985	1.93674	1.96978	1.93674	1.83985	1.68574	1.48489	1.25100	1.00000	0.74900	0.51511	0.31426	0.16015	0.06326	0.03022	0.06326	0.16015	0.31426	0.51511	0.74900	
1.00000	1.24717	1.47749	1.67527	1.82703	1.92243	1.95497	1.92243	1.82703	1.67527	1.47749	1.24717	1.00000	0.75283	0.52251	0.32473	0.17297	0.07757	0.04503	0.07757	0.17297	0.32473	0.52251	0.75283	
1.00000	1.24064	1.46489	1.65745	1.80521	1.89809	1.92977	1.89809	1.80521	1.65745	1.46489	1.24064	1.00000	0.75936	0.53511	0.34255	0.19479	0.10191	0.07023	0.10191	0.19479	0.34255	0.53511	0.75936	
1.00000	1.23120	1.44665	1.63166	1.77362	1.86286	1.89330	1.86286	1.77362	1.63166	1.44665	1.23120	1.00000	0.76880	0.55335	0.36834	0.22638	0.13714	0.10670	0.13714	0.22638	0.36834	0.55335	0.76880	
1.00000	1.21847	1.42204	1.59686	1.73100	1.81532	1.84409	1.81532	1.73100	1.59686	1.42204	1.21847	1.00000	0.78153	0.57796	0.40314	0.26900	0.18468	0.15591	0.18468	0.26900	0.40314	0.57796	0.78153	
1.00000	1.20181	1.38987	1.55135	1.67527	1.75316	1.77973	1.75316	1.67527	1.55135	1.38987	1.20181	1.00000	0.79819	0.61013	0.44865	0.32473	0.24684	0.22027	0.24684	0.32473	0.44865	0.61013	0.79819	
1.00000	1.18015	1.34803	1.49218	1.60280	1.67233	1.69605	1.67233	1.60280	1.49218	1.34803	1.18015	1.00000	0.81985	0.65197	0.50782	0.39720	0.32767	0.30395	0.32767	0.39720	0.50782	0.65197	0.81985	
1.00000	1.15136	1.29240	1.41352	1.50645	1.56487	1.58480	1.56487	1.50645	1.41352	1.29240	1.15136	1.00000	0.84864	0.70760	0.58648	0.49355	0.43513	0.41520	0.43513	0.49355	0.58648	0.70760	0.84864	
1.00000	1.10996	1.21242	1.30041	1.36793	1.41037	1.42485	1.41037	1.36793	1.30041	1.21242	1.10996	1.00000	0.89004	0.78758	0.69959	0.63207	0.58963	0.57515	0.58963	0.63207	0.69959	0.78758	0.89004	
1.00000	1.00000	1.00000	1.00000	1.00000	1.00000	1.00000	1.00000	1.00000	1.00000	1.00000	1.00000	1.00000	1.00000	1.00000	1.00000	1.00000	1.00000	1.00000	1.00000	1.00000	1.00000	1.00000	1.00000	
1.00000	1.00000	1.00000	1.00000	1.00000	1.00000	1.00000	1.00000	1.00000	1.00000	1.00000	1.00000	1.00000	1.00000	1.00000	1.00000	1.00000	1.00000	1.00000	1.00000	1.00000	1.00000	1.00000	1.00000	
1.00000	1.10706	1.20682	1.29248	1.35822	1.39954	1.41364	1.39954	1.35822	1.29248	1.20682	1.10706	1.00000	0.89294	0.79318	0.70752	0.64178	0.60046	0.58636	0.60046	0.64178	0.70752	0.79318	0.89294	
1.00000	1.14736	1.28468	1.40260	1.49309	1.54997	1.56937	1.54997	1.49309	1.40260	1.28468	1.14736	1.00000	0.85264	0.71532	0.59740	0.50691	0.45003	0.43063	0.45003	0.50691	0.59740	0.71532	0.85264	
1.00000	1.17540	1.33884	1.47919	1.58689	1.65459	1.67768	1.65459	1.58689	1.47919	1.33884	1.17540	1.00000	0.82460	0.66116	0.52081	0.41311	0.34541	0.32232	0.34541	0.41311	0.52081	0.66116	0.82460	
1.00000	1.19648	1.37958	1.53680	1.65745	1.73329	1.75916	1.73329	1.65745	1.53680	1.37958	1.19648	1.00000	0.80352	0.62042	0.46320	0.34255	0.26671	0.24084	0.26671	0.34255	0.46320	0.62042	0.80352	
1.00000	1.21270	1.41090	1.58111	1.71171	1.79381	1.82181	1.79381	1.71171	1.58111	1.41090	1.21270	1.00000	0.78730	0.58910	0.41889	0.28829	0.20619	0.17819	0.20619	0.28829	0.41889	0.58910	0.78730	
1.00000	1.22510	1.43486	1.61499	1.75320	1.84009	1.86972	1.84009	1.75320	1.61499	1.43486	1.22510	1.00000	0.77490	0.56514	0.38501	0.24680	0.15991	0.13028	0.15991	0.24680	0.38501	0.56514	0.77490	
1.00000	1.23429	1.45262	1.64010	1.78396	1.87439	1.90524	1.87439	1.78396	1.64010	1.45262	1.23429	1.00000	0.76571	0.54738	0.35990	0.21604	0.12561	0.09476	0.12561	0.21604	0.35990	0.54738	0.76571	
1.00000	1.24064	1.46489	1.65745	1.80521	1.89809	1.92977	1.89809	1.80521	1.65745	1.46489	1.24064	1.00000	0.75936	0.53511	0.34255	0.19479	0.10191	0.07023	0.10191	0.19479	0.34255	0.53511	0.75936	
1.00000	1.24437	1.47209	1.66764	1.81769	1.91202	1.94419	1.91202	1.81769	1.66764	1.47209	1.24437	1.00000	0.75563	0.52791	0.33236	0.18231	0.08798	0.05581	0.08798	0.18231	0.33236	0.52791	0.75563	
1.00000	1.24560	1.47447	1.67100	1.82181	1.91661	1.94894	1.91661	1.82181	1.67100	1.47447	1.24560	1.00000	0.75440	0.52553	0.32900	0.17819	0.08339	0.05106	0.08339	0.17819	0.32900	0.52553	0.75440	
1.00000	1.24437	1.47209	1.66764	1.81769	1.91202	1.94419	1.91202	1.81769	1.66764	1.47209	1.24437	1.00000	0.75563	0.52791	0.33236	0.18231	0.08798	0.05581	0.08798	0.18231	0.33236	0.52791	0.75563	
1.00000	1.24064	1.46489	1.65745	1.80521	1.89809	1.92977	1.89809	1.80521	1.65745	1.46489	1.24064	1.00000	0.75936	0.53511	0.34255	0.19479	0.10191	0.07023	0.10191	0.19479	0.34255	0.53511	0.75936	
1.00000	1.23429	1.45262	1.64010	1.78396	1.87439	1.90524	1.87439	1.78396	1.64010	1.45262	1.23429	1.00000	0.76571	0.54738	0.35990	0.21604	0.12561	0.09476	0.12561	0.21604	0.35990	0.54738	0.76571	
1.00000	1.22510	1.43486	1.61499	1.75320	1.84009	1.86972	1.84009	1.75320	1.61499	1.43486	1.22510	1.00000	0.77490	0.56514	0.38501	0.24680	0.15991	0.13028	0.15991	0.24680	0.38501	0.56514	0.77490	
1.00000	1.21270	1.41090	1.58111	1.71171	1.79381	1.82181	1.79381	1.71171	1.58111	1.41090	1.21270	1.00000	0.78730	0.58910	0.41889	0.28829	0.20619	0.17819	0.20619	0.28829	0.41889	0.58910	0.78730	
1.00000	1.19648	1.37958	1.53680	1.65745	1.73329	1.75916	1.73329	1.65745	1.53680	1.37958	1.19648	1.00000	0.80352	0.62042	0.46320	0.34255	0.26671	0.24084	0.26671	0.34255	0.46320	0.62042	0.80352	
1.00000	1.17540	1.33884	1.47919	1.58689	1.65459	1.67768	1.65459	1.58689	1.47919	1.33884	1.17540	1.00000	0.82460	0.66116	0.52081	0.41311	0.34541	0.32232	0.34541	0.41311	0.52081	0.66116	0.82460	
1.00000	1.14736	1.28468	1.40260	1.49309	1.54997	1.56937	1.54997	1.49309	1.40260	1.28468	1.14736	1.00000	0.85264	0.71532	0.59740	0.50691	0.45003	0.43063	0.45003	0.50691	0.59740	0.71532	0.85264	
1.00000	1.10706	1.20682	1.29248	1.35822	1.39954	1.41364	1.39954	1.35822	1.29248	1.20682	1.10706	1.00000	0.89294	0.79318	0.70752	0.64178	0.60046	0.58636	0.60046	0.64178	0.70752	0.79318	0.89294	
1.00000	1.00000	1.00000	1.00000	1.00000	1.00000	1.00000	1.00000	1.00000	1.00000	1.00000	1.00000	1.00000	1.00000	1.00000	1.00000	1.00000	1.00000	1.00000	1.00000	1.00000	1.00000	1.00000	1.00000	
1.00000	1.00000	1.00000	1.00000	1.00000	1.00000	1.00000	1.00000	1.00000	1.00000	1.00000	1.00000	1.00000	1.00000	1.00000	1.00000	1.00000	1.00000	1.00000	1.00000	1.00000	1.00000	1.00000	1.00000	
1.00000	1.10286	1.19870	1.28101	1.34417	1.38387	1.39741	1.38387	1.34417	1.28101	1.19870	1.10286	1.00000	0.89714	0.80130	0.71899	0.65583	0.61613	0.60259	0.61613	0.65583	0.71899	0.80130	0.89714	
1.00000	1.14158	1.27351	1.38681	1.47374	1.52839	1.54703	1.52839	1.47374	1.38681	1.27351	1.14158	1.00000	0.85842	0.72649	0.61319	0.52626	0.47161	0.45297	0.47161	0.52626	0.61319	0.72649	0.85842	
1.00000	1.16852	1.32555	1.46039	1.56387	1.62891	1.65110	1.62891	1.56387	1.46039	1.32555	1.16852	1.00000	0.83148	0.67445	0.53961	0.43613	0.37109	0.34890	0.37109	0.43613	0.53961	0.67445	0.83148	
1.00000	1.18878	1.36469	1.51574	1.63166	1.70452	1.72937	1.70452	1.63166	1.51574	1.36469	1.18878	1.00000	0.81122	0.63531	0.48426	0.36834	0.29548	0.27063	0.29548	0.36834	0.48426	0.63531	0.81122	
1.00000	1.20436	1.39478	1.55831	1.68379	1.76267	1.78957	1.76267	1.68379	1.55831	1.39478	1.20436	1.00000	0.79564	0.60522	0.44169	0.31621	0.23733	0.21043	0.23733	0.31621	0.44169	0.60522	0.79564	
1.00000	1.21627	1.41780	1.59086	1.72365	1.80713	1.83560	1.80713	1.72365	1.59086	1.41780	1.21627	1.00000	0.78373	0.58220	0.40914	0.27635	0.19287	0.16440	0.19287	0.27635	0.40914	0.58220	0.78373	
1.00000	1.22510	1.43486	1.61499	1.75320	1.84009	1.86972	1.84009	1.75320	1.61499	1.43486	1.22510	1.00000	0.77490	0.56514	0.38501	0.24680	0.15991	0.13028	0.15991	0.24680	0.38501	0.56514	0.77490	
1.00000	1.23120	1.44665	1.63166	1.77362	1.86286	1.89330	1.86286	1.77362	1.63166	1.44665	1.23120	1.00000	0.76880	0.55335	0.36834	0.22638	0.13714	0.10670	0.13714	0.22638	0.36834	0.55335	0.76880	
1.00000	1.23479	1.45357	1.64145	1.78561	1.87624	1.90715	1.87624	1.78561	1.64145	1.45357	1.23479	1.00000	0.76521	0.54643	0.35855	0.21439	0.12376	0.09285	0.12376	0.21439	0.35855	0.54643	0.76521	
1.00000	1.23597	1.45586	1.64468	1.78957	1.88065	1.91172	1.88065	1.78957	1.64468	1.45586	1.23597	1.00000	0.76403	0.54414	0.35532	0.21043	0.11935	0.08828	0.11935	0.21043	0.35532	0.54414	0.76403	
1.00000	1.23479	1.45357	1.64145	1.78561	1.87624	1.90715	1.87624	1.78561	1.64145	1.45357	1.23479	1.00000	0.76521	0.54643	0.35855	0.21439	0.12376	0.09285	0.12376	0.21439	0.35855	0.54643	0.76521	
1.00000	1.23120	1.44665	1.63166	1.77362	1.86286	1.89330	1.86286	1.77362	1.63166	1.44665	1.23120	1.00000	0.76880	0.55335	0.36834	0.22638	0.13714	0.10670	0.13714	0.22638	0.36834	0.55335	0.76880	
1.00000	1.22510	1.43486	1.61499	1.75320	1.84009	1.86972	1.84009	1.75320	1.61499	1.43486	1.22510	1.00000	0.77490	0.56514	0.38501	0.24680	0.15991	0.13028	0.15991	0.24680	0.38501	0.56514	0.77490	
1.00000	1.21627	1.41780	1.59086	1.72365	1.80713	1.83560	1.80713	1.72365	1.59086	1.41780	1.21627	1.00000	0.78373	0.58220	0.40914	0.27635	0.19287	0.16440	0.19287	0.27635	0.40914	0.58220	0.78373	
1.00000	1.20436	1.39478	1.55831	1.68379	1.76267	1.78957	1.76267	1.68379	1.55831	1.39478	1.20436	1.00000	0.79564	0.60522	0.44169	0.31621	0.23733	0.21043	0.23733	0.31621	0.44169	0.60522	0.79564	
1.00000	1.18878	1.36469	1.51574	1.63166	1.70452	1.72937	1.70452	1.63166	1.51574	1.36469	1.18878	1.00000	0.81122	0.63531	0.48426	0.36834	0.29548	0.27063	0.29548	0.36834	0.48426	0.63531	0.81122	
1.00000	1.16852	1.32555	1.46039	1.56387	1.62891	1.65110	1.62891	1.56387	1.46039	1.32555	1.16852	1.00000	0.83148	0.67445	0.53961	0.43613	0.37109	0.34890	0.37109	0.43613	0.53961	0.67445	0.83148	
1.00000	1.14158	1.27351	1.38681	1.47374	1.52839	1.54703	1.52839	1.47374	1.38681	1.27351	1.14158	1.00000	0.85842	0.72649	0.61319	0.52626	0.47161	0.45297	0.47161	0.52626	0.61319	0.72649	0.85842	
1.00000	1.10286	1.19870	1.28101	1.34417	1.38387	1.39741	1.38387	1.34417	1.28101	1.19870	1.10286	1.00000	0.89714	0.80130	0.71899	0.65583	0.61613	0.60259	0.61613	0.65583	0.71899	0.80130	0.89714	
1.00000	1.00000	1.00000	1.00000	1.00000	1.00000	1.00000	1.00000	1.00000	1.00000	1.00000	1.00000	1.00000	1.00000	1.00000	1.00000	1.00000	1.00000	1.00000	1.00000	1.00000	1.00000	1.00000	1.00000	
1.00000	1.00000	1.00000	1.00000	1.00000	1.00000	1.00000	1.00000	1.00000	1.00000	1.00000	1.00000	1.00000	1.00000	1.00000	1.00000	1.00000	1.00000	1.00000	1.00000	1.00000	1.00000	1.00000	1.00000	
1.00000	1.09719	1.18776	1.26553	1.32521	1.36272	1.37552	1.36272	1.32521	1.26553	1.18776	1.09719	1.00000	0.90281	0.81224	0.73447	0.67479	0.63728	0.62448	0.63728	0.67479	0.73447	0.81224	0.90281	
1.00000	1.13378	1.25845	1.36550	1.44764	1.49928	1.51689	1.49928	1.44764	1.36550	1.25845	1.13378	1.00000	0.86622	0.74155	0.63450	0.55236	0.50072	0.48311	0.50072	0.55236	0.63450	0.74155	0.86622	
1.00000	1.15923	1.30761	1.43503	1.53280	1.59426	1.61523	1.59426	1.53280	1.43503	1.30761	1.15923	1.00000	0.84077	0.69239	0.56497	0.46720	0.40574	0.38477	0.40574	0.46720	0.56497	0.69239	0.84077	
1.00000	1.17838	1.34460	1.48733	1.59686	1.66571	1.68919	1.66571	1.59686	1.48733	1.34460	1.17838	1.00000	0.82162	0.65540	0.51267	0.40314	0.33429	0.31081	0.33429	0.40314	0.51267	0.65540	0.82162	
1.00000	1.19310	1.37304	1.52755	1.64612	1.72065	1.74607	1.72065	1.64612	1.52755	1.37304	1.19310	1.00000	0.80690	0.62696	0.47245	0.35388	0.27935	0.25393	0.27935	0.35388	0.47245	0.62696	0.80690	
1.00000	1.20436	1.39478	1.55831	1.68379	1.76267	1.78957	1.76267	1.68379	1.55831	1.39478	1.20436	1.00000	0.79564	0.60522	0.44169	0.31621	0.23733	0.21043	0.23733	0.31621	0.44169	0.60522	0.79564	
1.00000	1.21270	1.41090	1.58111	1.71171	1.79381	1.82181	1.79381	1.71171	1.58111	1.41090	1.21270	1.00000	0.78730	0.58910	0.41889	0.28829	0.20619	0.17819	0.20619	0.28829	0.41889	0.58910	0.78730	
1.00000	1.21847	1.42204	1.59686	1.73100	1.81532	1.84409	1.81532	1.73100	1.59686	1.42204	1.21847	1.00000	0.78153	0.57796	0.40314	0.26900	0.18468	0.15591	0.18468	0.26900	0.40314	0.57796	0.78153	
1.00000	1.22185	1.42859	1.60611	1.74233	1.82797	1.85717	1.82797	1.74233	1.60611	1.42859	1.22185	1.00000	0.77815	0.57141	0.39389	0.25767	0.17203	0.14283	0.17203	0.25767	0.39389	0.57141	0.77815	
1.00000	1.22297	1.43075	1.60917	1.74607	1.83214	1.86149	1.83214	1.74607	1.60917	1.43075	1.22297	1.00000	0.77703	0.56925	0.39083	0.25393	0.16786	0.13851	0.16786	0.25393	0.39083	0.56925	0.77703	
1.00000	1.22185	1.42859	1.60611	1.74233	1.82797	1.85717	1.82797	1.74233	1.60611	1.42859	1.22185	1.00000	0.77815	0.57141	0.39389	0.25767	0.17203	0.14283	0.17203	0.25767	0.39389	0.57141	0.77815	
1.00000	1.21847	1.42204	1.59686	1.73100	1.81532	1.84409	1.81532	1.73100	1.59686	1.42204	1.21847	1.00000	0.78153	0.57796	0.40314	0.26900	0.18468	0.15591	0.18468	0.26900	0.40314	0.57796	0.78153	
1.00000	1.21270	1.41090	1.58111	1.71171	1.79381	1.82181	1.79381	1.71171	1.58111	1.41090	1.21270	1.00000	0.78730	0.58910	0.41889	0.28829	0.20619	0.17819	0.20619	0.28829	0.41889	0.58910	0.78730	
1.00000	1.20436	1.39478	1.55831	1.68379	1.76267	1.78957	1.76267	1.68379	1.55831	1.39478	1.20436	1.00000	0.79564	0.60522	0.44169	0.31621	0.23733	0.21043	0.23733	0.31621	0.44169	0.60522	0.79564	
1.00000	1.19310	1.37304	1.52755	1.64612	1.72065	1.74607	1.72065	1.64612	1.52755	1.37304	1.19310	1.00000	0.80690	0.62696	0.47245	0.35388	0.27935	0.25393	0.27935	0.35388	0.47245	0.62696	0.80690	
1.00000	1.17838	1.34460	1.48733	1.59686	1.66571	1.68919	1.66571	1.59686	1.48733	1.34460	1.17838	1.00000	0.82162	0.65540	0.51267	0.40314	0.33429	0.31081	0.33429	0.40314	0.51267	0.65540	0.82162	
1.00000	1.15923	1.30761	1.43503	1.53280	1.59426	1.61523	1.59426	1.53280	1.43503	1.30761	1.15923	1.00000	0.84077	0.69239	0.56497	0.46720	0.40574	0.38477	0.40574	0.46720	0.56497	0.69239	0.84077	
1.00000	1.13378	1.25845	1.36550	1.44764	1.49928	1.51689	1.49928	1.44764	1.36550	1.25845	1.13378	1.00000	0.86622	0.74155	0.63450	0.55236	0.50072	0.48311	0.50072	0.55236	0.63450	0.74155	0.86622	
1.00000	1.09719	1.18776	1.26553	1.32521	1.36272	1.37552	1.36272	1.32521	1.26553	1.18776	1.09719	1.00000	0.90281	0.81224	0.73447	0.67479	0.63728	0.62448	0.63728	0.67479	0.73447	0.81224	0.90281	
1.00000	1.00000	1.00000	1.00000	1.00000	1.00000	1.00000	1.00000	1.00000	1.00000	1.00000	1.00000	1.00000	1.00000	1.00000	1.00000	1.00000	1.00000	1.00000	1.00000	1.00000	1.00000	1.00000	1.00000	
1.00000	1.00000	1.00000	1.00000	1.00000	1.00000	1.00000	1.00000	1.00000	1.00000	1.00000	1.00000	1.00000	1.00000	1.00000	1.00000	1.00000	1.00000	1.00000	1.00000	1.00000	1.00000	1.00000	1.00000	
1.00000	1.08978	1.17344	1.24529	1.30041	1.33507	1.34689	1.33507	1.30041	1.24529	1.17344	1.08978	1.00000	0.91022	0.82656	0.75471	0.69959	0.66493	0.65311	0.66493	0.69959	0.75471	0.82656	0.91022	
1.00000	1.12358	1.23874	1.33763	1.41352	1.46122	1.47749	1.46122	1.41352	1.33763	1.23874	1.12358	1.00000	0.87642	0.76126	0.66237	0.58648	0.53878	0.52251	0.53878	0.58648	0.66237	0.76126	0.87642	
1.00000	1.14709	1.28416	1.40186	1.49218	1.54896	1.56832	1.54896	1.49218	1.40186	1.28416	1.14709	1.00000	0.85291	0.71584	0.59814	0.50782	0.45104	0.43168	0.45104	0.50782	0.59814	0.71584	0.85291	
1.00000	1.16478	1.31832	1.45018	1.55135	1.61496	1.63665	1.61496	1.55135	1.45018	1.31832	1.16478	1.00000	0.83522	0.68168	0.54982	0.44865	0.38504	0.36335	0.38504	0.44865	0.54982	0.68168	0.83522	
1.00000	1.17838	1.34460	1.48733	1.59686	1.66571	1.68919	1.66571	1.59686	1.48733	1.34460	1.17838	1.00000	0.82162	0.65540	0.51267	0.40314	0.33429	0.31081	0.33429	0.40314	0.51267	0.65540	0.82162	
1.00000	1.18878	1.36469	1.51574	1.63166	1.70452	1.72937	1.70452	1.63166	1.51574	1.36469	1.18878	1.00000	0.81122	0.63531	0.48426	0.36834	0.29548	0.27063	0.29548	0.36834	0.48426	0.63531	0.81122	
1.00000	1.19648	1.37958	1.53680	1.65745	1.73329	1.75916	1.73329	1.65745	1.53680	1.37958	1.19648	1.00000	0.80352	0.62042	0.46320	0.34255	0.26671	0.24084	0.26671	0.34255	0.46320	0.62042	0.80352	
1.00000	1.20181	1.38987	1.55135	1.67527	1.75316	1.77973	1.75316	1.67527	1.55135	1.38987	1.20181	1.00000	0.79819	0.61013	0.44865	0.32473	0.24684	0.22027	0.24684	0.32473	0.44865	0.61013	0.79819	
1.00000	1.20494	1.39591	1.55990	1.68574	1.76484	1.79182	1.76484	1.68574	1.55990	1.39591	1.20494	1.00000	0.79506	0.60409	0.44010	0.31426	0.23516	0.20818	0.23516	0.31426	0.44010	0.60409	0.79506	
1.00000	1.20597	1.39791	1.56272	1.68919	1.76869	1.79581	1.76869	1.68919	1.56272	1.39791	1.20597	1.00000	0.79403	0.60209	0.43728	0.31081	0.23131	0.20419	0.23131	0.31081	0.43728	0.60209	0.79403	
1.00000	1.20494	1.39591	1.55990	1.68574	1.76484	1.79182	1.76484	1.68574	1.55990	1.39591	1.20494	1.00000	0.79506	0.60409	0.44010	0.31426	0.23516	0.20818	0.23516	0.31426	0.44010	0.60409	0.79506	
1.00000	1.20181	1.38987	1.55135	1.67527	1.75316	1.77973	1.75316	1.67527	1.55135	1.38987	1.20181	1.00000	0.79819	0.61013	0.44865	0.32473	0.24684	0.22027	0.24684	0.32473	0.44865	0.61013	0.79819	
1.00000	1.19648	1.37958	1.53680	1.65745	1.73329	1.75916	1.73329	1.65745	1.53680	1.37958	1.19648	1.00000	0.80352	0.62042	0.46320	0.34255	0.26671	0.24084	0.26671	0.34255	0.46320	0.62042	0.80352	
1.00000	1.18878	1.36469	1.51574	1.63166	1.70452	1.72937	1.70452	1.63166	1.51574	1.36469	1.18878	1.00000	0.81122	0.63531	0.48426	0.36834	0.29548	0.27063	0.29548	0.36834	0.48426	0.63531	0.81122	
1.00000	1.17838	1.34460	1.48733	1.59686	1.66571	1.68919	1.66571	1.59686	1.48733	1.34460	1.17838	1.00000	0.82162	0.65540	0.51267	0.40314	0.33429	0.31081	0.33429	0.40314	0.51267	0.65540	0.82162	
1.00000	1.16478	1.31832	1.45018	1.55135	1.61496	1.63665	1.61496	1.55135	1.45018	1.31832	1.16478	1.00000	0.83522	0.68168	0.54982	0.44865	0.38504	0.36335	0.38504	0.44865	0.54982	0.68168	0.83522	
1.00000	1.14709	1.28416	1.40186	1.49218	1.54896	1.56832	1.54896	1.49218	1.40186	1.28416	1.14709	1.00000	0.85291	0.71584	0.59814	0.50782	0.45104	0.43168	0.45104	0.50782	0.59814	0.71584	0.85291	
1.00000	1.12358	1.23874	1.33763	1.41352	1.46122	1.47749	1.46122	1.41352	1.33763	1.23874	1.12358	1.00000	0.87642	0.76126	0.66237	0.58648	0.53878	0.52251	0.53878	0.58648	0.66237	0.76126	0.87642	
1.00000	1.08978	1.17344	1.24529	1.30041	1.33507	1.34689	1.33507	1.30041	1.24529	1.17344	1.08978	1.00000	0.91022	0.82656	0.75471	0.69959	0.66493	0.65311	0.66493	0.69959	0.75471	0.82656	0.91022	
1.00000	1.00000	1.00000	1.00000	1.00000	1.00000	1.00000	1.00000	1.00000	1.00000	1.00000	1.00000	1.00000	1.00000	1.00000	1.00000	1.00000	1.00000	1.00000	1.00000	1.00000	1.00000	1.00000	1.00000	
1.00000	1.00000	1.00000	1.00000	1.00000	1.00000	1.00000	1.00000	1.00000	1.00000	1.00000	1.00000	1.00000	1.00000	1.00000	1.00000	1.00000	1.00000	1.00000	1.00000	1.00000	1.00000	1.00000	1.00000	
1.00000	1.08015	1.15483	1.21896	1.26817	1.29911	1.30966	1.29911	1.26817	1.21896	1.15483	1.08015	1.00000	0.91985	0.84517	0.78104	0.73183	0.70089	0.69034	0.70089	0.73183	0.78104	0.84517	0.91985	
1.00000	1.11032	1.21312	1.30140	1.36914	1.41172	1.42624	1.41172	1.36914	1.30140	1.21312	1.11032	1.00000	0.88968	0.78688	0.69860	0.63086	0.58828	0.57376	0.58828	0.63086	0.69860	0.78688	0.88968	
1.00000	1.13131	1.25366	1.35874	1.43936	1.49004	1.50733	1.49004	1.43936	1.35874	1.25366	1.13131	1.00000	0.86869	0.74634	0.64126	0.56064	0.50996	0.49267	0.50996	0.56064	0.64126	0.74634	0.86869	
1.00000	1.14709	1.28416	1.40186	1.49218	1.54896	1.56832	1.54896	1.49218	1.40186	1.28416	1.14709	1.00000	0.85291	0.71584	0.59814	0.50782	0.45104	0.43168	0.45104	0.50782	0.59814	0.71584	0.85291	
1.00000	1.15923	1.30761	1.43503	1.53280	1.59426	1.61523	1.59426	1.53280	1.43503	1.30761	1.15923	1.00000	0.84077	0.69239	0.56497	0.46720	0.40574	0.38477	0.40574	0.46720	0.56497	0.69239	0.84077	
1.00000	1.16852	1.32555	1.46039	1.56387	1.62891	1.65110	1.62891	1.56387	1.46039	1.32555	1.16852	1.00000	0.83148	0.67445	0.53961	0.43613	0.37109	0.34890	0.37109	0.43613	0.53961	0.67445	0.83148	
1.00000	1.17540	1.33884	1.47919	1.58689	1.65459	1.67768	1.65459	1.58689	1.47919	1.33884	1.17540	1.00000	0.82460	0.66116	0.52081	0.41311	0.34541	0.32232	0.34541	0.41311	0.52081	0.66116	0.82460	
1.00000	1.18015	1.34803	1.49218	1.60280	1.67233	1.69605	1.67233	1.60280	1.49218	1.34803	1.18015	1.00000	0.81985	0.65197	0.50782	0.39720	0.32767	0.30395	0.32767	0.39720	0.50782	0.65197	0.81985	
1.00000	1.18294	1.35342	1.49981	1.61214	1.68276	1.70684	1.68276	1.61214	1.49981	1.35342	1.18294	1.00000	0.81706	0.64658	0.50019	0.38786	0.31724	0.29316	0.31724	0.38786	0.50019	0.64658	0.81706	
1.00000	1.18387	1.35520	1.50233	1.61523	1.68620	1.71040	1.68620	1.61523	1.50233	1.35520	1.18387	1.00000	0.81613	0.64480	0.49767	0.38477	0.31380	0.28960	0.31380	0.38477	0.49767	0.64480	0.81613	
1.00000	1.18294	1.35342	1.49981	1.61214	1.68276	1.70684	1.68276	1.61214	1.49981	1.35342	1.18294	1.00000	0.81706	0.64658	0.50019	0.38786	0.31724	0.29316	0.31724	0.38786	0.50019	0.64658	0.81706	
1.00000	1.18015	1.34803	1.49218	1.60280	1.67233	1.69605	1.67233	1.60280	1.49218	1.34803	1.18015	1.00000	0.81985	0.65197	0.50782	0.39720	0.32767	0.30395	0.32767	0.39720	0.50782	0.65197	0.81985	
1.00000	1.17540	1.33884	1.47919	1.58689	1.65459	1.67768	1.65459	1.58689	1.47919	1.33884	1.17540	1.00000	0.82460	0.66116	0.52081	0.41311	0.34541	0.32232	0.34541	0.41311	0.52081	0.66116	0.82460	
1.00000	1.16852	1.32555	1.46039	1.56387	1.62891	1.65110	1.62891	1.56387	1.46039	1.32555	1.16852	1.00000	0.83148	0.67445	0.53961	0.43613	0.37109	0.34890	0.37109	0.43613	0.53961	0.67445	0.83148	
1.00000	1.15923	1.30761	1.43503	1.53280	1.59426	1.61523	1.59426	1.53280	1.43503	1.30761	1.15923	1.00000	0.84077	0.69239	0.56497	0.46720	0.40574	0.38477	0.40574	0.46720	0.56497	0.69239	0.84077	
1.00000	1.14709	1.28416	1.40186	1.49218	1.54896	1.56832	1.54896	1.49218	1.40186	1.28416	1.14709	1.00000	0.85291	0.71584	0.59814	0.50782	0.45104	0.43168	0.45104	0.50782	0.59814	0.71584	0.85291	
1.00000	1.13131	1.25366	1.35874	1.43936	1.49004	1.50733	1.49004	1.43936	1.35874	1.25366	1.13131	1.00000	0.86869	0.74634	0.64126	0.56064	0.50996	0.49267	0.50996	0.56064	0.64126	0.74634	0.86869	
1.00000	1.11032	1.21312	1.30140	1.36914	1.41172	1.42624	1.41172	1.36914	1.30140	1.21312	1.11032	1.00000	0.88968	0.78688	0.69860	0.63086	0.58828	0.57376	0.58828	0.63086	0.69860	0.78688	0.88968	
1.00000	1.08015	1.15483	1.21896	1.26817	1.29911	1.30966	1.29911	1.26817	1.21896	1.15483	1.08015	1.00000	0.91985	0.84517	0.78104	0.73183	0.70089	0.69034	0.70089	0.73183	0.78104	0.84517	0.91985	
1.00000	1.00000	1.00000	1.00000	1.00000	1.00000	1.00000	1.00000	1.00000	1.00000	1.00000	1.00000	1.00000	1.00000	1.00000	1.00000	1.00000	1.00000	1.00000	1.00000	1.00000	1.00000	1.00000	1.00000	
1.00000	1.00000	1.00000	1.00000	1.00000	1.00000	1.00000	1.00000	1.00000	1.00000	1.00000	1.00000	1.00000	1.00000	1.00000	1.00000	1.00000	1.00000	1.00000	1.00000	1.00000	1.00000	1.00000	1.00000	
1.00000	1.06734	1.13008	1.18396	1.22531	1.25130	1.26016	1.25130	1.22531	1.18396	1.13008	1.06734	1.00000	0.93266	0.86992	0.81604	0.77469	0.74870	0.73984	0.74870	0.77469	0.81604	0.86992	0.93266	
1.00000	1.09269	1.17906	1.25323	1.31014	1.34591	1.35812	1.34591	1.31014	1.25323	1.17906	1.09269	1.00000	0.90731	0.82094	0.74677	0.68986	0.65409	0.64188	0.65409	0.68986	0.74677	0.82094	0.90731	
1.00000	1.11032	1.21312	1.30140	1.36914	1.41172	1.42624	1.41172	1.36914	1.30140	1.21312	1.11032	1.00000	0.88968	0.78688	0.69860	0.63086	0.58828	0.57376	0.58828	0.63086	0.69860	0.78688	0.88968	
1.00000	1.12358	1.23874	1.33763	1.41352	1.46122	1.47749	1.46122	1.41352	1.33763	1.23874	1.12358	1.00000	0.87642	0.76126	0.66237	0.58648	0.53878	0.52251	0.53878	0.58648	0.66237	0.76126	0.87642	
1.00000	1.13378	1.25845	1.36550	1.44764	1.49928	1.51689	1.49928	1.44764	1.36550	1.25845	1.13378	1.00000	0.86622	0.74155	0.63450	0.55236	0.50072	0.48311	0.50072	0.55236	0.63450	0.74155	0.86622	
1.00000	1.14158	1.27351	1.38681	1.47374	1.52839	1.54703	1.52839	1.47374	1.38681	1.27351	1.14158	1.00000	0.85842	0.72649	0.61319	0.52626	0.47161	0.45297	0.47161	0.52626	0.61319	0.72649	0.85842	
1.00000	1.14736	1.28468	1.40260	1.49309	1.54997	1.56937	1.54997	1.49309	1.40260	1.28468	1.14736	1.00000	0.85264	0.71532	0.59740	0.50691	0.45003	0.43063	0.45003	0.50691	0.59740	0.71532	0.85264	
1.00000	1.15136	1.29240	1.41352	1.50645	1.56487	1.58480	1.56487	1.50645	1.41352	1.29240	1.15136	1.00000	0.84864	0.70760	0.58648	0.49355	0.43513	0.41520	0.43513	0.49355	0.58648	0.70760	0.84864	
1.00000	1.15370	1.29693	1.41993	1.51430	1.57363	1.59387	1.57363	1.51430	1.41993	1.29693	1.15370	1.00000	0.84630	0.70307	0.58007	0.48570	0.42637	0.40613	0.42637	0.48570	0.58007	0.70307	0.84630	
1.00000	1.15448	1.29843	1.42204	1.51689	1.57652	1.59686	1.57652	1.51689	1.42204	1.29843	1.15448	1.00000	0.84552	0.70157	0.57796	0.48311	0.42348	0.40314	0.42348	0.48311	0.57796	0.70157	0.84552	
1.00000	1.15370	1.29693	1.41993	1.51430	1.57363	1.59387	1.57363	1.51430	1.41993	1.29693	1.15370	1.00000	0.84630	0.70307	0.58007	0.48570	0.42637	0.40613	0.42637	0.48570	0.58007	0.70307	0.84630	
1.00000	1.15136	1.29240	1.41352	1.50645	1.56487	1.58480	1.56487	1.50645	1.41352	1.29240	1.15136	1.00000	0.84864	0.70760	0.58648	0.49355	0.43513	0.41520	0.43513	0.49355	0.58648	0.70760	0.84864	
1.00000	1.14736	1.28468	1.40260	1.49309	1.54997	1.56937	1.54997	1.49309	1.40260	1.28468	1.14736	1.00000	0.85264	0.71532	0.59740	0.50691	0.45003	0.43063	0.45003	0.50691	0.59740	0.71532	0.85264	
1.00000	1.14158	1.27351	1.38681	1.47374	1.52839	1.54703	1.52839	1.47374	1.38681	1.27351	1.14158	1.00000	0.85842	0.72649	0.61319	0.52626	0.47161	0.45297	0.47161	0.52626	0.61319	0.72649	0.85842	
1.00000	1.13378	1.25845	1.36550	1.44764	1.49928	1.51689	1.49928	1.44764	1.36550	1.25845	1.13378	1.00000	0.86622	0.74155	0.63450	0.55236	0.50072	0.48311	0.50072	0.55236	0.63450	0.74155	0.86622	
1.00000	1.12358	1.23874	1.33763	1.41352	1.46122	1.47749	1.46122	1.41352	1.33763	1.23874	1.12358	1.00000	0.87642	0.76126	0.66237	0.58648	0.53878	0.52251	0.53878	0.58648	0.66237	0.76126	0.87642	
1.00000	1.11032	1.21312	1.30140	1.36914	1.41172	1.42624	1.41172	1.36914	1.30140	1.21312	1.11032	1.00000	0.88968	0.78688	0.69860	0.63086	0.58828	0.57376	0.58828	0.63086	0.69860	0.78688	0.88968	
1.00000	1.09269	1.17906	1.25323	1.31014	1.34591	1.35812	1.34591	1.31014	1.25323	1.17906	1.09269	1.00000	0.90731	0.82094	0.74677	0.68986	0.65409	0.64188	0.65409	0.68986	0.74677	0.82094	0.90731	
1.00000	1.06734	1.13008	1.18396	1.22531	1.25130	1.26016	1.25130	1.22531	1.18396	1.13008	1.06734	1.00000	0.93266	0.86992	0.81604	0.77469	0.74870	0.73984	0.74870	0.77469	0.81604	0.86992	0.93266	
1.00000	1.00000	1.00000	1.00000	1.00000	1.00000	1.00000	1.00000	1.00000	1.00000	1.00000	1.00000	1.00000	1.00000	1.00000	1.00000	1.00000	1.00000	1.00000	1.00000	1.00000	1.00000	1.00000	1.00000	
1.00000	1.00000	1.00000	1.00000	1.00000	1.00000	1.00000	1.00000	1.00000	1.00000	1.00000	1.00000	1.00000	1.00000	1.00000	1.00000	1.00000	1.00000	1.00000	1.00000	1.00000	1.00000	1.00000	1.00000	
1.00000	1.04892	1.09450	1.13365	1.16368	1.18256	1.18901	1.18256	1.16368	1.13365	1.09450	1.04892	1.00000	0.95108	0.90550	0.86635	0.83632	0.81744	0.81099	0.81744	0.83632	0.86635	0.90550	0.95108	
1.00000	1.06734	1.13008	1.18396	1.22531	1.25130	1.26016	1.25130	1.22531	1.18396	1.13008	1.06734	1.00000	0.93266	0.86992	0.81604	0.77469	0.74870	0.73984	0.74870	0.77469	0.81604	0.86992	0.93266	
1.00000	1.08015	1.15483	1.21896	1.26817	1.29911	1.30966	1.29911	1.26817	1.21896	1.15483	1.08015	1.00000	0.91985	0.84517	0.78104	0.73183	0.70089	0.69034	0.70089	0.73183	0.78104	0.84517	0.91985	
1.00000	1.08978	1.17344	1.24529	1.30041	1.33507	1.34689	1.33507	1.30041	1.24529	1.17344	1.08978	1.00000	0.91022	0.82656	0.75471	0.69959	0.66493	0.65311	0.66493	0.69959	0.75471	0.82656	0.91022	
1.00000	1.09719	1.18776	1.26553	1.32521	1.36272	1.37552	1.36272	1.32521	1.26553	1.18776	1.09719	1.00000	0.90281	0.81224	0.73447	0.67479	0.63728	0.62448	0.63728	0.67479	0.73447	0.81224	0.90281	
1.00000	1.10286	1.19870	1.28101	1.34417	1.38387	1.39741	1.38387	1.34417	1.28101	1.19870	1.10286	1.00000	0.89714	0.80130	0.71899	0.65583	0.61613	0.60259	0.61613	0.65583	0.71899	0.80130	0.89714	
1.00000	1.10706	1.20682	1.29248	1.35822	1.39954	1.41364	1.39954	1.35822	1.29248	1.20682	1.10706	1.00000	0.89294	0.79318	0.70752	0.64178	0.60046	0.58636	0.60046	0.64178	0.70752	0.79318	0.89294	
1.00000	1.10996	1.21242	1.30041	1.36793	1.41037	1.42485	1.41037	1.36793	1.30041	1.21242	1.10996	1.00000	0.89004	0.78758	0.69959	0.63207	0.58963	0.57515	0.58963	0.63207	0.69959	0.78758	0.89004	
1.00000	1.11166	1.21572	1.30507	1.37363	1.41673	1.43143	1.41673	1.37363	1.30507	1.21572	1.11166	1.00000	0.88834	0.78428	0.69493	0.62637	0.58327	0.56857	0.58327	0.62637	0.69493	0.78428	0.88834	
1.00000	1.11223	1.21680	1.30661	1.37552	1.41883	1.43361	1.41883	1.37552	1.30661	1.21680	1.11223	1.00000	0.88777	0.78320	0.69339	0.62448	0.58117	0.56639	0.58117	0.62448	0.69339	0.78320	0.88777	
1.00000	1.11166	1.21572	1.30507	1.37363	1.41673	1.43143	1.41673	1.37363	1.30507	1.21572	1.11166	1.00000	0.88834	0.78428	0.69493	0.62637	0.58327	0.56857	0.58327	0.62637	0.69493	0.78428	0.88834	
1.00000	1.10996	1.21242	1.30041	1.36793	1.41037	1.42485	1.41037	1.36793	1.30041	1.21242	1.10996	1.00000	0.89004	0.78758	0.69959	0.63207	0.58963	0.57515	0.58963	0.63207	0.69959	0.78758	0.89004	
1.00000	1.10706	1.20682	1.29248	1.35822	1.39954	1.41364	1.39954	1.35822	1.29248	1.20682	1.10706	1.00000	0.89294	0.79318	0.70752	0.64178	0.60046	0.58636	0.60046	0.64178	0.70752	0.79318	0.89294	
1.00000	1.10286	1.19870	1.28101	1.34417	1.38387	1.39741	1.38387	1.34417	1.28101	1.19870	1.10286	1.00000	0.89714	0.80130	0.71899	0.65583	0.61613	0.60259	0.61613	0.65583	0.71899	0.80130	0.89714	
1.00000	1.09719	1.18776	1.26553	1.32521	1.36272	1.37552	1.36272	1.32521	1.26553	1.18776	1.09719	1.00000	0.90281	0.81224	0.73447	0.67479	0.63728	0.62448	0.63728	0.67479	0.73447	0.81224	0.90281	
1.00000	1.08978	1.17344	1.24529	1.30041	1.33507	1.34689	1.33507	1.30041	1.24529	1.17344	1.08978	1.00000	0.91022	0.82656	0.75471	0.69959	0.66493	0.65311	0.66493	0.69959	0.75471	0.82656	0.91022	
1.00000	1.08015	1.15483	1.21896	1.26817	1.29911	1.30966	1.29911	1.26817	1.21896	1.15483	1.08015	1.00000	0.91985	0.84517	0.78104	0.73183	0.70089	0.69034	0.70089	0.73183	0.78104	0.84517	0.91985	
1.00000	1.06734	1.13008	1.18396	1.22531	1.25130	1.26016	1.25130	1.22531	1.18396	1.13008	1.06734	1.00000	0.93266	0.86992	0.81604	0.77469	0.74870	0.73984	0.74870	0.77469	0.81604	0.86992	0.93266	
1.00000	1.04892	1.09450	1.13365	1.16368	1.18256	1.18901	1.18256	1.16368	1.13365	1.09450	1.04892	1.00000	0.95108	0.90550	0.86635	0.83632	0.81744	0.81099	0.81744	0.83632	0.86635	0.90550	0.95108	
1.00000	1.00000	1.00000	1.00000	1.00000	1.00000	1.00000	1.00000	1.00000	1.00000	1.00000	1.00000	1.00000	1.00000	1.00000	1.00000	1.00000	1.00000	1.00000	1.00000	1.00000	1.00000	1.00000	1.00000	
1.00000	1.00000	1.00000	1.00000	1.00000	1.00000	1.00000	1.00000	1.00000	1.00000	1.00000	1.00000	1.00000	1.00000	1.00000	1.00000	1.00000	1.00000	1.00000	1.00000	1.00000	1.00000	1.00000	1.00000	
1.00000	1.00000	1.00000	1.00000	1.00000	1.00000	1.00000	1.00000	1.00000	1.00000	1.00000	1.00000	1.00000	1.00000	1.00000	1.00000	1.00000	1.00000	1.00000	1.00000	1.00000	1.00000	1.00000	1.00000	
1.00000	1.00000	1.00000	1.00000	1.00000	1.00000	1.00000	1.00000	1.00000	1.00000	1.00000	1.00000	1.00000	1.00000	1.00000	1.00000	1.00000	1.00000	1.00000	1.00000	1.00000	1.00000	1.00000	1.00000	
1.00000	1.00000	1.00000	1.00000	1.00000	1.00000	1.00000	1.00000	1.00000	1.00000	1.00000	1.00000	1.00000	1.00000	1.00000	1.00000	1.00000	1.00000	1.00000	1.00000	1.00000	1.00000	1.00000	1.00000	
1.00000	1.00000	1.00000	1.00000	1.00000	1.00000	1.00000	1.00000	1.00000	1.00000	1.00000	1.00000	1.00000	1.00000	1.00000	1.00000	1.00000	1.00000	1.00000	1.00000	1.00000	1.00000	1.00000	1.00000	
1.00000	1.00000	1.00000	1.00000	1.00000	1.00000	1.00000	1.00000	1.00000	1.00000	1.00000	1.00000	1.00000	1.00000	1.00000	1.00000	1.00000	1.00000	1.00000	1.00000	1.00000	1.00000	1.00000	1.00000	
1.00000	1.00000	1.00000	1.00000	1.00000	1.00000	1.00000	1.00000	1.00000	1.00000	1.00000	1.00000	1.00000	1.00000	1.00000	1.00000	1.00000	1.00000	1.00000	1.00000	1.00000	1.00000	1.00000	1.00000	
1.00000	1.00000	1.00000	1.00000	1.00000	1.00000	1.00000	1.00000	1.00000	1.00000	1.00000	1.00000	1.00000	1.00000	1.00000	1.00000	1.00000	1.00000	1.00000	1.00000	1.00000	1.00000	1.00000	1.00000	
1.00000	1.00000	1.00000	1.00000	1.00000	1.00000	1.00000	1.00000	1.00000	1.00000	1.00000	1.00000	1.00000	1.00000	1.00000	1.00000	1.00000	1.00000	1.00000	1.00000	1.00000	1.00000	1.00000	1.00000	
1.00000	1.00000	1.00000	1.00000	1.00000	1.00000	1.00000	1.00000	1.00000	1.00000	1.00000	1.00000	1.00000	1.00000	1.00000	1.00000	1.00000	1.00000	1.00000	1.00000	1.00000	1.00000	1.00000	1.00000	
1.00000	1.00000	1.00000	1.00000	1.00000	1.00000	1.00000	1.00000	1.00000	1.00000	1.00000	1.00000	1.00000	1.00000	1.00000	1.00000	1.00000	1.00000	1.00000	1.00000	1.00000	1.00000	1.00000	1.00000	
1.00000	1.00000	1.00000	1.00000	1.00000	1.00000	1.00000	1.00000	1.00000	1.00000	1.00000	1.00000	1.00000	1.00000	1.00000	1.00000	1.00000	1.00000	1.00000	1.00000	1.00000	1.00000	1.00000	1.00000	
1.00000	1.00000	1.00000	1.00000	1.00000	1.00000	1.00000	1.00000	1.00000	1.00000	1.00000	1.00000	1.00000	1.00000	1.00000	1.00000	1.00000	1.00000	1.00000	1.00000	1.00000	1.00000	1.00000	1.00000	
1.00000	1.00000	1.00000	1.00000	1.00000	1.00000	1.00000	1.00000	1.00000	1.00000	1.00000	1.00000	1.00000	1.00000	1.00000	1.00000	1.00000	1.00000	1.00000	1.00000	1.00000	1.00000	1.00000	1.00000	
1.00000	1.00000	1.00000	1.00000	1.00000	1.00000	1.00000	1.00000	1.00000	1.00000	1.00000	1.00000	1.00000	1.00000	1.00000	1.00000	1.00000	1.00000	1.00000	1.00000	1.00000	1.00000	1.00000	1.00000	
1.00000	1.00000	1.00000	1.00000	1.00000	1.00000	1.00000	1.00000	1.00000	1.00000	1.00000	1.00000	1.00000	1.00000	1.00000	1.00000	1.00000	1.00000	1.00000	1.00000	1.00000	1.00000	1.00000	1.00000	
1.00000	1.00000	1.00000	1.00000	1.00000	1.00000	1.00000	1.00000	1.00000	1.00000	1.00000	1.00000	1.00000	1.00000	1.00000	1.00000	1.00000	1.00000	1.00000	1.00000	1.00000	1.00000	1.00000	1.00000	
1.00000	1.00000	1.00000	1.00000	1.00000	1.00000	1.00000	1.00000	1.00000	1.00000	1.00000	1.00000	1.00000	1.00000	1.00000	1.00000	1.00000	1.00000	1.00000	1.00000	1.00000	1.00000	1.00000	1.00000	
1.00000	1.00000	1.00000	1.00000	1.00000	1.00000	1.00000	1.00000	1.00000	1.00000	1.00000	1.00000	1.00000	1.00000	1.00000	1.00000	1.00000	1.00000	1.00000	1.00000	1.00000	1.00000	1.00000	1.00000	
1.00000	1.00000	1.00000	1.00000	1.00000	1.00000	1.00000	1.00000	1.00000	1.00000	1.00000	1.00000	1.00000	1.00000	1.00000	1.00000	1.00000	1.00000	1.00000	1.00000	1.00000	1.00000	1.00000	1.00000	
1.00000	1.00000	1.00000	1.00000	1.00000	1.00000	1.00000	1.00000	1.00000	1.00000	1.00000	1.00000	1.00000	1.00000	1.00000	1.00000	1.00000	1.00000	1.00000	1.00000	1.00000	1.00000	1.00000	1.00000	
