4.97382	4.97382	4.97382	4.97382	4.97382	4.97382	4.97382	4.97382	4.97382	4.97382	4.97382	4.97382	4.97382	4.97382	4.97382	4.97382	4.97382	4.97382	4.97382	4.97382	4.97382	4.97382	4.97382	4.97382	
4.57644	4.57644	4.57644	4.57644	4.57644	4.57644	4.57644	4.57644	4.57644	4.57644	4.57644	4.57644	4.57644	4.57644	4.57644	4.57644	4.57644	4.57644	4.57644	4.57644	4.57644	4.57644	4.57644	4.57644	
4.17906	4.17906	4.17906	4.17906	4.17906	4.17906	4.17906	4.17906	4.17906	4.17906	4.17906	4.17906	4.17906	4.17906	4.17906	4.17906	4.17906	4.17906	4.17906	4.17906	4.17906	4.17906	4.17906	4.17906	
3.78167	3.78167	3.78167	3.78167	3.78167	3.78167	3.78167	3.78167	3.78167	3.78167	3.78167	3.78167	3.78167	3.78167	3.78167	3.78167	3.78167	3.78167	3.78167	3.78167	3.78167	3.78167	3.78167	3.78167	
3.38429	3.38429	3.38429	3.38429	3.38429	3.38429	3.38429	3.38429	3.38429	3.38429	3.38429	3.38429	3.38429	3.38429	3.38429	3.38429	3.38429	3.38429	3.38429	3.38429	3.38429	3.38429	3.38429	3.38429	
2.98691	2.98691	2.98691	2.98691	2.98691	2.98691	2.98691	2.98691	2.98691	2.98691	2.98691	2.98691	2.98691	2.98691	2.98691	2.98691	2.98691	2.98691	2.98691	2.98691	2.98691	2.98691	2.98691	2.98691	
2.58953	2.58953	2.58953	2.58953	2.58953	2.58953	2.58953	2.58953	2.58953	2.58953	2.58953	2.58953	2.58953	2.58953	2.58953	2.58953	2.58953	2.58953	2.58953	2.58953	2.58953	2.58953	2.58953	2.58953	
2.19215	2.19215	2.19215	2.19215	2.19215	2.19215	2.19215	2.19215	2.19215	2.19215	2.19215	2.19215	2.19215	2.19215	2.19215	2.19215	2.19215	2.19215	2.19215	2.19215	2.19215	2.19215	2.19215	2.19215	
1.79476	1.79476	1.79476	1.79476	1.79476	1.79476	1.79476	1.79476	1.79476	1.79476	1.79476	1.79476	1.79476	1.79476	1.79476	1.79476	1.79476	1.79476	1.79476	1.79476	1.79476	1.79476	1.79476	1.79476	
1.39738	1.39738	1.39738	1.39738	1.39738	1.39738	1.39738	1.39738	1.39738	1.39738	1.39738	1.39738	1.39738	1.39738	1.39738	1.39738	1.39738	1.39738	1.39738	1.39738	1.39738	1.39738	1.39738	1.39738	
1.00000	1.00000	1.00000	1.00000	1.00000	1.00000	1.00000	1.00000	1.00000	1.00000	1.00000	1.00000	1.00000	1.00000	1.00000	1.00000	1.00000	1.00000	1.00000	1.00000	1.00000	1.00000	1.00000	1.00000	
0.60262	0.60262	0.60262	0.60262	0.60262	0.60262	0.60262	0.60262	0.60262	0.60262	0.60262	0.60262	0.60262	0.60262	0.60262	0.60262	0.60262	0.60262	0.60262	0.60262	0.60262	0.60262	0.60262	0.60262	
0.20524	0.20524	0.20524	0.20524	0.20524	0.20524	0.20524	0.20524	0.20524	0.20524	0.20524	0.20524	0.20524	0.20524	0.20524	0.20524	0.20524	0.20524	0.20524	0.20524	0.20524	0.20524	0.20524	0.20524	
-0.19215	-0.19215	-0.19215	-0.19215	-0.19215	-0.19215	-0.19215	-0.19215	-0.19215	-0.19215	-0.19215	-0.19215	-0.19215	-0.19215	-0.19215	-0.19215	-0.19215	-0.19215	-0.19215	-0.19215	-0.19215	-0.19215	-0.19215	-0.19215	
-0.58953	-0.58953	-0.58953	-0.58953	-0.58953	-0.58953	-0.58953	-0.58953	-0.58953	-0.58953	-0.58953	-0.58953	-0.58953	-0.58953	-0.58953	-0.58953	-0.58953	-0.58953	-0.58953	-0.58953	-0.58953	-0.58953	-0.58953	-0.58953	
-0.98691	-0.98691	-0.98691	-0.98691	-0.98691	-0.98691	-0.98691	-0.98691	-0.98691	-0.98691	-0.98691	-0.98691	-0.98691	-0.98691	-0.98691	-0.98691	-0.98691	-0.98691	-0.98691	-0.98691	-0.98691	-0.98691	-0.98691	-0.98691	
-1.38429	-1.38429	-1.38429	-1.38429	-1.38429	-1.38429	-1.38429	-1.38429	-1.38429	-1.38429	-1.38429	-1.38429	-1.38429	-1.38429	-1.38429	-1.38429	-1.38429	-1.38429	-1.38429	-1.38429	-1.38429	-1.38429	-1.38429	-1.38429	
-1.78167	-1.78167	-1.78167	-1.78167	-1.78167	-1.78167	-1.78167	-1.78167	-1.78167	-1.78167	-1.78167	-1.78167	-1.78167	-1.78167	-1.78167	-1.78167	-1.78167	-1.78167	-1.78167	-1.78167	-1.78167	-1.78167	-1.78167	-1.78167	
-2.17906	-2.17906	-2.17906	-2.17906	-2.17906	-2.17906	-2.17906	-2.17906	-2.17906	-2.17906	-2.17906	-2.17906	-2.17906	-2.17906	-2.17906	-2.17906	-2.17906	-2.17906	-2.17906	-2.17906	-2.17906	-2.17906	-2.17906	-2.17906	
-2.57644	-2.57644	-2.57644	-2.57644	-2.57644	-2.57644	-2.57644	-2.57644	-2.57644	-2.57644	-2.57644	-2.57644	-2.57644	-2.57644	-2.57644	-2.57644	-2.57644	-2.57644	-2.57644	-2.57644	-2.57644	-2.57644	-2.57644	-2.57644	
-2.97382	-2.97382	-2.97382	-2.97382	-2.97382	-2.97382	-2.97382	-2.97382	-2.97382	-2.97382	-2.97382	-2.97382	-2.97382	-2.97382	-2.97382	-2.97382	-2.97382	-2.97382	-2.97382	-2.97382	-2.97382	-2.97382	-2.97382	-2.97382	
4.47644	4.47644	4.47644	4.47644	4.47644	4.47644	4.47644	4.47644	4.47644	4.47644	4.47644	4.47644	4.47644	4.47644	4.47644	4.47644	4.47644	4.47644	4.47644	4.47644	4.47644	4.47644	4.47644	4.47644	
5.07382	5.04162	4.94721	4.79703	4.60131	4.37338	4.12879	3.88420	3.65628	3.46056	3.31038	3.21597	3.18377	3.21597	3.31038	3.46056	3.65628	3.88420	4.12879	4.37338	4.60131	4.79703	4.94721	5.04162	
5.08197	5.03765	4.90770	4.70097	4.43156	4.11783	3.78115	3.44447	3.13074	2.86133	2.65460	2.52465	2.48033	2.52465	2.65460	2.86133	3.13074	3.44447	3.78115	4.11783	4.43156	4.70097	4.90770	5.03765	
4.98179	4.92904	4.77436	4.52831	4.20765	3.83423	3.43351	3.03278	2.65936	2.33870	2.09265	1.93797	1.88522	1.93797	2.09265	2.33870	2.65936	3.03278	3.43351	3.83423	4.20765	4.52831	4.77436	4.92904	
4.82029	4.76119	4.58792	4.31229	3.95308	3.53477	3.08586	2.63696	2.21865	1.85944	1.58380	1.41053	1.35143	1.41053	1.58380	1.85944	2.21865	2.63696	3.08586	3.53477	3.95308	4.31229	4.58792	4.76119	
4.61579	4.55182	4.36425	4.06587	3.67701	3.22417	2.73822	2.25227	1.79943	1.41057	1.11219	0.92462	0.86064	0.92462	1.11219	1.41057	1.79943	2.25227	2.73822	3.22417	3.67701	4.06587	4.36425	4.55182	
4.37761	4.30991	4.11140	3.79562	3.38409	2.90486	2.39058	1.87629	1.39706	0.98553	0.66975	0.47124	0.40354	0.47124	0.66975	0.98553	1.39706	1.87629	2.39058	2.90486	3.38409	3.79562	4.11140	4.30991	
4.11111	4.04064	3.83402	3.50535	3.07702	2.57821	2.04293	1.50765	1.00884	0.58051	0.25184	0.04523	-0.02524	0.04523	0.25184	0.58051	1.00884	1.50765	2.04293	2.57821	3.07702	3.50535	3.83402	4.04064	
3.81952	3.74714	3.53493	3.19735	2.75740	2.24508	1.69529	1.14550	0.63317	0.19323	-0.14435	-0.35657	-0.42895	-0.35657	-0.14435	0.19323	0.63317	1.14550	1.69529	2.24508	2.75740	3.19735	3.53493	3.74714	
3.50481	3.43131	3.21581	2.87299	2.42623	1.90596	1.34764	0.78933	0.26906	-0.17771	-0.52052	-0.73602	-0.80953	-0.73602	-0.52052	-0.17771	0.26906	0.78933	1.34764	1.90596	2.42623	2.87299	3.21581	3.43131	
3.16804	3.09416	2.87758	2.53303	2.08402	1.56113	1.00000	0.43887	-0.08402	-0.53303	-0.87758	-1.09416	-1.16804	-1.09416	-0.87758	-0.53303	-0.08402	0.43887	1.00000	1.56113	2.08402	2.53303	2.87758	3.09416	
2.80953	2.73602	2.52052	2.17771	1.73094	1.21067	0.65236	0.09404	-0.42623	-0.87299	-1.21581	-1.43131	-1.50481	-1.43131	-1.21581	-0.87299	-0.42623	0.09404	0.65236	1.21067	1.73094	2.17771	2.52052	2.73602	
2.42895	2.35657	2.14435	1.80677	1.36683	0.85450	0.30471	-0.24508	-0.75740	-1.19735	-1.53493	-1.74714	-1.81952	-1.74714	-1.53493	-1.19735	-0.75740	-0.24508	0.30471	0.85450	1.36683	1.80677	2.14435	2.35657	
2.02524	1.95477	1.74816	1.41949	0.99116	0.49235	-0.04293	-0.57821	-1.07702	-1.50535	-1.83402	-2.04064	-2.11111	-2.04064	-1.83402	-1.50535	-1.07702	-0.57821	-0.04293	0.49235	0.99116	1.41949	1.74816	1.95477	
1.59646	1.52876	1.33025	1.01447	0.60294	0.12371	-0.39058	-0.90486	-1.38409	-1.79562	-2.11140	-2.30991	-2.37761	-2.30991	-2.11140	-1.79562	-1.38409	-0.90486	-0.39058	0.12371	0.60294	1.01447	1.33025	1.52876	
1.13936	1.07538	0.88781	0.58943	0.20057	-0.25227	-0.73822	-1.22417	-1.67701	-2.06587	-2.36425	-2.55182	-2.61579	-2.55182	-2.36425	-2.06587	-1.67701	-1.22417	-0.73822	-0.25227	0.20057	0.58943	0.88781	1.07538	
0.64857	0.58947	0.41620	0.14056	-0.21865	-0.63696	-1.08586	-1.53477	-1.95308	-2.31229	-2.58792	-2.76119	-2.82029	-2.76119	-2.58792	-2.31229	-1.95308	-1.53477	-1.08586	-0.63696	-0.21865	0.14056	0.41620	0.58947	
0.11478	0.06203	-0.09265	-0.33870	-0.65936	-1.03278	-1.43351	-1.83423	-2.20765	-2.52831	-2.77436	-2.92904	-2.98179	-2.92904	-2.77436	-2.52831	-2.20765	-1.83423	-1.43351	-1.03278	-0.65936	-0.33870	-0.09265	0.06203	
-0.48033	-0.52465	-0.65460	-0.86133	-1.13074	-1.44447	-1.78115	-2.11783	-2.43156	-2.70097	-2.90770	-3.03765	-3.08197	-3.03765	-2.90770	-2.70097	-2.43156	-2.11783	-1.78115	-1.44447	-1.13074	-0.86133	-0.65460	-0.52465	
-1.18377	-1.21597	-1.31038	-1.46056	-1.65628	-1.88420	-2.12879	-2.37338	-2.60131	-2.79703	-2.94721	-3.04162	-3.07382	-3.04162	-2.94721	-2.79703	-2.60131	-2.37338	-2.12879	-1.88420	-1.65628	-1.46056	-1.31038	-1.21597	
-2.47644	-2.47644	-2.47644	-2.47644	-2.47644	-2.47644	-2.47644	-2.47644	-2.47644	-2.47644	-2.47644	-2.47644	-2.47644	-2.47644	-2.47644	-2.47644	-2.47644	-2.47644	-2.47644	-2.47644	-2.47644	-2.47644	-2.47644	-2.47644	
3.97906	3.97906	3.97906	3.97906	3.97906	3.97906	3.97906	3.97906	3.97906	3.97906	3.97906	3.97906	3.97906	3.97906	3.97906	3.97906	3.97906	3.97906	3.97906	3.97906	3.97906	3.97906	3.97906	3.97906	
4.98197	4.93765	4.80770	4.60097	4.33156	4.01783	3.68115	3.34447	3.03074	2.76133	2.55460	2.42465	2.38033	2.42465	2.55460	2.76133	3.03074	3.34447	3.68115	4.01783	4.33156	4.60097	4.80770	4.93765	
5.17382	5.11281	4.93393	4.64937	4.27853	3.84668	3.38324	2.91981	2.48796	2.11712	1.83256	1.65368	1.59267	1.65368	1.83256	2.11712	2.48796	2.91981	3.38324	3.84668	4.27853	4.64937	4.93393	5.11281	
5.21655	5.14393	4.93102	4.59233	4.15094	3.63694	3.08534	2.53374	2.01973	1.57835	1.23966	1.02675	0.95413	1.02675	1.23966	1.57835	2.01973	2.53374	3.08534	3.63694	4.15094	4.59233	4.93102	5.14393	
5.17487	5.09352	4.85501	4.47560	3.98115	3.40535	2.78743	2.16952	1.59372	1.09926	0.71986	0.48135	0.40000	0.48135	0.71986	1.09926	1.59372	2.16952	2.78743	3.40535	3.98115	4.47560	4.85501	5.09352	
5.07400	4.98594	4.72775	4.31703	3.78176	3.15844	2.48953	1.82062	1.19729	0.66203	0.25131	-0.00688	-0.09494	-0.00688	0.25131	0.66203	1.19729	1.82062	2.48953	3.15844	3.78176	4.31703	4.72775	4.98594	
4.92677	4.83357	4.56033	4.12566	3.55920	2.89953	2.19162	1.48371	0.82405	0.25758	-0.17709	-0.45033	-0.54353	-0.45033	-0.17709	0.25758	0.82405	1.48371	2.19162	2.89953	3.55920	4.12566	4.56033	4.83357	
4.74055	4.64355	4.35915	3.90673	3.31713	2.63053	1.89372	1.15690	0.47030	-0.11930	-0.57171	-0.85611	-0.95312	-0.85611	-0.57171	-0.11930	0.47030	1.15690	1.89372	2.63053	3.31713	3.90673	4.35915	4.64355	
4.51981	4.42018	4.12807	3.66339	3.05781	2.35260	1.59581	0.83903	0.13381	-0.47177	-0.93644	-1.22855	-1.32819	-1.22855	-0.93644	-0.47177	0.13381	0.83903	1.59581	2.35260	3.05781	3.66339	4.12807	4.42018	
4.26724	4.16606	3.86942	3.39754	2.78257	2.06643	1.29791	0.52939	-0.18676	-0.80173	-1.27361	-1.57025	-1.67143	-1.57025	-1.27361	-0.80173	-0.18676	0.52939	1.29791	2.06643	2.78257	3.39754	3.86942	4.16606	
3.98429	3.88260	3.58447	3.11021	2.49215	1.77239	1.00000	0.22761	-0.49215	-1.11021	-1.58447	-1.88260	-1.98429	-1.88260	-1.58447	-1.11021	-0.49215	0.22761	1.00000	1.77239	2.49215	3.11021	3.58447	3.88260	
3.67143	3.57025	3.27361	2.80173	2.18676	1.47061	0.70209	-0.06643	-0.78257	-1.39754	-1.86942	-2.16606	-2.26724	-2.16606	-1.86942	-1.39754	-0.78257	-0.06643	0.70209	1.47061	2.18676	2.80173	3.27361	3.57025	
3.32819	3.22855	2.93644	2.47177	1.86619	1.16097	0.40419	-0.35260	-1.05781	-1.66339	-2.12807	-2.42018	-2.51981	-2.42018	-2.12807	-1.66339	-1.05781	-0.35260	0.40419	1.16097	1.86619	2.47177	2.93644	3.22855	
2.95312	2.85611	2.57171	2.11930	1.52970	0.84310	0.10628	-0.63053	-1.31713	-1.90673	-2.35915	-2.64355	-2.74055	-2.64355	-2.35915	-1.90673	-1.31713	-0.63053	0.10628	0.84310	1.52970	2.11930	2.57171	2.85611	
2.54353	2.45033	2.17709	1.74242	1.17595	0.51629	-0.19162	-0.89953	-1.55920	-2.12566	-2.56033	-2.83357	-2.92677	-2.83357	-2.56033	-2.12566	-1.55920	-0.89953	-0.19162	0.51629	1.17595	1.74242	2.17709	2.45033	
2.09494	2.00688	1.74869	1.33797	0.80271	0.17938	-0.48953	-1.15844	-1.78176	-2.31703	-2.72775	-2.98594	-3.07400	-2.98594	-2.72775	-2.31703	-1.78176	-1.15844	-0.48953	0.17938	0.80271	1.33797	1.74869	2.00688	
1.60000	1.51865	1.28014	0.90074	0.40628	-0.16952	-0.78743	-1.40535	-1.98115	-2.47560	-2.85501	-3.09352	-3.17487	-3.09352	-2.85501	-2.47560	-1.98115	-1.40535	-0.78743	-0.16952	0.40628	0.90074	1.28014	1.51865	
1.04587	0.97325	0.76034	0.42165	-0.01973	-0.53374	-1.08534	-1.63694	-2.15094	-2.59233	-2.93102	-3.14393	-3.21655	-3.14393	-2.93102	-2.59233	-2.15094	-1.63694	-1.08534	-0.53374	-0.01973	0.42165	0.76034	0.97325	
0.40733	0.34632	0.16744	-0.11712	-0.48796	-0.91981	-1.38324	-1.84668	-2.27853	-2.64937	-2.93393	-3.11281	-3.17382	-3.11281	-2.93393	-2.64937	-2.27853	-1.84668	-1.38324	-0.91981	-0.48796	-0.11712	0.16744	0.34632	
-0.38033	-0.42465	-0.55460	-0.76133	-1.03074	-1.34447	-1.68115	-2.01783	-2.33156	-2.60097	-2.80770	-2.93765	-2.98197	-2.93765	-2.80770	-2.60097	-2.33156	-2.01783	-1.68115	-1.34447	-1.03074	-0.76133	-0.55460	-0.42465	
-1.97906	-1.97906	-1.97906	-1.97906	-1.97906	-1.97906	-1.97906	-1.97906	-1.97906	-1.97906	-1.97906	-1.97906	-1.97906	-1.97906	-1.97906	-1.97906	-1.97906	-1.97906	-1.97906	-1.97906	-1.97906	-1.97906	-1.97906	-1.97906	
3.48167	3.48167	3.48167	3.48167	3.48167	3.48167	3.48167	3.48167	3.48167	3.48167	3.48167	3.48167	3.48167	3.48167	3.48167	3.48167	3.48167	3.48167	3.48167	3.48167	3.48167	3.48167	3.48167	3.48167	
4.78179	4.72904	4.57436	4.32831	4.00765	3.63423	3.23351	2.83278	2.45936	2.13870	1.89265	1.73797	1.68522	1.73797	1.89265	2.13870	2.45936	2.83278	3.23351	3.63423	4.00765	4.32831	4.57436	4.72904	
5.11655	5.04393	4.83102	4.49233	4.05094	3.53694	2.98534	2.43374	1.91973	1.47835	1.13966	0.92675	0.85413	0.92675	1.13966	1.47835	1.91973	2.43374	2.98534	3.53694	4.05094	4.49233	4.83102	5.04393	
5.27382	5.18739	4.93397	4.53085	4.00550	3.39370	2.73717	2.08064	1.46885	0.94349	0.54037	0.28696	0.20052	0.28696	0.54037	0.94349	1.46885	2.08064	2.73717	3.39370	4.00550	4.53085	4.93397	5.18739	
5.33062	5.23379	4.94991	4.49833	3.90981	3.22447	2.48900	1.75354	1.06820	0.47968	0.02809	-0.25578	-0.35261	-0.25578	0.02809	0.47968	1.06820	1.75354	2.48900	3.22447	3.90981	4.49833	4.94991	5.23379	
5.31697	5.21216	4.90485	4.41599	3.77891	3.03700	2.24084	1.44467	0.70277	0.06568	-0.42318	-0.73048	-0.83530	-0.73048	-0.42318	0.06568	0.70277	1.44467	2.24084	3.03700	3.77891	4.41599	4.90485	5.21216	
5.24815	5.13722	4.81200	4.29464	3.62041	2.83525	1.99267	1.15009	0.36493	-0.30930	-0.82666	-1.15188	-1.26281	-1.15188	-0.82666	-0.30930	0.36493	1.15009	1.99267	2.83525	3.62041	4.29464	4.81200	5.13722	
5.13291	5.01745	4.67895	4.14047	3.43871	2.62149	1.74450	0.86752	0.05030	-0.65146	-1.18995	-1.52845	-1.64391	-1.52845	-1.18995	-0.65146	0.05030	0.86752	1.74450	2.62149	3.43871	4.14047	4.67895	5.01745	
4.97659	4.85800	4.51032	3.95724	3.23646	2.39709	1.49633	0.59558	-0.24379	-0.96458	-1.51765	-1.86533	-1.98392	-1.86533	-1.51765	-0.96458	-0.24379	0.59558	1.49633	2.39709	3.23646	3.95724	4.51032	4.85800	
4.78238	4.66195	4.30889	3.74723	3.01527	2.16289	1.24817	0.33345	-0.51894	-1.25090	-1.81255	-2.16562	-2.28605	-2.16562	-1.81255	-1.25090	-0.51894	0.33345	1.24817	2.16289	3.01527	3.74723	4.30889	4.66195	
4.55202	4.43099	4.07614	3.51166	2.77601	1.91933	1.00000	0.08067	-0.77601	-1.51166	-2.07614	-2.43099	-2.55202	-2.43099	-2.07614	-1.51166	-0.77601	0.08067	1.00000	1.91933	2.77601	3.51166	4.07614	4.43099	
4.28605	4.16562	3.81255	3.25090	2.51894	1.66655	0.75183	-0.16289	-1.01527	-1.74723	-2.30889	-2.66195	-2.78238	-2.66195	-2.30889	-1.74723	-1.01527	-0.16289	0.75183	1.66655	2.51894	3.25090	3.81255	4.16562	
3.98392	3.86533	3.51765	2.96458	2.24379	1.40442	0.50367	-0.39709	-1.23646	-1.95724	-2.51032	-2.85800	-2.97659	-2.85800	-2.51032	-1.95724	-1.23646	-0.39709	0.50367	1.40442	2.24379	2.96458	3.51765	3.86533	
3.64391	3.52845	3.18995	2.65146	1.94970	1.13248	0.25550	-0.62149	-1.43871	-2.14047	-2.67895	-3.01745	-3.13291	-3.01745	-2.67895	-2.14047	-1.43871	-0.62149	0.25550	1.13248	1.94970	2.65146	3.18995	3.52845	
3.26281	3.15188	2.82666	2.30930	1.63507	0.84991	0.00733	-0.83525	-1.62041	-2.29464	-2.81200	-3.13722	-3.24815	-3.13722	-2.81200	-2.29464	-1.62041	-0.83525	0.00733	0.84991	1.63507	2.30930	2.82666	3.15188	
2.83530	2.73048	2.42318	1.93432	1.29723	0.55533	-0.24084	-1.03700	-1.77891	-2.41599	-2.90485	-3.21216	-3.31697	-3.21216	-2.90485	-2.41599	-1.77891	-1.03700	-0.24084	0.55533	1.29723	1.93432	2.42318	2.73048	
2.35261	2.25578	1.97191	1.52032	0.93180	0.24646	-0.48900	-1.22447	-1.90981	-2.49833	-2.94991	-3.23379	-3.33062	-3.23379	-2.94991	-2.49833	-1.90981	-1.22447	-0.48900	0.24646	0.93180	1.52032	1.97191	2.25578	
1.79948	1.71304	1.45963	1.05651	0.53115	-0.08064	-0.73717	-1.39370	-2.00550	-2.53085	-2.93397	-3.18739	-3.27382	-3.18739	-2.93397	-2.53085	-2.00550	-1.39370	-0.73717	-0.08064	0.53115	1.05651	1.45963	1.71304	
1.14587	1.07325	0.86034	0.52165	0.08027	-0.43374	-0.98534	-1.53694	-2.05094	-2.49233	-2.83102	-3.04393	-3.11655	-3.04393	-2.83102	-2.49233	-2.05094	-1.53694	-0.98534	-0.43374	0.08027	0.52165	0.86034	1.07325	
0.31478	0.26203	0.10735	-0.13870	-0.45936	-0.83278	-1.23351	-1.63423	-2.00765	-2.32831	-2.57436	-2.72904	-2.78179	-2.72904	-2.57436	-2.32831	-2.00765	-1.63423	-1.23351	-0.83278	-0.45936	-0.13870	0.10735	0.26203	
-1.48167	-1.48167	-1.48167	-1.48167	-1.48167	-1.48167	-1.48167	-1.48167	-1.48167	-1.48167	-1.48167	-1.48167	-1.48167	-1.48167	-1.48167	-1.48167	-1.48167	-1.48167	-1.48167	-1.48167	-1.48167	-1.48167	-1.48167	-1.48167	
2.98429	2.98429	2.98429	2.98429	2.98429	2.98429	2.98429	2.98429	2.98429	2.98429	2.98429	2.98429	2.98429	2.98429	2.98429	2.98429	2.98429	2.98429	2.98429	2.98429	2.98429	2.98429	2.98429	2.98429	
4.52029	4.46119	4.28792	4.01229	3.65308	3.23477	2.78586	2.33696	1.91865	1.55944	1.28380	1.11053	1.05143	1.11053	1.28380	1.55944	1.91865	2.33696	2.78586	3.23477	3.65308	4.01229	4.28792	4.46119	
4.97487	4.89352	4.65501	4.27560	3.78115	3.20535	2.58743	1.96952	1.39372	0.89926	0.51986	0.28135	0.20000	0.28135	0.51986	0.89926	1.39372	1.96952	2.58743	3.20535	3.78115	4.27560	4.65501	4.89352	
5.23062	5.13379	4.84991	4.39833	3.80981	3.12447	2.38900	1.65354	0.96820	0.37968	-0.07191	-0.35578	-0.45261	-0.35578	-0.07191	0.37968	0.96820	1.65354	2.38900	3.12447	3.80981	4.39833	4.84991	5.13379	
5.37382	5.26535	4.94735	4.44147	3.78220	3.01446	2.19058	1.36669	0.59895	-0.06032	-0.56620	-0.88420	-0.99267	-0.88420	-0.56620	-0.06032	0.59895	1.36669	2.19058	3.01446	3.78220	4.44147	4.94735	5.26535	
5.43811	5.32069	4.97644	4.42881	3.71513	2.88403	1.99215	1.10026	0.26916	-0.44452	-0.99215	-1.33640	-1.45382	-1.33640	-0.99215	-0.44452	0.26916	1.10026	1.99215	2.88403	3.71513	4.42881	4.97644	5.32069	
5.44058	5.31632	4.95199	4.37244	3.61715	2.73759	1.79372	0.84984	-0.02972	-0.78501	-1.36456	-1.72888	-1.85315	-1.72888	-1.36456	-0.78501	-0.02972	0.84984	1.79372	2.73759	3.61715	4.37244	4.95199	5.31632	
5.39106	5.26173	4.88253	4.27931	3.49318	2.57771	1.59529	0.61287	-0.30260	-1.08873	-1.69195	-2.07115	-2.20049	-2.07115	-1.69195	-1.08873	-0.30260	0.61287	1.59529	2.57771	3.49318	4.27931	4.88253	5.26173	
5.29552	5.16268	4.77320	4.15363	3.34619	2.40591	1.39686	0.38781	-0.55247	-1.35991	-1.97948	-2.36896	-2.50180	-2.36896	-1.97948	-1.35991	-0.55247	0.38781	1.39686	2.40591	3.34619	4.15363	4.77320	5.16268	
5.15754	5.02264	4.62712	3.99794	3.17798	2.22312	1.19843	0.17374	-0.78113	-1.60108	-2.23026	-2.62578	-2.76068	-2.62578	-2.23026	-1.60108	-0.78113	0.17374	1.19843	2.22312	3.17798	3.99794	4.62712	5.02264	
4.97906	4.84347	4.44596	3.81362	2.98953	2.02986	1.00000	-0.02986	-0.98953	-1.81362	-2.44596	-2.84347	-2.97906	-2.84347	-2.44596	-1.81362	-0.98953	-0.02986	1.00000	2.02986	2.98953	3.81362	4.44596	4.84347	
4.76068	4.62578	4.23026	3.60108	2.78113	1.82626	0.80157	-0.22312	-1.17798	-1.99794	-2.62712	-3.02264	-3.15754	-3.02264	-2.62712	-1.99794	-1.17798	-0.22312	0.80157	1.82626	2.78113	3.60108	4.23026	4.62578	
4.50180	4.36896	3.97948	3.35991	2.55247	1.61219	0.60314	-0.40591	-1.34619	-2.15363	-2.77320	-3.16268	-3.29552	-3.16268	-2.77320	-2.15363	-1.34619	-0.40591	0.60314	1.61219	2.55247	3.35991	3.97948	4.36896	
4.20049	4.07115	3.69195	3.08873	2.30260	1.38713	0.40471	-0.57771	-1.49318	-2.27931	-2.88253	-3.26173	-3.39106	-3.26173	-2.88253	-2.27931	-1.49318	-0.57771	0.40471	1.38713	2.30260	3.08873	3.69195	4.07115	
3.85315	3.72888	3.36456	2.78501	2.02972	1.15016	0.20628	-0.73759	-1.61715	-2.37244	-2.95199	-3.31632	-3.44058	-3.31632	-2.95199	-2.37244	-1.61715	-0.73759	0.20628	1.15016	2.02972	2.78501	3.36456	3.72888	
3.45382	3.33640	2.99215	2.44452	1.73084	0.89974	0.00785	-0.88403	-1.71513	-2.42881	-2.97644	-3.32069	-3.43811	-3.32069	-2.97644	-2.42881	-1.71513	-0.88403	0.00785	0.89974	1.73084	2.44452	2.99215	3.33640	
2.99267	2.88420	2.56620	2.06032	1.40105	0.63331	-0.19058	-1.01446	-1.78220	-2.44147	-2.94735	-3.26535	-3.37382	-3.26535	-2.94735	-2.44147	-1.78220	-1.01446	-0.19058	0.63331	1.40105	2.06032	2.56620	2.88420	
2.45261	2.35578	2.07191	1.62032	1.03180	0.34646	-0.38900	-1.12447	-1.80981	-2.39833	-2.84991	-3.13379	-3.23062	-3.13379	-2.84991	-2.39833	-1.80981	-1.12447	-0.38900	0.34646	1.03180	1.62032	2.07191	2.35578	
1.80000	1.71865	1.48014	1.10074	0.60628	0.03048	-0.58743	-1.20535	-1.78115	-2.27560	-2.65501	-2.89352	-2.97487	-2.89352	-2.65501	-2.27560	-1.78115	-1.20535	-0.58743	0.03048	0.60628	1.10074	1.48014	1.71865	
0.94857	0.88947	0.71620	0.44056	0.08135	-0.33696	-0.78586	-1.23477	-1.65308	-2.01229	-2.28792	-2.46119	-2.52029	-2.46119	-2.28792	-2.01229	-1.65308	-1.23477	-0.78586	-0.33696	0.08135	0.44056	0.71620	0.88947	
-0.98429	-0.98429	-0.98429	-0.98429	-0.98429	-0.98429	-0.98429	-0.98429	-0.98429	-0.98429	-0.98429	-0.98429	-0.98429	-0.98429	-0.98429	-0.98429	-0.98429	-0.98429	-0.98429	-0.98429	-0.98429	-0.98429	-0.98429	-0.98429	
2.48691	2.48691	2.48691	2.48691	2.48691	2.48691	2.48691	2.48691	2.48691	2.48691	2.48691	2.48691	2.48691	2.48691	2.48691	2.48691	2.48691	2.48691	2.48691	2.48691	2.48691	2.48691	2.48691	2.48691	
4.21579	4.15182	3.96425	3.66587	3.27701	2.82417	2.33822	1.85227	1.39943	1.01057	0.71219	0.52462	0.46064	0.52462	0.71219	1.01057	1.39943	1.85227	2.33822	2.82417	3.27701	3.66587	3.96425	4.15182	
4.77400	4.68594	4.42775	4.01703	3.48176	2.85844	2.18953	1.52062	0.89729	0.36203	-0.04869	-0.30688	-0.39494	-0.30688	-0.04869	0.36203	0.89729	1.52062	2.18953	2.85844	3.48176	4.01703	4.42775	4.68594	
5.11697	5.01216	4.70485	4.21599	3.57891	2.83700	2.04084	1.24467	0.50277	-0.13432	-0.62318	-0.93048	-1.03530	-0.93048	-0.62318	-0.13432	0.50277	1.24467	2.04084	2.83700	3.57891	4.21599	4.70485	5.01216	
5.33811	5.22069	4.87644	4.32881	3.61513	2.78403	1.89215	1.00026	0.16916	-0.54452	-1.09215	-1.43640	-1.55382	-1.43640	-1.09215	-0.54452	0.16916	1.00026	1.89215	2.78403	3.61513	4.32881	4.87644	5.22069	
5.47382	5.34671	4.97405	4.38122	3.60864	2.70894	1.74345	0.77797	-0.12173	-0.89431	-1.48714	-1.85980	-1.98691	-1.85980	-1.48714	-0.89431	-0.12173	0.77797	1.74345	2.70894	3.60864	4.38122	4.97405	5.34671	
5.54261	5.40809	5.01370	4.38631	3.56869	2.61654	1.59476	0.57299	-0.37916	-1.19679	-1.82417	-2.21856	-2.35308	-2.21856	-1.82417	-1.19679	-0.37916	0.57299	1.59476	2.61654	3.56869	4.38631	5.01370	5.40809	
5.55512	5.41511	5.00461	4.35161	3.50060	2.50957	1.44607	0.38257	-0.60845	-1.45946	-2.11247	-2.52296	-2.66298	-2.52296	-2.11247	-1.45946	-0.60845	0.38257	1.44607	2.50957	3.50060	4.35161	5.00461	5.41511	
5.51781	5.37400	4.95238	4.28167	3.40759	2.38971	1.29738	0.20506	-0.81283	-1.68691	-2.35761	-2.77924	-2.92304	-2.77924	-2.35761	-1.68691	-0.81283	0.20506	1.29738	2.38971	3.40759	4.28167	4.95238	5.37400	
5.43455	5.28852	4.86036	4.17925	3.29162	2.25795	1.14869	0.03943	-0.99424	-1.88187	-2.56297	-2.99113	-3.13717	-2.99113	-2.56297	-1.88187	-0.99424	0.03943	1.14869	2.25795	3.29162	4.17925	4.86036	5.28852	
5.30745	5.16068	4.73036	4.04583	3.15373	2.11485	1.00000	-0.11485	-1.15373	-2.04583	-2.73036	-3.16068	-3.30745	-3.16068	-2.73036	-2.04583	-1.15373	-0.11485	1.00000	2.11485	3.15373	4.04583	4.73036	5.16068	
5.13717	4.99113	4.56297	3.88187	2.99424	1.96057	0.85131	-0.25795	-1.29162	-2.17925	-2.86036	-3.28852	-3.43455	-3.28852	-2.86036	-2.17925	-1.29162	-0.25795	0.85131	1.96057	2.99424	3.88187	4.56297	4.99113	
4.92304	4.77924	4.35761	3.68691	2.81283	1.79494	0.70262	-0.38971	-1.40759	-2.28167	-2.95238	-3.37400	-3.51781	-3.37400	-2.95238	-2.28167	-1.40759	-0.38971	0.70262	1.79494	2.81283	3.68691	4.35761	4.77924	
4.66298	4.52296	4.11247	3.45946	2.60845	1.61743	0.55393	-0.50957	-1.50060	-2.35161	-3.00461	-3.41511	-3.55512	-3.41511	-3.00461	-2.35161	-1.50060	-0.50957	0.55393	1.61743	2.60845	3.45946	4.11247	4.52296	
4.35308	4.21856	3.82417	3.19679	2.37916	1.42701	0.40524	-0.61654	-1.56869	-2.38631	-3.01370	-3.40809	-3.54261	-3.40809	-3.01370	-2.38631	-1.56869	-0.61654	0.40524	1.42701	2.37916	3.19679	3.82417	4.21856	
3.98691	3.85980	3.48714	2.89431	2.12173	1.22203	0.25655	-0.70894	-1.60864	-2.38122	-2.97405	-3.34671	-3.47382	-3.34671	-2.97405	-2.38122	-1.60864	-0.70894	0.25655	1.22203	2.12173	2.89431	3.48714	3.85980	
3.55382	3.43640	3.09215	2.54452	1.83084	0.99974	0.10785	-0.78403	-1.61513	-2.32881	-2.87644	-3.22069	-3.33811	-3.22069	-2.87644	-2.32881	-1.61513	-0.78403	0.10785	0.99974	1.83084	2.54452	3.09215	3.43640	
3.03530	2.93048	2.62318	2.13432	1.49723	0.75533	-0.04084	-0.83700	-1.57891	-2.21599	-2.70485	-3.01216	-3.11697	-3.01216	-2.70485	-2.21599	-1.57891	-0.83700	-0.04084	0.75533	1.49723	2.13432	2.62318	2.93048	
2.39494	2.30688	2.04869	1.63797	1.10271	0.47938	-0.18953	-0.85844	-1.48176	-2.01703	-2.42775	-2.68594	-2.77400	-2.68594	-2.42775	-2.01703	-1.48176	-0.85844	-0.18953	0.47938	1.10271	1.63797	2.04869	2.30688	
1.53936	1.47538	1.28781	0.98943	0.60057	0.14773	-0.33822	-0.82417	-1.27701	-1.66587	-1.96425	-2.15182	-2.21579	-2.15182	-1.96425	-1.66587	-1.27701	-0.82417	-0.33822	0.14773	0.60057	0.98943	1.28781	1.47538	
-0.48691	-0.48691	-0.48691	-0.48691	-0.48691	-0.48691	-0.48691	-0.48691	-0.48691	-0.48691	-0.48691	-0.48691	-0.48691	-0.48691	-0.48691	-0.48691	-0.48691	-0.48691	-0.48691	-0.48691	-0.48691	-0.48691	-0.48691	-0.48691	
1.98953	1.98953	1.98953	1.98953	1.98953	1.98953	1.98953	1.98953	1.98953	1.98953	1.98953	1.98953	1.98953	1.98953	1.98953	1.98953	1.98953	1.98953	1.98953	1.98953	1.98953	1.98953	1.98953	1.98953	
3.87761	3.80991	3.61140	3.29562	2.88409	2.40486	1.89058	1.37629	0.89706	0.48553	0.16975	-0.02876	-0.09646	-0.02876	0.16975	0.48553	0.89706	1.37629	1.89058	2.40486	2.88409	3.29562	3.61140	3.80991	
4.52677	4.43357	4.16033	3.72566	3.15920	2.49953	1.79162	1.08371	0.42405	-0.14242	-0.57709	-0.85033	-0.94353	-0.85033	-0.57709	-0.14242	0.42405	1.08371	1.79162	2.49953	3.15920	3.72566	4.16033	4.43357	
4.94815	4.83722	4.51200	3.99464	3.32041	2.53525	1.69267	0.85009	0.06493	-0.60930	-1.12666	-1.45188	-1.56281	-1.45188	-1.12666	-0.60930	0.06493	0.85009	1.69267	2.53525	3.32041	3.99464	4.51200	4.83722	
5.24058	5.11632	4.75199	4.17244	3.41715	2.53759	1.59372	0.64984	-0.22972	-0.98501	-1.56456	-1.92888	-2.05315	-1.92888	-1.56456	-0.98501	-0.22972	0.64984	1.59372	2.53759	3.41715	4.17244	4.75199	5.11632	
5.44261	5.30809	4.91370	4.28631	3.46869	2.51654	1.49476	0.47299	-0.47916	-1.29679	-1.92417	-2.31856	-2.45308	-2.31856	-1.92417	-1.29679	-0.47916	0.47299	1.49476	2.51654	3.46869	4.28631	4.91370	5.30809	
5.57382	5.43146	5.01407	4.35011	3.48482	2.47716	1.39581	0.31446	-0.69319	-1.55849	-2.22245	-2.63984	-2.78220	-2.63984	-2.22245	-1.55849	-0.69319	0.31446	1.39581	2.47716	3.48482	4.35011	5.01407	5.43146	
5.64547	5.49729	5.06286	4.37179	3.47116	2.42236	1.29686	0.17136	-0.87745	-1.77807	-2.46915	-2.90358	-3.05175	-2.90358	-2.46915	-1.77807	-0.87745	0.17136	1.29686	2.42236	3.47116	4.37179	5.06286	5.49729	
5.66438	5.51219	5.06599	4.35618	3.43114	2.35392	1.19791	0.04190	-1.03533	-1.96037	-2.67018	-3.11638	-3.26857	-3.11638	-2.67018	-1.96037	-1.03533	0.04190	1.19791	2.35392	3.43114	4.35618	5.06599	5.51219	
5.63468	5.48013	5.02701	4.30620	3.36682	2.27289	1.09895	-0.07498	-1.16891	-2.10829	-2.82911	-3.28223	-3.43678	-3.28223	-2.82911	-2.10829	-1.16891	-0.07498	1.09895	2.27289	3.36682	4.30620	5.02701	5.48013	
5.55858	5.40325	4.94785	4.22340	3.27929	2.17985	1.00000	-0.17985	-1.27929	-2.22340	-2.94785	-3.40325	-3.55858	-3.40325	-2.94785	-2.22340	-1.27929	-0.17985	1.00000	2.17985	3.27929	4.22340	4.94785	5.40325	
5.43678	5.28223	4.82911	4.10829	3.16891	2.07498	0.90105	-0.27289	-1.36682	-2.30620	-3.02701	-3.48013	-3.63468	-3.48013	-3.02701	-2.30620	-1.36682	-0.27289	0.90105	2.07498	3.16891	4.10829	4.82911	5.28223	
5.26857	5.11638	4.67018	3.96037	3.03533	1.95810	0.80209	-0.35392	-1.43114	-2.35618	-3.06599	-3.51219	-3.66438	-3.51219	-3.06599	-2.35618	-1.43114	-0.35392	0.80209	1.95810	3.03533	3.96037	4.67018	5.11638	
5.05175	4.90358	4.46915	3.77807	2.87745	1.82864	0.70314	-0.42236	-1.47116	-2.37179	-3.06286	-3.49729	-3.64547	-3.49729	-3.06286	-2.37179	-1.47116	-0.42236	0.70314	1.82864	2.87745	3.77807	4.46915	4.90358	
4.78220	4.63984	4.22245	3.55849	2.69319	1.68554	0.60419	-0.47716	-1.48482	-2.35011	-3.01407	-3.43146	-3.57382	-3.43146	-3.01407	-2.35011	-1.48482	-0.47716	0.60419	1.68554	2.69319	3.55849	4.22245	4.63984	
4.45308	4.31856	3.92417	3.29679	2.47916	1.52701	0.50524	-0.51654	-1.46869	-2.28631	-2.91370	-3.30809	-3.44261	-3.30809	-2.91370	-2.28631	-1.46869	-0.51654	0.50524	1.52701	2.47916	3.29679	3.92417	4.31856	
4.05315	3.92888	3.56456	2.98501	2.22972	1.35016	0.40628	-0.53759	-1.41715	-2.17244	-2.75199	-3.11632	-3.24058	-3.11632	-2.75199	-2.17244	-1.41715	-0.53759	0.40628	1.35016	2.22972	2.98501	3.56456	3.92888	
3.56281	3.45188	3.12666	2.60930	1.93507	1.14991	0.30733	-0.53525	-1.32041	-1.99464	-2.51200	-2.83722	-2.94815	-2.83722	-2.51200	-1.99464	-1.32041	-0.53525	0.30733	1.14991	1.93507	2.60930	3.12666	3.45188	
2.94353	2.85033	2.57709	2.14242	1.57595	0.91629	0.20838	-0.49953	-1.15920	-1.72566	-2.16033	-2.43357	-2.52677	-2.43357	-2.16033	-1.72566	-1.15920	-0.49953	0.20838	0.91629	1.57595	2.14242	2.57709	2.85033	
2.09646	2.02876	1.83025	1.51447	1.10294	0.62371	0.10942	-0.40486	-0.88409	-1.29562	-1.61140	-1.80991	-1.87761	-1.80991	-1.61140	-1.29562	-0.88409	-0.40486	0.10942	0.62371	1.10294	1.51447	1.83025	2.02876	
0.01047	0.01047	0.01047	0.01047	0.01047	0.01047	0.01047	0.01047	0.01047	0.01047	0.01047	0.01047	0.01047	0.01047	0.01047	0.01047	0.01047	0.01047	0.01047	0.01047	0.01047	0.01047	0.01047	0.01047	
1.49215	1.49215	1.49215	1.49215	1.49215	1.49215	1.49215	1.49215	1.49215	1.49215	1.49215	1.49215	1.49215	1.49215	1.49215	1.49215	1.49215	1.49215	1.49215	1.49215	1.49215	1.49215	1.49215	1.49215	
3.51111	3.44064	3.23402	2.90535	2.47702	1.97821	1.44293	0.90765	0.40884	-0.01949	-0.34816	-0.55477	-0.62524	-0.55477	-0.34816	-0.01949	0.40884	0.90765	1.44293	1.97821	2.47702	2.90535	3.23402	3.44064	
4.24055	4.14355	3.85915	3.40673	2.81713	2.13053	1.39372	0.65690	-0.02970	-0.61930	-1.07171	-1.35611	-1.45312	-1.35611	-1.07171	-0.61930	-0.02970	0.65690	1.39372	2.13053	2.81713	3.40673	3.85915	4.14355	
4.73291	4.61745	4.27895	3.74047	3.03871	2.22149	1.34450	0.46752	-0.34970	-1.05146	-1.58995	-1.92845	-2.04391	-1.92845	-1.58995	-1.05146	-0.34970	0.46752	1.34450	2.22149	3.03871	3.74047	4.27895	4.61745	
5.09106	4.96173	4.58253	3.97931	3.19318	2.27771	1.29529	0.31287	-0.60260	-1.38873	-1.99195	-2.37115	-2.50049	-2.37115	-1.99195	-1.38873	-0.60260	0.31287	1.29529	2.27771	3.19318	3.97931	4.58253	4.96173	
5.35512	5.21511	4.80461	4.15161	3.30060	2.30957	1.24607	0.18257	-0.80845	-1.65946	-2.31247	-2.72296	-2.86298	-2.72296	-2.31247	-1.65946	-0.80845	0.18257	1.24607	2.30957	3.30060	4.15161	4.80461	5.21511	
5.54547	5.39729	4.96286	4.27179	3.37116	2.32236	1.19686	0.07136	-0.97745	-1.87807	-2.56915	-3.00358	-3.15175	-3.00358	-2.56915	-1.87807	-0.97745	0.07136	1.19686	2.32236	3.37116	4.27179	4.96286	5.39729	
5.67382	5.51959	5.06743	4.34813	3.41073	2.31910	1.14764	-0.02382	-1.11544	-2.05285	-2.77214	-3.22431	-3.37853	-3.22431	-2.77214	-2.05285	-1.11544	-0.02382	1.14764	2.31910	3.41073	4.34813	5.06743	5.51959	
5.74729	5.58888	5.12446	4.38567	3.42286	2.30164	1.09843	-0.10478	-1.22600	-2.18881	-2.92760	-3.39202	-3.55043	-3.39202	-2.92760	-2.18881	-1.22600	-0.10478	1.09843	2.30164	3.42286	4.38567	5.12446	5.58888	
5.77015	5.60929	5.13767	4.38742	3.40968	2.27108	1.04921	-0.17265	-1.31125	-2.28899	-3.03924	-3.51086	-3.67172	-3.51086	-3.03924	-2.28899	-1.31125	-0.17265	1.04921	2.27108	3.40968	4.38742	5.13767	5.60929	
5.74472	5.58305	5.10905	4.35502	3.37236	2.22802	1.00000	-0.22802	-1.37236	-2.35502	-3.10905	-3.58305	-3.74472	-3.58305	-3.10905	-2.35502	-1.37236	-0.22802	1.00000	2.22802	3.37236	4.35502	5.10905	5.58305	
5.67172	5.51086	5.03924	4.28899	3.31125	2.17265	0.95079	-0.27108	-1.40968	-2.38742	-3.13767	-3.60929	-3.77015	-3.60929	-3.13767	-2.38742	-1.40968	-0.27108	0.95079	2.17265	3.31125	4.28899	5.03924	5.51086	
5.55043	5.39202	4.92760	4.18881	3.22600	2.10478	0.90157	-0.30164	-1.42286	-2.38567	-3.12446	-3.58888	-3.74729	-3.58888	-3.12446	-2.38567	-1.42286	-0.30164	0.90157	2.10478	3.22600	4.18881	4.92760	5.39202	
5.37853	5.22431	4.77214	4.05285	3.11544	2.02382	0.85236	-0.31910	-1.41073	-2.34813	-3.06743	-3.51959	-3.67382	-3.51959	-3.06743	-2.34813	-1.41073	-0.31910	0.85236	2.02382	3.11544	4.05285	4.77214	5.22431	
5.15175	5.00358	4.56915	3.87807	2.97745	1.92864	0.80314	-0.32236	-1.37116	-2.27179	-2.96286	-3.39729	-3.54547	-3.39729	-2.96286	-2.27179	-1.37116	-0.32236	0.80314	1.92864	2.97745	3.87807	4.56915	5.00358	
4.86298	4.72296	4.31247	3.65946	2.80845	1.81743	0.75393	-0.30957	-1.30060	-2.15161	-2.80461	-3.21511	-3.35512	-3.21511	-2.80461	-2.15161	-1.30060	-0.30957	0.75393	1.81743	2.80845	3.65946	4.31247	4.72296	
4.50049	4.37115	3.99195	3.38873	2.60260	1.68713	0.70471	-0.27771	-1.19318	-1.97931	-2.58253	-2.96173	-3.09106	-2.96173	-2.58253	-1.97931	-1.19318	-0.27771	0.70471	1.68713	2.60260	3.38873	3.99195	4.37115	
4.04391	3.92845	3.58995	3.05146	2.34970	1.53248	0.65550	-0.22149	-1.03871	-1.74047	-2.27895	-2.61745	-2.73291	-2.61745	-2.27895	-1.74047	-1.03871	-0.22149	0.65550	1.53248	2.34970	3.05146	3.58995	3.92845	
3.45312	3.35611	3.07171	2.61930	2.02970	1.34310	0.60628	-0.13053	-0.81713	-1.40673	-1.85915	-2.14355	-2.24055	-2.14355	-1.85915	-1.40673	-0.81713	-0.13053	0.60628	1.34310	2.02970	2.61930	3.07171	3.35611	
2.62524	2.55477	2.34816	2.01949	1.59116	1.09235	0.55707	0.02179	-0.47702	-0.90535	-1.23402	-1.44064	-1.51111	-1.44064	-1.23402	-0.90535	-0.47702	0.02179	0.55707	1.09235	1.59116	2.01949	2.34816	2.55477	
0.50785	0.50785	0.50785	0.50785	0.50785	0.50785	0.50785	0.50785	0.50785	0.50785	0.50785	0.50785	0.50785	0.50785	0.50785	0.50785	0.50785	0.50785	0.50785	0.50785	0.50785	0.50785	0.50785	0.50785	
0.99476	0.99476	0.99476	0.99476	0.99476	0.99476	0.99476	0.99476	0.99476	0.99476	0.99476	0.99476	0.99476	0.99476	0.99476	0.99476	0.99476	0.99476	0.99476	0.99476	0.99476	0.99476	0.99476	0.99476	
3.11952	3.04714	2.83493	2.49735	2.05740	1.54508	0.99529	0.44550	-0.06683	-0.50677	-0.84435	-1.05657	-1.12895	-1.05657	-0.84435	-0.50677	-0.06683	0.44550	0.99529	1.54508	2.05740	2.49735	2.83493	3.04714	
3.91981	3.82018	3.52807	3.06339	2.45781	1.75260	0.99581	0.23903	-0.46619	-1.07177	-1.53644	-1.82855	-1.92819	-1.82855	-1.53644	-1.07177	-0.46619	0.23903	0.99581	1.75260	2.45781	3.06339	3.52807	3.82018	
4.47659	4.35800	4.01032	3.45724	2.73646	1.89709	0.99633	0.09558	-0.74379	-1.46458	-2.01765	-2.36533	-2.48392	-2.36533	-2.01765	-1.46458	-0.74379	0.09558	0.99633	1.89709	2.73646	3.45724	4.01032	4.35800	
4.89552	4.76268	4.37320	3.75363	2.94619	2.00591	0.99686	-0.01219	-0.95247	-1.75991	-2.37948	-2.76896	-2.90180	-2.76896	-2.37948	-1.75991	-0.95247	-0.01219	0.99686	2.00591	2.94619	3.75363	4.37320	4.76268	
5.21781	5.07400	4.65238	3.98167	3.10759	2.08971	0.99738	-0.09494	-1.11283	-1.98691	-2.65761	-3.07924	-3.22304	-3.07924	-2.65761	-1.98691	-1.11283	-0.09494	0.99738	2.08971	3.10759	3.98167	4.65238	5.07400	
5.46438	5.31219	4.86599	4.15618	3.23114	2.15392	0.99791	-0.15810	-1.23533	-2.16037	-2.87018	-3.31638	-3.46857	-3.31638	-2.87018	-2.16037	-1.23533	-0.15810	0.99791	2.15392	3.23114	4.15618	4.86599	5.31219	
5.64729	5.48888	5.02446	4.28567	3.32286	2.20164	0.99843	-0.20478	-1.32600	-2.28881	-3.02760	-3.49202	-3.65043	-3.49202	-3.02760	-2.28881	-1.32600	-0.20478	0.99843	2.20164	3.32286	4.28567	5.02446	5.48888	
5.77382	5.61112	5.13411	4.37529	3.38639	2.23478	0.99895	-0.23687	-1.38848	-2.37739	-3.13620	-3.61321	-3.77591	-3.61321	-3.13620	-2.37739	-1.38848	-0.23687	0.99895	2.23478	3.38639	4.37529	5.13411	5.61112	
5.84838	5.68315	5.19875	4.42817	3.42393	2.25446	0.99948	-0.25551	-1.42497	-2.42921	-3.19979	-3.68420	-3.84942	-3.68420	-3.19979	-2.42921	-1.42497	-0.25551	0.99948	2.25446	3.42393	4.42817	5.19875	5.68315	
5.87333	5.70727	5.22043	4.44596	3.43666	2.26131	1.00000	-0.26131	-1.43666	-2.44596	-3.22043	-3.70727	-3.87333	-3.70727	-3.22043	-2.44596	-1.43666	-0.26131	1.00000	2.26131	3.43666	4.44596	5.22043	5.70727	
5.84942	5.68420	5.19979	4.42921	3.42497	2.25551	1.00052	-0.25446	-1.42393	-2.42817	-3.19875	-3.68315	-3.84838	-3.68315	-3.19875	-2.42817	-1.42393	-0.25446	1.00052	2.25551	3.42497	4.42921	5.19979	5.68420	
5.77591	5.61321	5.13620	4.37739	3.38848	2.23687	1.00105	-0.23478	-1.38639	-2.37529	-3.13411	-3.61112	-3.77382	-3.61112	-3.13411	-2.37529	-1.38639	-0.23478	1.00105	2.23687	3.38848	4.37739	5.13620	5.61321	
5.65043	5.49202	5.02760	4.28881	3.32600	2.20478	1.00157	-0.20164	-1.32286	-2.28567	-3.02446	-3.48888	-3.64729	-3.48888	-3.02446	-2.28567	-1.32286	-0.20164	1.00157	2.20478	3.32600	4.28881	5.02760	5.49202	
5.46857	5.31638	4.87018	4.16037	3.23533	2.15810	1.00209	-0.15392	-1.23114	-2.15618	-2.86599	-3.31219	-3.46438	-3.31219	-2.86599	-2.15618	-1.23114	-0.15392	1.00209	2.15810	3.23533	4.16037	4.87018	5.31638	
5.22304	5.07924	4.65761	3.98691	3.11283	2.09494	1.00262	-0.08971	-1.10759	-1.98167	-2.65238	-3.07400	-3.21781	-3.07400	-2.65238	-1.98167	-1.10759	-0.08971	1.00262	2.09494	3.11283	3.98691	4.65761	5.07924	
4.90180	4.76896	4.37948	3.75991	2.95247	2.01219	1.00314	-0.00591	-0.94619	-1.75363	-2.37320	-2.76268	-2.89552	-2.76268	-2.37320	-1.75363	-0.94619	-0.00591	1.00314	2.01219	2.95247	3.75991	4.37948	4.76896	
4.48392	4.36533	4.01765	3.46458	2.74379	1.90442	1.00367	0.10291	-0.73646	-1.45724	-2.01032	-2.35800	-2.47659	-2.35800	-2.01032	-1.45724	-0.73646	0.10291	1.00367	1.90442	2.74379	3.46458	4.01765	4.36533	
3.92819	3.82855	3.53644	3.07177	2.46619	1.76097	1.00419	0.24740	-0.45781	-1.06339	-1.52807	-1.82018	-1.91981	-1.82018	-1.52807	-1.06339	-0.45781	0.24740	1.00419	1.76097	2.46619	3.07177	3.53644	3.82855	
3.12895	3.05657	2.84435	2.50677	2.06683	1.55450	1.00471	0.45492	-0.05740	-0.49735	-0.83493	-1.04714	-1.11952	-1.04714	-0.83493	-0.49735	-0.05740	0.45492	1.00471	1.55450	2.06683	2.50677	2.84435	3.05657	
1.00524	1.00524	1.00524	1.00524	1.00524	1.00524	1.00524	1.00524	1.00524	1.00524	1.00524	1.00524	1.00524	1.00524	1.00524	1.00524	1.00524	1.00524	1.00524	1.00524	1.00524	1.00524	1.00524	1.00524	
0.49738	0.49738	0.49738	0.49738	0.49738	0.49738	0.49738	0.49738	0.49738	0.49738	0.49738	0.49738	0.49738	0.49738	0.49738	0.49738	0.49738	0.49738	0.49738	0.49738	0.49738	0.49738	0.49738	0.49738	
2.70481	2.63131	2.41581	2.07299	1.62623	1.10596	0.54764	-0.01067	-0.53094	-0.97771	-1.32052	-1.53602	-1.60953	-1.53602	-1.32052	-0.97771	-0.53094	-0.01067	0.54764	1.10596	1.62623	2.07299	2.41581	2.63131	
3.56724	3.46606	3.16942	2.69754	2.08257	1.36643	0.59791	-0.17061	-0.88676	-1.50173	-1.97361	-2.27025	-2.37143	-2.27025	-1.97361	-1.50173	-0.88676	-0.17061	0.59791	1.36643	2.08257	2.69754	3.16942	3.46606	
4.18238	4.06195	3.70889	3.14723	2.41527	1.56289	0.64817	-0.26655	-1.11894	-1.85090	-2.41255	-2.76562	-2.88605	-2.76562	-2.41255	-1.85090	-1.11894	-0.26655	0.64817	1.56289	2.41527	3.14723	3.70889	4.06195	
4.65754	4.52264	4.12712	3.49794	2.67798	1.72312	0.69843	-0.32626	-1.28113	-2.10108	-2.73026	-3.12578	-3.26068	-3.12578	-2.73026	-2.10108	-1.28113	-0.32626	0.69843	1.72312	2.67798	3.49794	4.12712	4.52264	
5.03455	4.88852	4.46036	3.77925	2.89162	1.85795	0.74869	-0.36057	-1.39424	-2.28187	-2.96297	-3.39113	-3.53717	-3.39113	-2.96297	-2.28187	-1.39424	-0.36057	0.74869	1.85795	2.89162	3.77925	4.46036	4.88852	
5.33468	5.18013	4.72701	4.00620	3.06682	1.97289	0.79895	-0.37498	-1.46891	-2.40829	-3.12911	-3.58223	-3.73678	-3.58223	-3.12911	-2.40829	-1.46891	-0.37498	0.79895	1.97289	3.06682	4.00620	4.72701	5.18013	
5.57015	5.40929	4.93767	4.18742	3.20968	2.07108	0.84921	-0.37265	-1.51125	-2.48899	-3.23924	-3.71086	-3.87172	-3.71086	-3.23924	-2.48899	-1.51125	-0.37265	0.84921	2.07108	3.20968	4.18742	4.93767	5.40929	
5.74838	5.58315	5.09875	4.32817	3.32393	2.15446	0.89948	-0.35551	-1.52497	-2.52921	-3.29979	-3.78420	-3.94942	-3.78420	-3.29979	-2.52921	-1.52497	-0.35551	0.89948	2.15446	3.32393	4.32817	5.09875	5.58315	
5.87382	5.70604	5.21412	4.43159	3.41178	2.22418	0.94974	-0.32471	-1.51230	-2.53211	-3.31464	-3.80656	-3.97434	-3.80656	-3.31464	-2.53211	-1.51230	-0.32471	0.94974	2.22418	3.41178	4.43159	5.21412	5.70604	
5.94889	5.78026	5.28586	4.49939	3.47444	2.28087	1.00000	-0.28087	-1.47444	-2.49939	-3.28586	-3.78026	-3.94889	-3.78026	-3.28586	-2.49939	-1.47444	-0.28087	1.00000	2.28087	3.47444	4.49939	5.28586	5.78026	
5.97434	5.80656	5.31464	4.53211	3.51230	2.32471	1.05026	-0.22418	-1.41178	-2.43159	-3.21412	-3.70604	-3.87382	-3.70604	-3.21412	-2.43159	-1.41178	-0.22418	1.05026	2.32471	3.51230	4.53211	5.31464	5.80656	
5.94942	5.78420	5.29979	4.52921	3.52497	2.35551	1.10052	-0.15446	-1.32393	-2.32817	-3.09875	-3.58315	-3.74838	-3.58315	-3.09875	-2.32817	-1.32393	-0.15446	1.10052	2.35551	3.52497	4.52921	5.29979	5.78420	
5.87172	5.71086	5.23924	4.48899	3.51125	2.37265	1.15079	-0.07108	-1.20968	-2.18742	-2.93767	-3.40929	-3.57015	-3.40929	-2.93767	-2.18742	-1.20968	-0.07108	1.15079	2.37265	3.51125	4.48899	5.23924	5.71086	
5.73678	5.58223	5.12911	4.40829	3.46891	2.37498	1.20105	0.02711	-1.06682	-2.00620	-2.72701	-3.18013	-3.33468	-3.18013	-2.72701	-2.00620	-1.06682	0.02711	1.20105	2.37498	3.46891	4.40829	5.12911	5.58223	
5.53717	5.39113	4.96297	4.28187	3.39424	2.36057	1.25131	0.14205	-0.89162	-1.77925	-2.46036	-2.88852	-3.03455	-2.88852	-2.46036	-1.77925	-0.89162	0.14205	1.25131	2.36057	3.39424	4.28187	4.96297	5.39113	
5.26068	5.12578	4.73026	4.10108	3.28113	2.32626	1.30157	0.27688	-0.67798	-1.49794	-2.12712	-2.52264	-2.65754	-2.52264	-2.12712	-1.49794	-0.67798	0.27688	1.30157	2.32626	3.28113	4.10108	4.73026	5.12578	
4.88605	4.76562	4.41255	3.85090	3.11894	2.26655	1.35183	0.43711	-0.41527	-1.14723	-1.70889	-2.06195	-2.18238	-2.06195	-1.70889	-1.14723	-0.41527	0.43711	1.35183	2.26655	3.11894	3.85090	4.41255	4.76562	
4.37143	4.27025	3.97361	3.50173	2.88676	2.17061	1.40209	0.63357	-0.08257	-0.69754	-1.16942	-1.46606	-1.56724	-1.46606	-1.16942	-0.69754	-0.08257	0.63357	1.40209	2.17061	2.88676	3.50173	3.97361	4.27025	
3.60953	3.53602	3.32052	2.97771	2.53094	2.01067	1.45236	0.89404	0.37377	-0.07299	-0.41581	-0.63131	-0.70481	-0.63131	-0.41581	-0.07299	0.37377	0.89404	1.45236	2.01067	2.53094	2.97771	3.32052	3.53602	
1.50262	1.50262	1.50262	1.50262	1.50262	1.50262	1.50262	1.50262	1.50262	1.50262	1.50262	1.50262	1.50262	1.50262	1.50262	1.50262	1.50262	1.50262	1.50262	1.50262	1.50262	1.50262	1.50262	1.50262	
0.00000	0.00000	0.00000	0.00000	0.00000	0.00000	0.00000	0.00000	0.00000	0.00000	0.00000	0.00000	0.00000	0.00000	0.00000	0.00000	0.00000	0.00000	0.00000	0.00000	0.00000	0.00000	0.00000	0.00000	
2.26804	2.19416	1.97758	1.63303	1.18402	0.66113	0.10000	-0.46113	-0.98402	-1.43303	-1.77758	-1.99416	-2.06804	-1.99416	-1.77758	-1.43303	-0.98402	-0.46113	0.10000	0.66113	1.18402	1.63303	1.97758	2.19416	
3.18429	3.08260	2.78447	2.31021	1.69215	0.97239	0.20000	-0.57239	-1.29215	-1.91021	-2.38447	-2.68260	-2.78429	-2.68260	-2.38447	-1.91021	-1.29215	-0.57239	0.20000	0.97239	1.69215	2.31021	2.78447	3.08260	
3.85202	3.73099	3.37614	2.81166	2.07601	1.21933	0.30000	-0.61933	-1.47601	-2.21166	-2.77614	-3.13099	-3.25202	-3.13099	-2.77614	-2.21166	-1.47601	-0.61933	0.30000	1.21933	2.07601	2.81166	3.37614	3.73099	
4.37906	4.24347	3.84596	3.21362	2.38953	1.42986	0.40000	-0.62986	-1.58953	-2.41362	-3.04596	-3.44347	-3.57906	-3.44347	-3.04596	-2.41362	-1.58953	-0.62986	0.40000	1.42986	2.38953	3.21362	3.84596	4.24347	
4.80745	4.66068	4.23036	3.54583	2.65373	1.61485	0.50000	-0.61485	-1.65373	-2.54583	-3.23036	-3.66068	-3.80745	-3.66068	-3.23036	-2.54583	-1.65373	-0.61485	0.50000	1.61485	2.65373	3.54583	4.23036	4.66068	
5.15858	5.00325	4.54785	3.82340	2.87929	1.77985	0.60000	-0.57985	-1.67929	-2.62340	-3.34785	-3.80325	-3.95858	-3.80325	-3.34785	-2.62340	-1.67929	-0.57985	0.60000	1.77985	2.87929	3.82340	4.54785	5.00325	
5.44472	5.28305	4.80905	4.05502	3.07236	1.92802	0.70000	-0.52802	-1.67236	-2.65502	-3.40905	-3.88305	-4.04472	-3.88305	-3.40905	-2.65502	-1.67236	-0.52802	0.70000	1.92802	3.07236	4.05502	4.80905	5.28305	
5.67333	5.50727	5.02043	4.24596	3.23666	2.06131	0.80000	-0.46131	-1.63666	-2.64596	-3.42043	-3.90727	-4.07333	-3.90727	-3.42043	-2.64596	-1.63666	-0.46131	0.80000	2.06131	3.23666	4.24596	5.02043	5.50727	
5.84889	5.68026	5.18586	4.39939	3.37444	2.18087	0.90000	-0.38087	-1.57444	-2.59939	-3.38586	-3.88026	-4.04889	-3.88026	-3.38586	-2.59939	-1.57444	-0.38087	0.90000	2.18087	3.37444	4.39939	5.18586	5.68026	
5.97382	5.80434	5.30745	4.51702	3.48691	2.28732	1.00000	-0.28732	-1.48691	-2.51702	-3.30745	-3.80434	-3.97382	-3.80434	-3.30745	-2.51702	-1.48691	-0.28732	1.00000	2.28732	3.48691	4.51702	5.30745	5.80434	
6.04889	5.88026	5.38586	4.59939	3.57444	2.38087	1.10000	-0.18087	-1.37444	-2.39939	-3.18586	-3.68026	-3.84889	-3.68026	-3.18586	-2.39939	-1.37444	-0.18087	1.10000	2.38087	3.57444	4.59939	5.38586	5.88026	
6.07333	5.90727	5.42043	4.64596	3.63666	2.46131	1.20000	-0.06131	-1.23666	-2.24596	-3.02043	-3.50727	-3.67333	-3.50727	-3.02043	-2.24596	-1.23666	-0.06131	1.20000	2.46131	3.63666	4.64596	5.42043	5.90727	
6.04472	5.88305	5.40905	4.65502	3.67236	2.52802	1.30000	0.07198	-1.07236	-2.05502	-2.80905	-3.28305	-3.44472	-3.28305	-2.80905	-2.05502	-1.07236	0.07198	1.30000	2.52802	3.67236	4.65502	5.40905	5.88305	
5.95858	5.80325	5.34785	4.62340	3.67929	2.57985	1.40000	0.22015	-0.87929	-1.82340	-2.54785	-3.00325	-3.15858	-3.00325	-2.54785	-1.82340	-0.87929	0.22015	1.40000	2.57985	3.67929	4.62340	5.34785	5.80325	
5.80745	5.66068	5.23036	4.54583	3.65373	2.61485	1.50000	0.38515	-0.65373	-1.54583	-2.23036	-2.66068	-2.80745	-2.66068	-2.23036	-1.54583	-0.65373	0.38515	1.50000	2.61485	3.65373	4.54583	5.23036	5.66068	
5.57906	5.44347	5.04596	4.41362	3.58953	2.62986	1.60000	0.57014	-0.38953	-1.21362	-1.84596	-2.24347	-2.37906	-2.24347	-1.84596	-1.21362	-0.38953	0.57014	1.60000	2.62986	3.58953	4.41362	5.04596	5.44347	
5.25202	5.13099	4.77614	4.21166	3.47601	2.61933	1.70000	0.78067	-0.07601	-0.81166	-1.37614	-1.73099	-1.85202	-1.73099	-1.37614	-0.81166	-0.07601	0.78067	1.70000	2.61933	3.47601	4.21166	4.77614	5.13099	
4.78429	4.68260	4.38447	3.91021	3.29215	2.57239	1.80000	1.02761	0.30785	-0.31021	-0.78447	-1.08260	-1.18429	-1.08260	-0.78447	-0.31021	0.30785	1.02761	1.80000	2.57239	3.29215	3.91021	4.38447	4.68260	
4.06804	3.99416	3.77758	3.43303	2.98402	2.46113	1.90000	1.33887	0.81598	0.36697	0.02242	-0.19416	-0.26804	-0.19416	0.02242	0.36697	0.81598	1.33887	1.90000	2.46113	2.98402	3.43303	3.77758	3.99416	
2.00000	2.00000	2.00000	2.00000	2.00000	2.00000	2.00000	2.00000	2.00000	2.00000	2.00000	2.00000	2.00000	2.00000	2.00000	2.00000	2.00000	2.00000	2.00000	2.00000	2.00000	2.00000	2.00000	2.00000	
-0.49738	-0.49738	-0.49738	-0.49738	-0.49738	-0.49738	-0.49738	-0.49738	-0.49738	-0.49738	-0.49738	-0.49738	-0.49738	-0.49738	-0.49738	-0.49738	-0.49738	-0.49738	-0.49738	-0.49738	-0.49738	-0.49738	-0.49738	-0.49738	
1.80953	1.73602	1.52052	1.17771	0.73094	0.21067	-0.34764	-0.90596	-1.42623	-1.87299	-2.21581	-2.43131	-2.50481	-2.43131	-2.21581	-1.87299	-1.42623	-0.90596	-0.34764	0.21067	0.73094	1.17771	1.52052	1.73602	
2.77143	2.67025	2.37361	1.90173	1.28676	0.57061	-0.19791	-0.96643	-1.68257	-2.29754	-2.76942	-3.06606	-3.16724	-3.06606	-2.76942	-2.29754	-1.68257	-0.96643	-0.19791	0.57061	1.28676	1.90173	2.37361	2.67025	
3.48605	3.36562	3.01255	2.45090	1.71894	0.86655	-0.04817	-0.96289	-1.81527	-2.54723	-3.10889	-3.46195	-3.58238	-3.46195	-3.10889	-2.54723	-1.81527	-0.96289	-0.04817	0.86655	1.71894	2.45090	3.01255	3.36562	
4.06068	3.92578	3.53026	2.90108	2.08113	1.12626	0.10157	-0.92312	-1.87798	-2.69794	-3.32712	-3.72264	-3.85754	-3.72264	-3.32712	-2.69794	-1.87798	-0.92312	0.10157	1.12626	2.08113	2.90108	3.53026	3.92578	
4.53717	4.39113	3.96297	3.28187	2.39424	1.36057	0.25131	-0.85795	-1.89162	-2.77925	-3.46036	-3.88852	-4.03455	-3.88852	-3.46036	-2.77925	-1.89162	-0.85795	0.25131	1.36057	2.39424	3.28187	3.96297	4.39113	
4.93678	4.78223	4.32911	3.60829	2.66891	1.57498	0.40105	-0.77289	-1.86682	-2.80620	-3.52701	-3.98013	-4.13468	-3.98013	-3.52701	-2.80620	-1.86682	-0.77289	0.40105	1.57498	2.66891	3.60829	4.32911	4.78223	
5.27172	5.11086	4.63924	3.88899	2.91125	1.77265	0.55079	-0.67108	-1.80968	-2.78742	-3.53767	-4.00929	-4.17015	-4.00929	-3.53767	-2.78742	-1.80968	-0.67108	0.55079	1.77265	2.91125	3.88899	4.63924	5.11086	
5.54942	5.38420	4.89979	4.12921	3.12497	1.95551	0.70052	-0.55446	-1.72393	-2.72817	-3.49875	-3.98315	-4.14838	-3.98315	-3.49875	-2.72817	-1.72393	-0.55446	0.70052	1.95551	3.12497	4.12921	4.89979	5.38420	
5.77434	5.60656	5.11464	4.33211	3.31230	2.12471	0.85026	-0.42418	-1.61178	-2.63159	-3.41412	-3.90604	-4.07382	-3.90604	-3.41412	-2.63159	-1.61178	-0.42418	0.85026	2.12471	3.31230	4.33211	5.11464	5.60656	
5.94889	5.78026	5.28586	4.49939	3.47444	2.28087	1.00000	-0.28087	-1.47444	-2.49939	-3.28586	-3.78026	-3.94889	-3.78026	-3.28586	-2.49939	-1.47444	-0.28087	1.00000	2.28087	3.47444	4.49939	5.28586	5.78026	
6.07382	5.90604	5.41412	4.63159	3.61178	2.42418	1.14974	-0.12471	-1.31230	-2.33211	-3.11464	-3.60656	-3.77434	-3.60656	-3.11464	-2.33211	-1.31230	-0.12471	1.14974	2.42418	3.61178	4.63159	5.41412	5.90604	
6.14838	5.98315	5.49875	4.72817	3.72393	2.55446	1.29948	0.04449	-1.12497	-2.12921	-2.89979	-3.38420	-3.54942	-3.38420	-2.89979	-2.12921	-1.12497	0.04449	1.29948	2.55446	3.72393	4.72817	5.49875	5.98315	
6.17015	6.00929	5.53767	4.78742	3.80968	2.67108	1.44921	0.22735	-0.91125	-1.88899	-2.63924	-3.11086	-3.27172	-3.11086	-2.63924	-1.88899	-0.91125	0.22735	1.44921	2.67108	3.80968	4.78742	5.53767	6.00929	
6.13468	5.98013	5.52701	4.80620	3.86682	2.77289	1.59895	0.42502	-0.66891	-1.60829	-2.32911	-2.78223	-2.93678	-2.78223	-2.32911	-1.60829	-0.66891	0.42502	1.59895	2.77289	3.86682	4.80620	5.52701	5.98013	
6.03455	5.88852	5.46036	4.77925	3.89162	2.85795	1.74869	0.63943	-0.39424	-1.28187	-1.96297	-2.39113	-2.53717	-2.39113	-1.96297	-1.28187	-0.39424	0.63943	1.74869	2.85795	3.89162	4.77925	5.46036	5.88852	
5.85754	5.72264	5.32712	4.69794	3.87798	2.92312	1.89843	0.87374	-0.08113	-0.90108	-1.53026	-1.92578	-2.06068	-1.92578	-1.53026	-0.90108	-0.08113	0.87374	1.89843	2.92312	3.87798	4.69794	5.32712	5.72264	
5.58238	5.46195	5.10889	4.54723	3.81527	2.96289	2.04817	1.13345	0.28106	-0.45090	-1.01255	-1.36562	-1.48605	-1.36562	-1.01255	-0.45090	0.28106	1.13345	2.04817	2.96289	3.81527	4.54723	5.10889	5.46195	
5.16724	5.06606	4.76942	4.29754	3.68257	2.96643	2.19791	1.42939	0.71324	0.09827	-0.37361	-0.67025	-0.77143	-0.67025	-0.37361	0.09827	0.71324	1.42939	2.19791	2.96643	3.68257	4.29754	4.76942	5.06606	
4.50481	4.43131	4.21581	3.87299	3.42623	2.90596	2.34764	1.78933	1.26906	0.82229	0.47948	0.26398	0.19047	0.26398	0.47948	0.82229	1.26906	1.78933	2.34764	2.90596	3.42623	3.87299	4.21581	4.43131	
2.49738	2.49738	2.49738	2.49738	2.49738	2.49738	2.49738	2.49738	2.49738	2.49738	2.49738	2.49738	2.49738	2.49738	2.49738	2.49738	2.49738	2.49738	2.49738	2.49738	2.49738	2.49738	2.49738	2.49738	
-0.99476	-0.99476	-0.99476	-0.99476	-0.99476	-0.99476	-0.99476	-0.99476	-0.99476	-0.99476	-0.99476	-0.99476	-0.99476	-0.99476	-0.99476	-0.99476	-0.99476	-0.99476	-0.99476	-0.99476	-0.99476	-0.99476	-0.99476	-0.99476	
1.32895	1.25657	1.04435	0.70677	0.26683	-0.24550	-0.79529	-1.34508	-1.85740	-2.29735	-2.63493	-2.84714	-2.91952	-2.84714	-2.63493	-2.29735	-1.85740	-1.34508	-0.79529	-0.24550	0.26683	0.70677	1.04435	1.25657	
2.32819	2.22855	1.93644	1.47177	0.86619	0.16097	-0.59581	-1.35260	-2.05781	-2.66339	-3.12807	-3.42018	-3.51981	-3.42018	-3.12807	-2.66339	-2.05781	-1.35260	-0.59581	0.16097	0.86619	1.47177	1.93644	2.22855	
3.08392	2.96533	2.61765	2.06458	1.34379	0.50442	-0.39633	-1.29709	-2.13646	-2.85724	-3.41032	-3.75800	-3.87659	-3.75800	-3.41032	-2.85724	-2.13646	-1.29709	-0.39633	0.50442	1.34379	2.06458	2.61765	2.96533	
3.70180	3.56896	3.17948	2.55991	1.75247	0.81219	-0.19686	-1.20591	-2.14619	-2.95363	-3.57320	-3.96268	-4.09552	-3.96268	-3.57320	-2.95363	-2.14619	-1.20591	-0.19686	0.81219	1.75247	2.55991	3.17948	3.56896	
4.22304	4.07924	3.65761	2.98691	2.11283	1.09494	0.00262	-1.08971	-2.10759	-2.98167	-3.65238	-4.07400	-4.21781	-4.07400	-3.65238	-2.98167	-2.10759	-1.08971	0.00262	1.09494	2.11283	2.98691	3.65761	4.07924	
4.66857	4.51638	4.07018	3.36037	2.43533	1.35810	0.20209	-0.95392	-2.03114	-2.95618	-3.66599	-4.11219	-4.26438	-4.11219	-3.66599	-2.95618	-2.03114	-0.95392	0.20209	1.35810	2.43533	3.36037	4.07018	4.51638	
5.05043	4.89202	4.42760	3.68881	2.72600	1.60478	0.40157	-0.80164	-1.92286	-2.88567	-3.62446	-4.08888	-4.24729	-4.08888	-3.62446	-2.88567	-1.92286	-0.80164	0.40157	1.60478	2.72600	3.68881	4.42760	4.89202	
5.37591	5.21321	4.73620	3.97739	2.98848	1.83687	0.60105	-0.63478	-1.78639	-2.77529	-3.53411	-4.01112	-4.17382	-4.01112	-3.53411	-2.77529	-1.78639	-0.63478	0.60105	1.83687	2.98848	3.97739	4.73620	5.21321	
5.64942	5.48420	4.99979	4.22921	3.22497	2.05551	0.80052	-0.45446	-1.62393	-2.62817	-3.39875	-3.88315	-4.04838	-3.88315	-3.39875	-2.62817	-1.62393	-0.45446	0.80052	2.05551	3.22497	4.22921	4.99979	5.48420	
5.87333	5.70727	5.22043	4.44596	3.43666	2.26131	1.00000	-0.26131	-1.43666	-2.44596	-3.22043	-3.70727	-3.87333	-3.70727	-3.22043	-2.44596	-1.43666	-0.26131	1.00000	2.26131	3.43666	4.44596	5.22043	5.70727	
6.04838	5.88315	5.39875	4.62817	3.62393	2.45446	1.19948	-0.05551	-1.22497	-2.22921	-2.99979	-3.48420	-3.64942	-3.48420	-2.99979	-2.22921	-1.22497	-0.05551	1.19948	2.45446	3.62393	4.62817	5.39875	5.88315	
6.17382	6.01112	5.53411	4.77529	3.78639	2.63478	1.39895	0.16313	-0.98848	-1.97739	-2.73620	-3.21321	-3.37591	-3.21321	-2.73620	-1.97739	-0.98848	0.16313	1.39895	2.63478	3.78639	4.77529	5.53411	6.01112	
6.24729	6.08888	5.62446	4.88567	3.92286	2.80164	1.59843	0.39522	-0.72600	-1.68881	-2.42760	-2.89202	-3.05043	-2.89202	-2.42760	-1.68881	-0.72600	0.39522	1.59843	2.80164	3.92286	4.88567	5.62446	6.08888	
6.26438	6.11219	5.66599	4.95618	4.03114	2.95392	1.79791	0.64190	-0.43533	-1.36037	-2.07018	-2.51638	-2.66857	-2.51638	-2.07018	-1.36037	-0.43533	0.64190	1.79791	2.95392	4.03114	4.95618	5.66599	6.11219	
6.21781	6.07400	5.65238	4.98167	4.10759	3.08971	1.99738	0.90506	-0.11283	-0.98691	-1.65761	-2.07924	-2.22304	-2.07924	-1.65761	-0.98691	-0.11283	0.90506	1.99738	3.08971	4.10759	4.98167	5.65238	6.07400	
6.09552	5.96268	5.57320	4.95363	4.14619	3.20591	2.19686	1.18781	0.24753	-0.55991	-1.17948	-1.56896	-1.70180	-1.56896	-1.17948	-0.55991	0.24753	1.18781	2.19686	3.20591	4.14619	4.95363	5.57320	5.96268	
5.87659	5.75800	5.41032	4.85724	4.13646	3.29709	2.39633	1.49558	0.65621	-0.06458	-0.61765	-0.96533	-1.08392	-0.96533	-0.61765	-0.06458	0.65621	1.49558	2.39633	3.29709	4.13646	4.85724	5.41032	5.75800	
5.51981	5.42018	5.12807	4.66339	4.05781	3.35260	2.59581	1.83903	1.13381	0.52823	0.06356	-0.22855	-0.32819	-0.22855	0.06356	0.52823	1.13381	1.83903	2.59581	3.35260	4.05781	4.66339	5.12807	5.42018	
4.91952	4.84714	4.63493	4.29735	3.85740	3.34508	2.79529	2.24550	1.73317	1.29323	0.95565	0.74343	0.67105	0.74343	0.95565	1.29323	1.73317	2.24550	2.79529	3.34508	3.85740	4.29735	4.63493	4.84714	
2.99476	2.99476	2.99476	2.99476	2.99476	2.99476	2.99476	2.99476	2.99476	2.99476	2.99476	2.99476	2.99476	2.99476	2.99476	2.99476	2.99476	2.99476	2.99476	2.99476	2.99476	2.99476	2.99476	2.99476	
-1.49215	-1.49215	-1.49215	-1.49215	-1.49215	-1.49215	-1.49215	-1.49215	-1.49215	-1.49215	-1.49215	-1.49215	-1.49215	-1.49215	-1.49215	-1.49215	-1.49215	-1.49215	-1.49215	-1.49215	-1.49215	-1.49215	-1.49215	-1.49215	
0.82524	0.75477	0.54816	0.21949	-0.20884	-0.70765	-1.24293	-1.77821	-2.27702	-2.70535	-3.03402	-3.24064	-3.31111	-3.24064	-3.03402	-2.70535	-2.27702	-1.77821	-1.24293	-0.70765	-0.20884	0.21949	0.54816	0.75477	
1.85312	1.75611	1.47171	1.01930	0.42970	-0.25690	-0.99372	-1.73053	-2.41713	-3.00673	-3.45915	-3.74355	-3.84055	-3.74355	-3.45915	-3.00673	-2.41713	-1.73053	-0.99372	-0.25690	0.42970	1.01930	1.47171	1.75611	
2.64391	2.52845	2.18995	1.65146	0.94970	0.13248	-0.74450	-1.62149	-2.43871	-3.14047	-3.67895	-4.01745	-4.13291	-4.01745	-3.67895	-3.14047	-2.43871	-1.62149	-0.74450	0.13248	0.94970	1.65146	2.18995	2.52845	
3.30049	3.17115	2.79195	2.18873	1.40260	0.48713	-0.49529	-1.47771	-2.39318	-3.17931	-3.78253	-4.16173	-4.29106	-4.16173	-3.78253	-3.17931	-2.39318	-1.47771	-0.49529	0.48713	1.40260	2.18873	2.79195	3.17115	
3.86298	3.72296	3.31247	2.65946	1.80845	0.81743	-0.24607	-1.30957	-2.30060	-3.15161	-3.80461	-4.21511	-4.35512	-4.21511	-3.80461	-3.15161	-2.30060	-1.30957	-0.24607	0.81743	1.80845	2.65946	3.31247	3.72296	
4.35175	4.20358	3.76915	3.07807	2.17745	1.12864	0.00314	-1.12236	-2.17116	-3.07179	-3.76286	-4.19729	-4.34547	-4.19729	-3.76286	-3.07179	-2.17116	-1.12236	0.00314	1.12864	2.17745	3.07807	3.76915	4.20358	
4.77853	4.62431	4.17214	3.45285	2.51544	1.42382	0.25236	-0.91910	-2.01073	-2.94813	-3.66743	-4.11959	-4.27382	-4.11959	-3.66743	-2.94813	-2.01073	-0.91910	0.25236	1.42382	2.51544	3.45285	4.17214	4.62431	
5.15043	4.99202	4.52760	3.78881	2.82600	1.70478	0.50157	-0.70164	-1.82286	-2.78567	-3.52446	-3.98888	-4.14729	-3.98888	-3.52446	-2.78567	-1.82286	-0.70164	0.50157	1.70478	2.82600	3.78881	4.52760	4.99202	
5.47172	5.31086	4.83924	4.08899	3.11125	1.97265	0.75079	-0.47108	-1.60968	-2.58742	-3.33767	-3.80929	-3.97015	-3.80929	-3.33767	-2.58742	-1.60968	-0.47108	0.75079	1.97265	3.11125	4.08899	4.83924	5.31086	
5.74472	5.58305	5.10905	4.35502	3.37236	2.22802	1.00000	-0.22802	-1.37236	-2.35502	-3.10905	-3.58305	-3.74472	-3.58305	-3.10905	-2.35502	-1.37236	-0.22802	1.00000	2.22802	3.37236	4.35502	5.10905	5.58305	
5.97015	5.80929	5.33767	4.58742	3.60968	2.47108	1.24921	0.02735	-1.11125	-2.08899	-2.83924	-3.31086	-3.47172	-3.31086	-2.83924	-2.08899	-1.11125	0.02735	1.24921	2.47108	3.60968	4.58742	5.33767	5.80929	
6.14729	5.98888	5.52446	4.78567	3.82286	2.70164	1.49843	0.29522	-0.82600	-1.78881	-2.52760	-2.99202	-3.15043	-2.99202	-2.52760	-1.78881	-0.82600	0.29522	1.49843	2.70164	3.82286	4.78567	5.52446	5.98888	
6.27382	6.11959	5.66743	4.94813	4.01073	2.91910	1.74764	0.57618	-0.51544	-1.45285	-2.17214	-2.62431	-2.77853	-2.62431	-2.17214	-1.45285	-0.51544	0.57618	1.74764	2.91910	4.01073	4.94813	5.66743	6.11959	
6.34547	6.19729	5.76286	5.07179	4.17116	3.12236	1.99686	0.87136	-0.17745	-1.07807	-1.76915	-2.20358	-2.35175	-2.20358	-1.76915	-1.07807	-0.17745	0.87136	1.99686	3.12236	4.17116	5.07179	5.76286	6.19729	
6.35512	6.21511	5.80461	5.15161	4.30060	3.30957	2.24607	1.18257	0.19155	-0.65946	-1.31247	-1.72296	-1.86298	-1.72296	-1.31247	-0.65946	0.19155	1.18257	2.24607	3.30957	4.30060	5.15161	5.80461	6.21511	
6.29106	6.16173	5.78253	5.17931	4.39318	3.47771	2.49529	1.51287	0.59740	-0.18873	-0.79195	-1.17115	-1.30049	-1.17115	-0.79195	-0.18873	0.59740	1.51287	2.49529	3.47771	4.39318	5.17931	5.78253	6.16173	
6.13291	6.01745	5.67895	5.14047	4.43871	3.62149	2.74450	1.86752	1.05030	0.34854	-0.18995	-0.52845	-0.64391	-0.52845	-0.18995	0.34854	1.05030	1.86752	2.74450	3.62149	4.43871	5.14047	5.67895	6.01745	
5.84055	5.74355	5.45915	5.00673	4.41713	3.73053	2.99372	2.25690	1.57030	0.98070	0.52829	0.24389	0.14688	0.24389	0.52829	0.98070	1.57030	2.25690	2.99372	3.73053	4.41713	5.00673	5.45915	5.74355	
5.31111	5.24064	5.03402	4.70535	4.27702	3.77821	3.24293	2.70765	2.20884	1.78051	1.45184	1.24523	1.17476	1.24523	1.45184	1.78051	2.20884	2.70765	3.24293	3.77821	4.27702	4.70535	5.03402	5.24064	
3.49215	3.49215	3.49215	3.49215	3.49215	3.49215	3.49215	3.49215	3.49215	3.49215	3.49215	3.49215	3.49215	3.49215	3.49215	3.49215	3.49215	3.49215	3.49215	3.49215	3.49215	3.49215	3.49215	3.49215	
-1.98953	-1.98953	-1.98953	-1.98953	-1.98953	-1.98953	-1.98953	-1.98953	-1.98953	-1.98953	-1.98953	-1.98953	-1.98953	-1.98953	-1.98953	-1.98953	-1.98953	-1.98953	-1.98953	-1.98953	-1.98953	-1.98953	-1.98953	-1.98953	
0.29646	0.22876	0.03025	-0.28553	-0.69706	-1.17629	-1.69058	-2.20486	-2.68409	-3.09562	-3.41140	-3.60991	-3.67761	-3.60991	-3.41140	-3.09562	-2.68409	-2.20486	-1.69058	-1.17629	-0.69706	-0.28553	0.03025	0.22876	
1.34353	1.25033	0.97709	0.54242	-0.02405	-0.68371	-1.39162	-2.09953	-2.75920	-3.32566	-3.76033	-4.03357	-4.12677	-4.03357	-3.76033	-3.32566	-2.75920	-2.09953	-1.39162	-0.68371	-0.02405	0.54242	0.97709	1.25033	
2.16281	2.05188	1.72666	1.20930	0.53507	-0.25009	-1.09267	-1.93525	-2.72041	-3.39464	-3.91200	-4.23722	-4.34815	-4.23722	-3.91200	-3.39464	-2.72041	-1.93525	-1.09267	-0.25009	0.53507	1.20930	1.72666	2.05188	
2.85315	2.72888	2.36456	1.78501	1.02972	0.15016	-0.79372	-1.73759	-2.61715	-3.37244	-3.95199	-4.31632	-4.44058	-4.31632	-3.95199	-3.37244	-2.61715	-1.73759	-0.79372	0.15016	1.02972	1.78501	2.36456	2.72888	
3.45308	3.31856	2.92417	2.29679	1.47916	0.52701	-0.49476	-1.51654	-2.46869	-3.28631	-3.91370	-4.30809	-4.44261	-4.30809	-3.91370	-3.28631	-2.46869	-1.51654	-0.49476	0.52701	1.47916	2.29679	2.92417	3.31856	
3.98220	3.83984	3.42245	2.75849	1.89319	0.88554	-0.19581	-1.27716	-2.28482	-3.15011	-3.81407	-4.23146	-4.37382	-4.23146	-3.81407	-3.15011	-2.28482	-1.27716	-0.19581	0.88554	1.89319	2.75849	3.42245	3.83984	
4.45175	4.30358	3.86915	3.17807	2.27745	1.22864	0.10314	-1.02236	-2.07116	-2.97179	-3.66286	-4.09729	-4.24547	-4.09729	-3.66286	-2.97179	-2.07116	-1.02236	0.10314	1.22864	2.27745	3.17807	3.86915	4.30358	
4.86857	4.71638	4.27018	3.56037	2.63533	1.55810	0.40209	-0.75392	-1.83114	-2.75618	-3.46599	-3.91219	-4.06438	-3.91219	-3.46599	-2.75618	-1.83114	-0.75392	0.40209	1.55810	2.63533	3.56037	4.27018	4.71638	
5.23678	5.08223	4.62911	3.90829	2.96891	1.87498	0.70105	-0.47289	-1.56682	-2.50620	-3.22701	-3.68013	-3.83468	-3.68013	-3.22701	-2.50620	-1.56682	-0.47289	0.70105	1.87498	2.96891	3.90829	4.62911	5.08223	
5.55858	5.40325	4.94785	4.22340	3.27929	2.17985	1.00000	-0.17985	-1.27929	-2.22340	-2.94785	-3.40325	-3.55858	-3.40325	-2.94785	-2.22340	-1.27929	-0.17985	1.00000	2.17985	3.27929	4.22340	4.94785	5.40325	
5.83468	5.68013	5.22701	4.50620	3.56682	2.47289	1.29895	0.12502	-0.96891	-1.90829	-2.62911	-3.08223	-3.23678	-3.08223	-2.62911	-1.90829	-0.96891	0.12502	1.29895	2.47289	3.56682	4.50620	5.22701	5.68013	
6.06438	5.91219	5.46599	4.75618	3.83114	2.75392	1.59791	0.44190	-0.63533	-1.56037	-2.27018	-2.71638	-2.86857	-2.71638	-2.27018	-1.56037	-0.63533	0.44190	1.59791	2.75392	3.83114	4.75618	5.46599	5.91219	
6.24547	6.09729	5.66286	4.97179	4.07116	3.02236	1.89686	0.77136	-0.27745	-1.17807	-1.86915	-2.30358	-2.45175	-2.30358	-1.86915	-1.17807	-0.27745	0.77136	1.89686	3.02236	4.07116	4.97179	5.66286	6.09729	
6.37382	6.23146	5.81407	5.15011	4.28482	3.27716	2.19581	1.11446	0.10681	-0.75849	-1.42245	-1.83984	-1.98220	-1.83984	-1.42245	-0.75849	0.10681	1.11446	2.19581	3.27716	4.28482	5.15011	5.81407	6.23146	
6.44261	6.30809	5.91370	5.28631	4.46869	3.51654	2.49476	1.47299	0.52084	-0.29679	-0.92417	-1.31856	-1.45308	-1.31856	-0.92417	-0.29679	0.52084	1.47299	2.49476	3.51654	4.46869	5.28631	5.91370	6.30809	
6.44058	6.31632	5.95199	5.37244	4.61715	3.73759	2.79372	1.84984	0.97028	0.21499	-0.36456	-0.72888	-0.85315	-0.72888	-0.36456	0.21499	0.97028	1.84984	2.79372	3.73759	4.61715	5.37244	5.95199	6.31632	
6.34815	6.23722	5.91200	5.39464	4.72041	3.93525	3.09267	2.25009	1.46493	0.79070	0.27334	-0.05188	-0.16281	-0.05188	0.27334	0.79070	1.46493	2.25009	3.09267	3.93525	4.72041	5.39464	5.91200	6.23722	
6.12677	6.03357	5.76033	5.32566	4.75920	4.09953	3.39162	2.68371	2.02405	1.45758	1.02291	0.74967	0.65647	0.74967	1.02291	1.45758	2.02405	2.68371	3.39162	4.09953	4.75920	5.32566	5.76033	6.03357	
5.67761	5.60991	5.41140	5.09562	4.68409	4.20486	3.69058	3.17629	2.69706	2.28553	1.96975	1.77124	1.70354	1.77124	1.96975	2.28553	2.69706	3.17629	3.69058	4.20486	4.68409	5.09562	5.41140	5.60991	
3.98953	3.98953	3.98953	3.98953	3.98953	3.98953	3.98953	3.98953	3.98953	3.98953	3.98953	3.98953	3.98953	3.98953	3.98953	3.98953	3.98953	3.98953	3.98953	3.98953	3.98953	3.98953	3.98953	3.98953	
-2.48691	-2.48691	-2.48691	-2.48691	-2.48691	-2.48691	-2.48691	-2.48691	-2.48691	-2.48691	-2.48691	-2.48691	-2.48691	-2.48691	-2.48691	-2.48691	-2.48691	-2.48691	-2.48691	-2.48691	-2.48691	-2.48691	-2.48691	-2.48691	
-0.26064	-0.32462	-0.51219	-0.81057	-1.19943	-1.65227	-2.13822	-2.62417	-3.07701	-3.46587	-3.76425	-3.95182	-4.01579	-3.95182	-3.76425	-3.46587	-3.07701	-2.62417	-2.13822	-1.65227	-1.19943	-0.81057	-0.51219	-0.32462	
0.79494	0.70688	0.44869	0.03797	-0.49729	-1.12062	-1.78953	-2.45844	-3.08176	-3.61703	-4.02775	-4.28594	-4.37400	-4.28594	-4.02775	-3.61703	-3.08176	-2.45844	-1.78953	-1.12062	-0.49729	0.03797	0.44869	0.70688	
1.63530	1.53048	1.22318	0.73432	0.09723	-0.64467	-1.44084	-2.23700	-2.97891	-3.61599	-4.10485	-4.41216	-4.51697	-4.41216	-4.10485	-3.61599	-2.97891	-2.23700	-1.44084	-0.64467	0.09723	0.73432	1.22318	1.53048	
2.35382	2.23640	1.89215	1.34452	0.63084	-0.20026	-1.09215	-1.98403	-2.81513	-3.52881	-4.07644	-4.42069	-4.53811	-4.42069	-4.07644	-3.52881	-2.81513	-1.98403	-1.09215	-0.20026	0.63084	1.34452	1.89215	2.23640	
2.98691	2.85980	2.48714	1.89431	1.12173	0.22203	-0.74345	-1.70894	-2.60864	-3.38122	-3.97405	-4.34671	-4.47382	-4.34671	-3.97405	-3.38122	-2.60864	-1.70894	-0.74345	0.22203	1.12173	1.89431	2.48714	2.85980	
3.55308	3.41856	3.02417	2.39679	1.57916	0.62701	-0.39476	-1.41654	-2.36869	-3.18631	-3.81370	-4.20809	-4.34261	-4.20809	-3.81370	-3.18631	-2.36869	-1.41654	-0.39476	0.62701	1.57916	2.39679	3.02417	3.41856	
4.06298	3.92296	3.51247	2.85946	2.00845	1.01743	-0.04607	-1.10957	-2.10060	-2.95161	-3.60461	-4.01511	-4.15512	-4.01511	-3.60461	-2.95161	-2.10060	-1.10957	-0.04607	1.01743	2.00845	2.85946	3.51247	3.92296	
4.52304	4.37924	3.95761	3.28691	2.41283	1.39494	0.30262	-0.78971	-1.80759	-2.68167	-3.35238	-3.77400	-3.91781	-3.77400	-3.35238	-2.68167	-1.80759	-0.78971	0.30262	1.39494	2.41283	3.28691	3.95761	4.37924	
4.93717	4.79113	4.36297	3.68187	2.79424	1.76057	0.65131	-0.45795	-1.49162	-2.37925	-3.06036	-3.48852	-3.63455	-3.48852	-3.06036	-2.37925	-1.49162	-0.45795	0.65131	1.76057	2.79424	3.68187	4.36297	4.79113	
5.30745	5.16068	4.73036	4.04583	3.15373	2.11485	1.00000	-0.11485	-1.15373	-2.04583	-2.73036	-3.16068	-3.30745	-3.16068	-2.73036	-2.04583	-1.15373	-0.11485	1.00000	2.11485	3.15373	4.04583	4.73036	5.16068	
5.63455	5.48852	5.06036	4.37925	3.49162	2.45795	1.34869	0.23943	-0.79424	-1.68187	-2.36297	-2.79113	-2.93717	-2.79113	-2.36297	-1.68187	-0.79424	0.23943	1.34869	2.45795	3.49162	4.37925	5.06036	5.48852	
5.91781	5.77400	5.35238	4.68167	3.80759	2.78971	1.69738	0.60506	-0.41283	-1.28691	-1.95761	-2.37924	-2.52304	-2.37924	-1.95761	-1.28691	-0.41283	0.60506	1.69738	2.78971	3.80759	4.68167	5.35238	5.77400	
6.15512	6.01511	5.60461	4.95161	4.10060	3.10957	2.04607	0.98257	-0.00845	-0.85946	-1.51247	-1.92296	-2.06298	-1.92296	-1.51247	-0.85946	-0.00845	0.98257	2.04607	3.10957	4.10060	4.95161	5.60461	6.01511	
6.34261	6.20809	5.81370	5.18631	4.36869	3.41654	2.39476	1.37299	0.42084	-0.39679	-1.02417	-1.41856	-1.55308	-1.41856	-1.02417	-0.39679	0.42084	1.37299	2.39476	3.41654	4.36869	5.18631	5.81370	6.20809	
6.47382	6.34671	5.97405	5.38122	4.60864	3.70894	2.74345	1.77797	0.87827	0.10569	-0.48714	-0.85980	-0.98691	-0.85980	-0.48714	0.10569	0.87827	1.77797	2.74345	3.70894	4.60864	5.38122	5.97405	6.34671	
6.53811	6.42069	6.07644	5.52881	4.81513	3.98403	3.09215	2.20026	1.36916	0.65548	0.10785	-0.23640	-0.35382	-0.23640	0.10785	0.65548	1.36916	2.20026	3.09215	3.98403	4.81513	5.52881	6.07644	6.42069	
6.51697	6.41216	6.10485	5.61599	4.97891	4.23700	3.44084	2.64467	1.90277	1.26568	0.77682	0.46952	0.36470	0.46952	0.77682	1.26568	1.90277	2.64467	3.44084	4.23700	4.97891	5.61599	6.10485	6.41216	
6.37400	6.28594	6.02775	5.61703	5.08176	4.45844	3.78953	3.12062	2.49729	1.96203	1.55131	1.29312	1.20506	1.29312	1.55131	1.96203	2.49729	3.12062	3.78953	4.45844	5.08176	5.61703	6.02775	6.28594	
6.01579	5.95182	5.76425	5.46587	5.07701	4.62417	4.13822	3.65227	3.19943	2.81057	2.51219	2.32462	2.26064	2.32462	2.51219	2.81057	3.19943	3.65227	4.13822	4.62417	5.07701	5.46587	5.76425	5.95182	
4.48691	4.48691	4.48691	4.48691	4.48691	4.48691	4.48691	4.48691	4.48691	4.48691	4.48691	4.48691	4.48691	4.48691	4.48691	4.48691	4.48691	4.48691	4.48691	4.48691	4.48691	4.48691	4.48691	4.48691	
-2.98429	-2.98429	-2.98429	-2.98429	-2.98429	-2.98429	-2.98429	-2.98429	-2.98429	-2.98429	-2.98429	-2.98429	-2.98429	-2.98429	-2.98429	-2.98429	-2.98429	-2.98429	-2.98429	-2.98429	-2.98429	-2.98429	-2.98429	-2.98429	
-0.85143	-0.91053	-1.08380	-1.35944	-1.71865	-2.13696	-2.58586	-3.03477	-3.45308	-3.81229	-4.08792	-4.26119	-4.32029	-4.26119	-4.08792	-3.81229	-3.45308	-3.03477	-2.58586	-2.13696	-1.71865	-1.35944	-1.08380	-0.91053	
0.20000	0.11865	-0.11986	-0.49926	-0.99372	-1.56952	-2.18743	-2.80535	-3.38115	-3.87560	-4.25501	-4.49352	-4.57487	-4.49352	-4.25501	-3.87560	-3.38115	-2.80535	-2.18743	-1.56952	-0.99372	-0.49926	-0.11986	0.11865	
1.05261	0.95578	0.67191	0.22032	-0.36820	-1.05354	-1.78900	-2.52447	-3.20981	-3.79833	-4.24991	-4.53379	-4.63062	-4.53379	-4.24991	-3.79833	-3.20981	-2.52447	-1.78900	-1.05354	-0.36820	0.22032	0.67191	0.95578	
1.79267	1.68420	1.36620	0.86032	0.20105	-0.56669	-1.39058	-2.21446	-2.98220	-3.64147	-4.14735	-4.46535	-4.57382	-4.46535	-4.14735	-3.64147	-2.98220	-2.21446	-1.39058	-0.56669	0.20105	0.86032	1.36620	1.68420	
2.45382	2.33640	1.99215	1.44452	0.73084	-0.10026	-0.99215	-1.88403	-2.71513	-3.42881	-3.97644	-4.32069	-4.43811	-4.32069	-3.97644	-3.42881	-2.71513	-1.88403	-0.99215	-0.10026	0.73084	1.44452	1.99215	2.33640	
3.05315	2.92888	2.56456	1.98501	1.22972	0.35016	-0.59372	-1.53759	-2.41715	-3.17244	-3.75199	-4.11632	-4.24058	-4.11632	-3.75199	-3.17244	-2.41715	-1.53759	-0.59372	0.35016	1.22972	1.98501	2.56456	2.92888	
3.60049	3.47115	3.09195	2.48873	1.70260	0.78713	-0.19529	-1.17771	-2.09318	-2.87931	-3.48253	-3.86173	-3.99106	-3.86173	-3.48253	-2.87931	-2.09318	-1.17771	-0.19529	0.78713	1.70260	2.48873	3.09195	3.47115	
4.10180	3.96896	3.57948	2.95991	2.15247	1.21219	0.20314	-0.80591	-1.74619	-2.55363	-3.17320	-3.56268	-3.69552	-3.56268	-3.17320	-2.55363	-1.74619	-0.80591	0.20314	1.21219	2.15247	2.95991	3.57948	3.96896	
4.56068	4.42578	4.03026	3.40108	2.58113	1.62626	0.60157	-0.42312	-1.37798	-2.19794	-2.82712	-3.22264	-3.35754	-3.22264	-2.82712	-2.19794	-1.37798	-0.42312	0.60157	1.62626	2.58113	3.40108	4.03026	4.42578	
4.97906	4.84347	4.44596	3.81362	2.98953	2.02986	1.00000	-0.02986	-0.98953	-1.81362	-2.44596	-2.84347	-2.97906	-2.84347	-2.44596	-1.81362	-0.98953	-0.02986	1.00000	2.02986	2.98953	3.81362	4.44596	4.84347	
5.35754	5.22264	4.82712	4.19794	3.37798	2.42312	1.39843	0.37374	-0.58113	-1.40108	-2.03026	-2.42578	-2.56068	-2.42578	-2.03026	-1.40108	-0.58113	0.37374	1.39843	2.42312	3.37798	4.19794	4.82712	5.22264	
5.69552	5.56268	5.17320	4.55363	3.74619	2.80591	1.79686	0.78781	-0.15247	-0.95991	-1.57948	-1.96896	-2.10180	-1.96896	-1.57948	-0.95991	-0.15247	0.78781	1.79686	2.80591	3.74619	4.55363	5.17320	5.56268	
5.99106	5.86173	5.48253	4.87931	4.09318	3.17771	2.19529	1.21287	0.29740	-0.48873	-1.09195	-1.47115	-1.60049	-1.47115	-1.09195	-0.48873	0.29740	1.21287	2.19529	3.17771	4.09318	4.87931	5.48253	5.86173	
6.24058	6.11632	5.75199	5.17244	4.41715	3.53759	2.59372	1.64984	0.77028	0.01499	-0.56456	-0.92888	-1.05315	-0.92888	-0.56456	0.01499	0.77028	1.64984	2.59372	3.53759	4.41715	5.17244	5.75199	6.11632	
6.43811	6.32069	5.97644	5.42881	4.71513	3.88403	2.99215	2.10026	1.26916	0.55548	0.00785	-0.33640	-0.45382	-0.33640	0.00785	0.55548	1.26916	2.10026	2.99215	3.88403	4.71513	5.42881	5.97644	6.32069	
6.57382	6.46535	6.14735	5.64147	4.98220	4.21446	3.39058	2.56669	1.79895	1.13968	0.63380	0.31580	0.20733	0.31580	0.63380	1.13968	1.79895	2.56669	3.39058	4.21446	4.98220	5.64147	6.14735	6.46535	
6.63062	6.53379	6.24991	5.79833	5.20981	4.52447	3.78900	3.05354	2.36820	1.77968	1.32809	1.04422	0.94739	1.04422	1.32809	1.77968	2.36820	3.05354	3.78900	4.52447	5.20981	5.79833	6.24991	6.53379	
6.57487	6.49352	6.25501	5.87560	5.38115	4.80535	4.18743	3.56952	2.99372	2.49926	2.11986	1.88135	1.80000	1.88135	2.11986	2.49926	2.99372	3.56952	4.18743	4.80535	5.38115	5.87560	6.25501	6.49352	
6.32029	6.26119	6.08792	5.81229	5.45308	5.03477	4.58586	4.13696	3.71865	3.35944	3.08380	2.91053	2.85143	2.91053	3.08380	3.35944	3.71865	4.13696	4.58586	5.03477	5.45308	5.81229	6.08792	6.26119	
4.98429	4.98429	4.98429	4.98429	4.98429	4.98429	4.98429	4.98429	4.98429	4.98429	4.98429	4.98429	4.98429	4.98429	4.98429	4.98429	4.98429	4.98429	4.98429	4.98429	4.98429	4.98429	4.98429	4.98429	
-3.48167	-3.48167	-3.48167	-3.48167	-3.48167	-3.48167	-3.48167	-3.48167	-3.48167	-3.48167	-3.48167	-3.48167	-3.48167	-3.48167	-3.48167	-3.48167	-3.48167	-3.48167	-3.48167	-3.48167	-3.48167	-3.48167	-3.48167	-3.48167	
-1.48522	-1.53797	-1.69265	-1.93870	-2.25936	-2.63278	-3.03351	-3.43423	-3.80765	-4.12831	-4.37436	-4.52904	-4.58179	-4.52904	-4.37436	-4.12831	-3.80765	-3.43423	-3.03351	-2.63278	-2.25936	-1.93870	-1.69265	-1.53797	
-0.45413	-0.52675	-0.73966	-1.07835	-1.51973	-2.03374	-2.58534	-3.13694	-3.65094	-4.09233	-4.43102	-4.64393	-4.71655	-4.64393	-4.43102	-4.09233	-3.65094	-3.13694	-2.58534	-2.03374	-1.51973	-1.07835	-0.73966	-0.52675	
0.39948	0.31304	0.05963	-0.34349	-0.86885	-1.48064	-2.13717	-2.79370	-3.40550	-3.93085	-4.33397	-4.58739	-4.67382	-4.58739	-4.33397	-3.93085	-3.40550	-2.79370	-2.13717	-1.48064	-0.86885	-0.34349	0.05963	0.31304	
1.15261	1.05578	0.77191	0.32032	-0.26820	-0.95354	-1.68900	-2.42447	-3.10981	-3.69833	-4.14991	-4.43379	-4.53062	-4.43379	-4.14991	-3.69833	-3.10981	-2.42447	-1.68900	-0.95354	-0.26820	0.32032	0.77191	1.05578	
1.83530	1.73048	1.42318	0.93432	0.29723	-0.44467	-1.24084	-2.03700	-2.77891	-3.41599	-3.90485	-4.21216	-4.31697	-4.21216	-3.90485	-3.41599	-2.77891	-2.03700	-1.24084	-0.44467	0.29723	0.93432	1.42318	1.73048	
2.46281	2.35188	2.02666	1.50930	0.83507	0.04991	-0.79267	-1.63525	-2.42041	-3.09464	-3.61200	-3.93722	-4.04815	-3.93722	-3.61200	-3.09464	-2.42041	-1.63525	-0.79267	0.04991	0.83507	1.50930	2.02666	2.35188	
3.04391	2.92845	2.58995	2.05146	1.34970	0.53248	-0.34450	-1.22149	-2.03871	-2.74047	-3.27895	-3.61745	-3.73291	-3.61745	-3.27895	-2.74047	-2.03871	-1.22149	-0.34450	0.53248	1.34970	2.05146	2.58995	2.92845	
3.58392	3.46533	3.11765	2.56458	1.84379	1.00442	0.10367	-0.79709	-1.63646	-2.35724	-2.91032	-3.25800	-3.37659	-3.25800	-2.91032	-2.35724	-1.63646	-0.79709	0.10367	1.00442	1.84379	2.56458	3.11765	3.46533	
4.08605	3.96562	3.61255	3.05090	2.31894	1.46655	0.55183	-0.36289	-1.21527	-1.94723	-2.50889	-2.86195	-2.98238	-2.86195	-2.50889	-1.94723	-1.21527	-0.36289	0.55183	1.46655	2.31894	3.05090	3.61255	3.96562	
4.55202	4.43099	4.07614	3.51166	2.77601	1.91933	1.00000	0.08067	-0.77601	-1.51166	-2.07614	-2.43099	-2.55202	-2.43099	-2.07614	-1.51166	-0.77601	0.08067	1.00000	1.91933	2.77601	3.51166	4.07614	4.43099	
4.98238	4.86195	4.50889	3.94723	3.21527	2.36289	1.44817	0.53345	-0.31894	-1.05090	-1.61255	-1.96562	-2.08605	-1.96562	-1.61255	-1.05090	-0.31894	0.53345	1.44817	2.36289	3.21527	3.94723	4.50889	4.86195	
5.37659	5.25800	4.91032	4.35724	3.63646	2.79709	1.89633	0.99558	0.15621	-0.56458	-1.11765	-1.46533	-1.58392	-1.46533	-1.11765	-0.56458	0.15621	0.99558	1.89633	2.79709	3.63646	4.35724	4.91032	5.25800	
5.73291	5.61745	5.27895	4.74047	4.03871	3.22149	2.34450	1.46752	0.65030	-0.05146	-0.58995	-0.92845	-1.04391	-0.92845	-0.58995	-0.05146	0.65030	1.46752	2.34450	3.22149	4.03871	4.74047	5.27895	5.61745	
6.04815	5.93722	5.61200	5.09464	4.42041	3.63525	2.79267	1.95009	1.16493	0.49070	-0.02666	-0.35188	-0.46281	-0.35188	-0.02666	0.49070	1.16493	1.95009	2.79267	3.63525	4.42041	5.09464	5.61200	5.93722	
6.31697	6.21216	5.90485	5.41599	4.77891	4.03700	3.24084	2.44467	1.70277	1.06568	0.57682	0.26952	0.16470	0.26952	0.57682	1.06568	1.70277	2.44467	3.24084	4.03700	4.77891	5.41599	5.90485	6.21216	
6.53062	6.43379	6.14991	5.69833	5.10981	4.42447	3.68900	2.95354	2.26820	1.67968	1.22809	0.94422	0.84739	0.94422	1.22809	1.67968	2.26820	2.95354	3.68900	4.42447	5.10981	5.69833	6.14991	6.43379	
6.67382	6.58739	6.33397	5.93085	5.40550	4.79370	4.13717	3.48064	2.86885	2.34349	1.94037	1.68696	1.60052	1.68696	1.94037	2.34349	2.86885	3.48064	4.13717	4.79370	5.40550	5.93085	6.33397	6.58739	
6.71655	6.64393	6.43102	6.09233	5.65094	5.13694	4.58534	4.03374	3.51973	3.07835	2.73966	2.52675	2.45413	2.52675	2.73966	3.07835	3.51973	4.03374	4.58534	5.13694	5.65094	6.09233	6.43102	6.64393	
6.58179	6.52904	6.37436	6.12831	5.80765	5.43423	5.03351	4.63278	4.25936	3.93870	3.69265	3.53797	3.48522	3.53797	3.69265	3.93870	4.25936	4.63278	5.03351	5.43423	5.80765	6.12831	6.37436	6.52904	
5.48167	5.48167	5.48167	5.48167	5.48167	5.48167	5.48167	5.48167	5.48167	5.48167	5.48167	5.48167	5.48167	5.48167	5.48167	5.48167	5.48167	5.48167	5.48167	5.48167	5.48167	5.48167	5.48167	5.48167	
-3.97906	-3.97906	-3.97906	-3.97906	-3.97906	-3.97906	-3.97906	-3.97906	-3.97906	-3.97906	-3.97906	-3.97906	-3.97906	-3.97906	-3.97906	-3.97906	-3.97906	-3.97906	-3.97906	-3.97906	-3.97906	-3.97906	-3.97906	-3.97906	
-2.18033	-2.22465	-2.35460	-2.56133	-2.83074	-3.14447	-3.48115	-3.81783	-4.13156	-4.40097	-4.60770	-4.73765	-4.78197	-4.73765	-4.60770	-4.40097	-4.13156	-3.81783	-3.48115	-3.14447	-2.83074	-2.56133	-2.35460	-2.22465	
-1.19267	-1.25368	-1.43256	-1.71712	-2.08796	-2.51981	-2.98324	-3.44668	-3.87853	-4.24937	-4.53393	-4.71281	-4.77382	-4.71281	-4.53393	-4.24937	-3.87853	-3.44668	-2.98324	-2.51981	-2.08796	-1.71712	-1.43256	-1.25368	
-0.35413	-0.42675	-0.63966	-0.97835	-1.41973	-1.93374	-2.48534	-3.03694	-3.55094	-3.99233	-4.33102	-4.54393	-4.61655	-4.54393	-4.33102	-3.99233	-3.55094	-3.03694	-2.48534	-1.93374	-1.41973	-0.97835	-0.63966	-0.42675	
0.40000	0.31865	0.08014	-0.29926	-0.79372	-1.36952	-1.98743	-2.60535	-3.18115	-3.67560	-4.05501	-4.29352	-4.37487	-4.29352	-4.05501	-3.67560	-3.18115	-2.60535	-1.98743	-1.36952	-0.79372	-0.29926	0.08014	0.31865	
1.09494	1.00688	0.74869	0.33797	-0.19729	-0.82062	-1.48953	-2.15844	-2.78176	-3.31703	-3.72775	-3.98594	-4.07400	-3.98594	-3.72775	-3.31703	-2.78176	-2.15844	-1.48953	-0.82062	-0.19729	0.33797	0.74869	1.00688	
1.74353	1.65033	1.37709	0.94242	0.37595	-0.28371	-0.99162	-1.69953	-2.35920	-2.92566	-3.36033	-3.63357	-3.72677	-3.63357	-3.36033	-2.92566	-2.35920	-1.69953	-0.99162	-0.28371	0.37595	0.94242	1.37709	1.65033	
2.35312	2.25611	1.97171	1.51930	0.92970	0.24310	-0.49372	-1.23053	-1.91713	-2.50673	-2.95915	-3.24355	-3.34055	-3.24355	-2.95915	-2.50673	-1.91713	-1.23053	-0.49372	0.24310	0.92970	1.51930	1.97171	2.25611	
2.92819	2.82855	2.53644	2.07177	1.46619	0.76097	0.00419	-0.75260	-1.45781	-2.06339	-2.52807	-2.82018	-2.91981	-2.82018	-2.52807	-2.06339	-1.45781	-0.75260	0.00419	0.76097	1.46619	2.07177	2.53644	2.82855	
3.47143	3.37025	3.07361	2.60173	1.98676	1.27061	0.50209	-0.26643	-0.98257	-1.59754	-2.06942	-2.36606	-2.46724	-2.36606	-2.06942	-1.59754	-0.98257	-0.26643	0.50209	1.27061	1.98676	2.60173	3.07361	3.37025	
3.98429	3.88260	3.58447	3.11021	2.49215	1.77239	1.00000	0.22761	-0.49215	-1.11021	-1.58447	-1.88260	-1.98429	-1.88260	-1.58447	-1.11021	-0.49215	0.22761	1.00000	1.77239	2.49215	3.11021	3.58447	3.88260	
4.46724	4.36606	4.06942	3.59754	2.98257	2.26643	1.49791	0.72939	0.01324	-0.60173	-1.07361	-1.37025	-1.47143	-1.37025	-1.07361	-0.60173	0.01324	0.72939	1.49791	2.26643	2.98257	3.59754	4.06942	4.36606	
4.91981	4.82018	4.52807	4.06339	3.45781	2.75260	1.99581	1.23903	0.53381	-0.07177	-0.53644	-0.82855	-0.92819	-0.82855	-0.53644	-0.07177	0.53381	1.23903	1.99581	2.75260	3.45781	4.06339	4.52807	4.82018	
5.34055	5.24355	4.95915	4.50673	3.91713	3.23053	2.49372	1.75690	1.07030	0.48070	0.02829	-0.25611	-0.35312	-0.25611	0.02829	0.48070	1.07030	1.75690	2.49372	3.23053	3.91713	4.50673	4.95915	5.24355	
5.72677	5.63357	5.36033	4.92566	4.35920	3.69953	2.99162	2.28371	1.62405	1.05758	0.62291	0.34967	0.25647	0.34967	0.62291	1.05758	1.62405	2.28371	2.99162	3.69953	4.35920	4.92566	5.36033	5.63357	
6.07400	5.98594	5.72775	5.31703	4.78176	4.15844	3.48953	2.82062	2.19729	1.66203	1.25131	0.99312	0.90506	0.99312	1.25131	1.66203	2.19729	2.82062	3.48953	4.15844	4.78176	5.31703	5.72775	5.98594	
6.37487	6.29352	6.05501	5.67560	5.18115	4.60535	3.98743	3.36952	2.79372	2.29926	1.91986	1.68135	1.60000	1.68135	1.91986	2.29926	2.79372	3.36952	3.98743	4.60535	5.18115	5.67560	6.05501	6.29352	
6.61655	6.54393	6.33102	5.99233	5.55094	5.03694	4.48534	3.93374	3.41973	2.97835	2.63966	2.42675	2.35413	2.42675	2.63966	2.97835	3.41973	3.93374	4.48534	5.03694	5.55094	5.99233	6.33102	6.54393	
6.77382	6.71281	6.53393	6.24937	5.87853	5.44668	4.98324	4.51981	4.08796	3.71712	3.43256	3.25368	3.19267	3.25368	3.43256	3.71712	4.08796	4.51981	4.98324	5.44668	5.87853	6.24937	6.53393	6.71281	
6.78197	6.73765	6.60770	6.40097	6.13156	5.81783	5.48115	5.14447	4.83074	4.56133	4.35460	4.22465	4.18033	4.22465	4.35460	4.56133	4.83074	5.14447	5.48115	5.81783	6.13156	6.40097	6.60770	6.73765	
5.97906	5.97906	5.97906	5.97906	5.97906	5.97906	5.97906	5.97906	5.97906	5.97906	5.97906	5.97906	5.97906	5.97906	5.97906	5.97906	5.97906	5.97906	5.97906	5.97906	5.97906	5.97906	5.97906	5.97906	
-4.47644	-4.47644	-4.47644	-4.47644	-4.47644	-4.47644	-4.47644	-4.47644	-4.47644	-4.47644	-4.47644	-4.47644	-4.47644	-4.47644	-4.47644	-4.47644	-4.47644	-4.47644	-4.47644	-4.47644	-4.47644	-4.47644	-4.47644	-4.47644	
-2.98377	-3.01597	-3.11038	-3.26056	-3.45628	-3.68420	-3.92879	-4.17338	-4.40131	-4.59703	-4.74721	-4.84162	-4.87382	-4.84162	-4.74721	-4.59703	-4.40131	-4.17338	-3.92879	-3.68420	-3.45628	-3.26056	-3.11038	-3.01597	
-2.08033	-2.12465	-2.25460	-2.46133	-2.73074	-3.04447	-3.38115	-3.71783	-4.03156	-4.30097	-4.50770	-4.63765	-4.68197	-4.63765	-4.50770	-4.30097	-4.03156	-3.71783	-3.38115	-3.04447	-2.73074	-2.46133	-2.25460	-2.12465	
-1.28522	-1.33797	-1.49265	-1.73870	-2.05936	-2.43278	-2.83351	-3.23423	-3.60765	-3.92831	-4.17436	-4.32904	-4.38179	-4.32904	-4.17436	-3.92831	-3.60765	-3.23423	-2.83351	-2.43278	-2.05936	-1.73870	-1.49265	-1.33797	
-0.55143	-0.61053	-0.78380	-1.05944	-1.41865	-1.83696	-2.28586	-2.73477	-3.15308	-3.51229	-3.78792	-3.96119	-4.02029	-3.96119	-3.78792	-3.51229	-3.15308	-2.73477	-2.28586	-1.83696	-1.41865	-1.05944	-0.78380	-0.61053	
0.13936	0.07538	-0.11219	-0.41057	-0.79943	-1.25227	-1.73822	-2.22417	-2.67701	-3.06587	-3.36425	-3.55182	-3.61579	-3.55182	-3.36425	-3.06587	-2.67701	-2.22417	-1.73822	-1.25227	-0.79943	-0.41057	-0.11219	0.07538	
0.79646	0.72876	0.53025	0.21447	-0.19706	-0.67629	-1.19058	-1.70486	-2.18409	-2.59562	-2.91140	-3.10991	-3.17761	-3.10991	-2.91140	-2.59562	-2.18409	-1.70486	-1.19058	-0.67629	-0.19706	0.21447	0.53025	0.72876	
1.42524	1.35477	1.14816	0.81949	0.39116	-0.10765	-0.64293	-1.17821	-1.67702	-2.10535	-2.43402	-2.64064	-2.71111	-2.64064	-2.43402	-2.10535	-1.67702	-1.17821	-0.64293	-0.10765	0.39116	0.81949	1.14816	1.35477	
2.02895	1.95657	1.74435	1.40677	0.96683	0.45450	-0.09529	-0.64508	-1.15740	-1.59735	-1.93493	-2.14714	-2.21952	-2.14714	-1.93493	-1.59735	-1.15740	-0.64508	-0.09529	0.45450	0.96683	1.40677	1.74435	1.95657	
2.60953	2.53602	2.32052	1.97771	1.53094	1.01067	0.45236	-0.10596	-0.62623	-1.07299	-1.41581	-1.63131	-1.70481	-1.63131	-1.41581	-1.07299	-0.62623	-0.10596	0.45236	1.01067	1.53094	1.97771	2.32052	2.53602	
3.16804	3.09416	2.87758	2.53303	2.08402	1.56113	1.00000	0.43887	-0.08402	-0.53303	-0.87758	-1.09416	-1.16804	-1.09416	-0.87758	-0.53303	-0.08402	0.43887	1.00000	1.56113	2.08402	2.53303	2.87758	3.09416	
3.70481	3.63131	3.41581	3.07299	2.62623	2.10596	1.54764	0.98933	0.46906	0.02229	-0.32052	-0.53602	-0.60953	-0.53602	-0.32052	0.02229	0.46906	0.98933	1.54764	2.10596	2.62623	3.07299	3.41581	3.63131	
4.21952	4.14714	3.93493	3.59735	3.15740	2.64508	2.09529	1.54550	1.03317	0.59323	0.25565	0.04343	-0.02895	0.04343	0.25565	0.59323	1.03317	1.54550	2.09529	2.64508	3.15740	3.59735	3.93493	4.14714	
4.71111	4.64064	4.43402	4.10535	3.67702	3.17821	2.64293	2.10765	1.60884	1.18051	0.85184	0.64523	0.57476	0.64523	0.85184	1.18051	1.60884	2.10765	2.64293	3.17821	3.67702	4.10535	4.43402	4.64064	
5.17761	5.10991	4.91140	4.59562	4.18409	3.70486	3.19058	2.67629	2.19706	1.78553	1.46975	1.27124	1.20354	1.27124	1.46975	1.78553	2.19706	2.67629	3.19058	3.70486	4.18409	4.59562	4.91140	5.10991	
5.61579	5.55182	5.36425	5.06587	4.67701	4.22417	3.73822	3.25227	2.79943	2.41057	2.11219	1.92462	1.86064	1.92462	2.11219	2.41057	2.79943	3.25227	3.73822	4.22417	4.67701	5.06587	5.36425	5.55182	
6.02029	5.96119	5.78792	5.51229	5.15308	4.73477	4.28586	3.83696	3.41865	3.05944	2.78380	2.61053	2.55143	2.61053	2.78380	3.05944	3.41865	3.83696	4.28586	4.73477	5.15308	5.51229	5.78792	5.96119	
6.38179	6.32904	6.17436	5.92831	5.60765	5.23423	4.83351	4.43278	4.05936	3.73870	3.49265	3.33797	3.28522	3.33797	3.49265	3.73870	4.05936	4.43278	4.83351	5.23423	5.60765	5.92831	6.17436	6.32904	
6.68197	6.63765	6.50770	6.30097	6.03156	5.71783	5.38115	5.04447	4.73074	4.46133	4.25460	4.12465	4.08033	4.12465	4.25460	4.46133	4.73074	5.04447	5.38115	5.71783	6.03156	6.30097	6.50770	6.63765	
6.87382	6.84162	6.74721	6.59703	6.40131	6.17338	5.92879	5.68420	5.45628	5.26056	5.11038	5.01597	4.98377	5.01597	5.11038	5.26056	5.45628	5.68420	5.92879	6.17338	6.40131	6.59703	6.74721	6.84162	
6.47644	6.47644	6.47644	6.47644	6.47644	6.47644	6.47644	6.47644	6.47644	6.47644	6.47644	6.47644	6.47644	6.47644	6.47644	6.47644	6.47644	6.47644	6.47644	6.47644	6.47644	6.47644	6.47644	6.47644	
-4.97382	-4.97382	-4.97382	-4.97382	-4.97382	-4.97382	-4.97382	-4.97382	-4.97382	-4.97382	-4.97382	-4.97382	-4.97382	-4.97382	-4.97382	-4.97382	-4.97382	-4.97382	-4.97382	-4.97382	-4.97382	-4.97382	-4.97382	-4.97382	
-4.37644	-4.37644	-4.37644	-4.37644	-4.37644	-4.37644	-4.37644	-4.37644	-4.37644	-4.37644	-4.37644	-4.37644	-4.37644	-4.37644	-4.37644	-4.37644	-4.37644	-4.37644	-4.37644	-4.37644	-4.37644	-4.37644	-4.37644	-4.37644	
-3.77906	-3.77906	-3.77906	-3.77906	-3.77906	-3.77906	-3.77906	-3.77906	-3.77906	-3.77906	-3.77906	-3.77906	-3.77906	-3.77906	-3.77906	-3.77906	-3.77906	-3.77906	-3.77906	-3.77906	-3.77906	-3.77906	-3.77906	-3.77906	
-3.18167	-3.18167	-3.18167	-3.18167	-3.18167	-3.18167	-3.18167	-3.18167	-3.18167	-3.18167	-3.18167	-3.18167	-3.18167	-3.18167	-3.18167	-3.18167	-3.18167	-3.18167	-3.18167	-3.18167	-3.18167	-3.18167	-3.18167	-3.18167	
-2.58429	-2.58429	-2.58429	-2.58429	-2.58429	-2.58429	-2.58429	-2.58429	-2.58429	-2.58429	-2.58429	-2.58429	-2.58429	-2.58429	-2.58429	-2.58429	-2.58429	-2.58429	-2.58429	-2.58429	-2.58429	-2.58429	-2.58429	-2.58429	
-1.98691	-1.98691	-1.98691	-1.98691	-1.98691	-1.98691	-1.98691	-1.98691	-1.98691	-1.98691	-1.98691	-1.98691	-1.98691	-1.98691	-1.98691	-1.98691	-1.98691	-1.98691	-1.98691	-1.98691	-1.98691	-1.98691	-1.98691	-1.98691	
-1.38953	-1.38953	-1.38953	-1.38953	-1.38953	-1.38953	-1.38953	-1.38953	-1.38953	-1.38953	-1.38953	-1.38953	-1.38953	-1.38953	-1.38953	-1.38953	-1.38953	-1.38953	-1.38953	-1.38953	-1.38953	-1.38953	-1.38953	-1.38953	
-0.79215	-0.79215	-0.79215	-0.79215	-0.79215	-0.79215	-0.79215	-0.79215	-0.79215	-0.79215	-0.79215	-0.79215	-0.79215	-0.79215	-0.79215	-0.79215	-0.79215	-0.79215	-0.79215	-0.79215	-0.79215	-0.79215	-0.79215	-0.79215	
-0.19476	-0.19476	-0.19476	-0.19476	-0.19476	-0.19476	-0.19476	-0.19476	-0.19476	-0.19476	-0.19476	-0.19476	-0.19476	-0.19476	-0.19476	-0.19476	-0.19476	-0.19476	-0.19476	-0.19476	-0.19476	-0.19476	-0.19476	-0.19476	
0.40262	0.40262	0.40262	0.40262	0.40262	0.40262	0.40262	0.40262	0.40262	0.40262	0.40262	0.40262	0.40262	0.40262	0.40262	0.40262	0.40262	0.40262	0.40262	0.40262	0.40262	0.40262	0.40262	0.40262	
1.00000	1.00000	1.00000	1.00000	1.00000	1.00000	1.00000	1.00000	1.00000	1.00000	1.00000	1.00000	1.00000	1.00000	1.00000	1.00000	1.00000	1.00000	1.00000	1.00000	1.00000	1.00000	1.00000	1.00000	
1.59738	1.59738	1.59738	1.59738	1.59738	1.59738	1.59738	1.59738	1.59738	1.59738	1.59738	1.59738	1.59738	1.59738	1.59738	1.59738	1.59738	1.59738	1.59738	1.59738	1.59738	1.59738	1.59738	1.59738	
2.19476	2.19476	2.19476	2.19476	2.19476	2.19476	2.19476	2.19476	2.19476	2.19476	2.19476	2.19476	2.19476	2.19476	2.19476	2.19476	2.19476	2.19476	2.19476	2.19476	2.19476	2.19476	2.19476	2.19476	
2.79215	2.79215	2.79215	2.79215	2.79215	2.79215	2.79215	2.79215	2.79215	2.79215	2.79215	2.79215	2.79215	2.79215	2.79215	2.79215	2.79215	2.79215	2.79215	2.79215	2.79215	2.79215	2.79215	2.79215	
3.38953	3.38953	3.38953	3.38953	3.38953	3.38953	3.38953	3.38953	3.38953	3.38953	3.38953	3.38953	3.38953	3.38953	3.38953	3.38953	3.38953	3.38953	3.38953	3.38953	3.38953	3.38953	3.38953	3.38953	
3.98691	3.98691	3.98691	3.98691	3.98691	3.98691	3.98691	3.98691	3.98691	3.98691	3.98691	3.98691	3.98691	3.98691	3.98691	3.98691	3.98691	3.98691	3.98691	3.98691	3.98691	3.98691	3.98691	3.98691	
4.58429	4.58429	4.58429	4.58429	4.58429	4.58429	4.58429	4.58429	4.58429	4.58429	4.58429	4.58429	4.58429	4.58429	4.58429	4.58429	4.58429	4.58429	4.58429	4.58429	4.58429	4.58429	4.58429	4.58429	
5.18167	5.18167	5.18167	5.18167	5.18167	5.18167	5.18167	5.18167	5.18167	5.18167	5.18167	5.18167	5.18167	5.18167	5.18167	5.18167	5.18167	5.18167	5.18167	5.18167	5.18167	5.18167	5.18167	5.18167	
5.77906	5.77906	5.77906	5.77906	5.77906	5.77906	5.77906	5.77906	5.77906	5.77906	5.77906	5.77906	5.77906	5.77906	5.77906	5.77906	5.77906	5.77906	5.77906	5.77906	5.77906	5.77906	5.77906	5.77906	
6.37644	6.37644	6.37644	6.37644	6.37644	6.37644	6.37644	6.37644	6.37644	6.37644	6.37644	6.37644	6.37644	6.37644	6.37644	6.37644	6.37644	6.37644	6.37644	6.37644	6.37644	6.37644	6.37644	6.37644	
6.97382	6.97382	6.97382	6.97382	6.97382	6.97382	6.97382	6.97382	6.97382	6.97382	6.97382	6.97382	6.97382	6.97382	6.97382	6.97382	6.97382	6.97382	6.97382	6.97382	6.97382	6.97382	6.97382	6.97382	
