1.01	1.01	1.01	1.01	1.01	1.01	1.01	1.01	1.01	1.01	1.01	1.01	1.01	1.01	1.01	1.01	1.01	1.01	1.01	1.01	1.01	1.01	1.01	1.01	
0.905	0.905	0.905	0.905	0.905	0.905	0.905	0.905	0.905	0.905	0.905	0.905	0.905	0.905	0.905	0.905	0.905	0.905	0.905	0.905	0.905	0.905	0.905	0.905	
0.805	0.805	0.805	0.805	0.805	0.805	0.805	0.805	0.805	0.805	0.805	0.805	0.805	0.805	0.805	0.805	0.805	0.805	0.805	0.805	0.805	0.805	0.805	0.805	
0.705	0.705	0.705	0.705	0.705	0.705	0.705	0.705	0.705	0.705	0.705	0.705	0.705	0.705	0.705	0.705	0.705	0.705	0.705	0.705	0.705	0.705	0.705	0.705	
0.605	0.605	0.605	0.605	0.605	0.605	0.605	0.605	0.605	0.605	0.605	0.605	0.605	0.605	0.605	0.605	0.605	0.605	0.605	0.605	0.605	0.605	0.605	0.605	
0.505	0.505	0.505	0.505	0.505	0.505	0.505	0.505	0.505	0.505	0.505	0.505	0.505	0.505	0.505	0.505	0.505	0.505	0.505	0.505	0.505	0.505	0.505	0.505	
0.405	0.405	0.405	0.405	0.405	0.405	0.405	0.405	0.405	0.405	0.405	0.405	0.405	0.405	0.405	0.405	0.405	0.405	0.405	0.405	0.405	0.405	0.405	0.405	
0.305	0.305	0.305	0.305	0.305	0.305	0.305	0.305	0.305	0.305	0.305	0.305	0.305	0.305	0.305	0.305	0.305	0.305	0.305	0.305	0.305	0.305	0.305	0.305	
0.205	0.205	0.205	0.205	0.205	0.205	0.205	0.205	0.205	0.205	0.205	0.205	0.205	0.205	0.205	0.205	0.205	0.205	0.205	0.205	0.205	0.205	0.205	0.205	
0.105	0.105	0.105	0.105	0.105	0.105	0.105	0.105	0.105	0.105	0.105	0.105	0.105	0.105	0.105	0.105	0.105	0.105	0.105	0.105	0.105	0.105	0.105	0.105	
0.00524	0.00524	0.00524	0.00524	0.00524	0.00524	0.00524	0.00524	0.00524	0.00524	0.00524	0.00524	0.00524	0.00524	0.00524	0.00524	0.00524	0.00524	0.00524	0.00524	0.00524	0.00524	0.00524	0.00524	
-0.0948	-0.0948	-0.0948	-0.0948	-0.0948	-0.0948	-0.0948	-0.0948	-0.0948	-0.0948	-0.0948	-0.0948	-0.0948	-0.0948	-0.0948	-0.0948	-0.0948	-0.0948	-0.0948	-0.0948	-0.0948	-0.0948	-0.0948	-0.0948	
-0.195	-0.195	-0.195	-0.195	-0.195	-0.195	-0.195	-0.195	-0.195	-0.195	-0.195	-0.195	-0.195	-0.195	-0.195	-0.195	-0.195	-0.195	-0.195	-0.195	-0.195	-0.195	-0.195	-0.195	
-0.295	-0.295	-0.295	-0.295	-0.295	-0.295	-0.295	-0.295	-0.295	-0.295	-0.295	-0.295	-0.295	-0.295	-0.295	-0.295	-0.295	-0.295	-0.295	-0.295	-0.295	-0.295	-0.295	-0.295	
-0.395	-0.395	-0.395	-0.395	-0.395	-0.395	-0.395	-0.395	-0.395	-0.395	-0.395	-0.395	-0.395	-0.395	-0.395	-0.395	-0.395	-0.395	-0.395	-0.395	-0.395	-0.395	-0.395	-0.395	
-0.495	-0.495	-0.495	-0.495	-0.495	-0.495	-0.495	-0.495	-0.495	-0.495	-0.495	-0.495	-0.495	-0.495	-0.495	-0.495	-0.495	-0.495	-0.495	-0.495	-0.495	-0.495	-0.495	-0.495	
-0.595	-0.595	-0.595	-0.595	-0.595	-0.595	-0.595	-0.595	-0.595	-0.595	-0.595	-0.595	-0.595	-0.595	-0.595	-0.595	-0.595	-0.595	-0.595	-0.595	-0.595	-0.595	-0.595	-0.595	
-0.695	-0.695	-0.695	-0.695	-0.695	-0.695	-0.695	-0.695	-0.695	-0.695	-0.695	-0.695	-0.695	-0.695	-0.695	-0.695	-0.695	-0.695	-0.695	-0.695	-0.695	-0.695	-0.695	-0.695	
-0.795	-0.795	-0.795	-0.795	-0.795	-0.795	-0.795	-0.795	-0.795	-0.795	-0.795	-0.795	-0.795	-0.795	-0.795	-0.795	-0.795	-0.795	-0.795	-0.795	-0.795	-0.795	-0.795	-0.795	
-0.895	-0.895	-0.895	-0.895	-0.895	-0.895	-0.895	-0.895	-0.895	-0.895	-0.895	-0.895	-0.895	-0.895	-0.895	-0.895	-0.895	-0.895	-0.895	-0.895	-0.895	-0.895	-0.895	-0.895	
-0.995	-0.995	-0.995	-0.995	-0.995	-0.995	-0.995	-0.995	-0.995	-0.995	-0.995	-0.995	-0.995	-0.995	-0.995	-0.995	-0.995	-0.995	-0.995	-0.995	-0.995	-0.995	-0.995	-0.995	
1.1	1.1	1.1	1.1	1.1	1.1	1.1	1.1	1.1	1.1	1.1	1.1	1.1	1.1	1.1	1.1	1.1	1.1	1.1	1.1	1.1	1.1	1.1	1.1	
1	1	1	1	1	1	1	1	1	1	1	1	1	1	1	1	1	1	1	1	1	1	1	1	
0.905	0.905	0.905	0.905	0.905	0.905	0.905	0.905	0.905	0.905	0.905	0.905	0.905	0.905	0.905	0.905	0.905	0.905	0.905	0.905	0.905	0.905	0.905	0.905	
0.805	0.805	0.805	0.805	0.805	0.805	0.805	0.805	0.805	0.805	0.805	0.805	0.805	0.805	0.805	0.805	0.805	0.805	0.805	0.805	0.805	0.805	0.805	0.805	
0.705	0.705	0.705	0.705	0.705	0.705	0.705	0.705	0.705	0.705	0.705	0.705	0.705	0.705	0.705	0.705	0.705	0.705	0.705	0.705	0.705	0.705	0.705	0.705	
0.605	0.605	0.605	0.605	0.605	0.605	0.605	0.605	0.605	0.605	0.605	0.605	0.605	0.605	0.605	0.605	0.605	0.605	0.605	0.605	0.605	0.605	0.605	0.605	
0.505	0.505	0.505	0.505	0.505	0.505	0.505	0.505	0.505	0.505	0.505	0.505	0.505	0.505	0.505	0.505	0.505	0.505	0.505	0.505	0.505	0.505	0.505	0.505	
0.405	0.405	0.405	0.405	0.405	0.405	0.405	0.405	0.405	0.405	0.405	0.405	0.405	0.405	0.405	0.405	0.405	0.405	0.405	0.405	0.405	0.405	0.405	0.405	
0.305	0.305	0.305	0.305	0.305	0.305	0.305	0.305	0.305	0.305	0.305	0.305	0.305	0.305	0.305	0.305	0.305	0.305	0.305	0.305	0.305	0.305	0.305	0.305	
0.205	0.205	0.205	0.205	0.205	0.205	0.205	0.205	0.205	0.205	0.205	0.205	0.205	0.205	0.205	0.205	0.205	0.205	0.205	0.205	0.205	0.205	0.205	0.205	
0.105	0.105	0.105	0.105	0.105	0.105	0.105	0.105	0.105	0.105	0.105	0.105	0.105	0.105	0.105	0.105	0.105	0.105	0.105	0.105	0.105	0.105	0.105	0.105	
0.00471	0.00471	0.00471	0.00471	0.00471	0.00471	0.00471	0.00471	0.00471	0.00471	0.00471	0.00471	0.00471	0.00471	0.00471	0.00471	0.00471	0.00471	0.00471	0.00471	0.00471	0.00471	0.00471	0.00471	
-0.0953	-0.0953	-0.0953	-0.0953	-0.0953	-0.0953	-0.0953	-0.0953	-0.0953	-0.0953	-0.0953	-0.0953	-0.0953	-0.0953	-0.0953	-0.0953	-0.0953	-0.0953	-0.0953	-0.0953	-0.0953	-0.0953	-0.0953	-0.0953	
-0.195	-0.195	-0.195	-0.195	-0.195	-0.195	-0.195	-0.195	-0.195	-0.195	-0.195	-0.195	-0.195	-0.195	-0.195	-0.195	-0.195	-0.195	-0.195	-0.195	-0.195	-0.195	-0.195	-0.195	
-0.295	-0.295	-0.295	-0.295	-0.295	-0.295	-0.295	-0.295	-0.295	-0.295	-0.295	-0.295	-0.295	-0.295	-0.295	-0.295	-0.295	-0.295	-0.295	-0.295	-0.295	-0.295	-0.295	-0.295	
-0.395	-0.395	-0.395	-0.395	-0.395	-0.395	-0.395	-0.395	-0.395	-0.395	-0.395	-0.395	-0.395	-0.395	-0.395	-0.395	-0.395	-0.395	-0.395	-0.395	-0.395	-0.395	-0.395	-0.395	
-0.495	-0.495	-0.495	-0.495	-0.495	-0.495	-0.495	-0.495	-0.495	-0.495	-0.495	-0.495	-0.495	-0.495	-0.495	-0.495	-0.495	-0.495	-0.495	-0.495	-0.495	-0.495	-0.495	-0.495	
-0.595	-0.595	-0.595	-0.595	-0.595	-0.595	-0.595	-0.595	-0.595	-0.595	-0.595	-0.595	-0.595	-0.595	-0.595	-0.595	-0.595	-0.595	-0.595	-0.595	-0.595	-0.595	-0.595	-0.595	
-0.695	-0.695	-0.695	-0.695	-0.695	-0.695	-0.695	-0.695	-0.695	-0.695	-0.695	-0.695	-0.695	-0.695	-0.695	-0.695	-0.695	-0.695	-0.695	-0.695	-0.695	-0.695	-0.695	-0.695	
-0.795	-0.795	-0.795	-0.795	-0.795	-0.795	-0.795	-0.795	-0.795	-0.795	-0.795	-0.795	-0.795	-0.795	-0.795	-0.795	-0.795	-0.795	-0.795	-0.795	-0.795	-0.795	-0.795	-0.795	
-0.895	-0.895	-0.895	-0.895	-0.895	-0.895	-0.895	-0.895	-0.895	-0.895	-0.895	-0.895	-0.895	-0.895	-0.895	-0.895	-0.895	-0.895	-0.895	-0.895	-0.895	-0.895	-0.895	-0.895	
1.2	1.2	1.2	1.2	1.2	1.2	1.2	1.2	1.2	1.2	1.2	1.2	1.2	1.2	1.2	1.2	1.2	1.2	1.2	1.2	1.2	1.2	1.2	1.2	
1.1	1.1	1.1	1.1	1.1	1.1	1.1	1.1	1.1	1.1	1.1	1.1	1.1	1.1	1.1	1.1	1.1	1.1	1.1	1.1	1.1	1.1	1.1	1.1	
1	1	1	1	1	1	1	1	1	1	1	1	1	1	1	1	1	1	1	1	1	1	1	1	
0.904	0.904	0.904	0.904	0.904	0.904	0.904	0.904	0.904	0.904	0.904	0.904	0.904	0.904	0.904	0.904	0.904	0.904	0.904	0.904	0.904	0.904	0.904	0.904	
0.804	0.804	0.804	0.804	0.804	0.804	0.804	0.804	0.804	0.804	0.804	0.804	0.804	0.804	0.804	0.804	0.804	0.804	0.804	0.804	0.804	0.804	0.804	0.804	
0.704	0.704	0.704	0.704	0.704	0.704	0.704	0.704	0.704	0.704	0.704	0.704	0.704	0.704	0.704	0.704	0.704	0.704	0.704	0.704	0.704	0.704	0.704	0.704	
0.604	0.604	0.604	0.604	0.604	0.604	0.604	0.604	0.604	0.604	0.604	0.604	0.604	0.604	0.604	0.604	0.604	0.604	0.604	0.604	0.604	0.604	0.604	0.604	
0.504	0.504	0.504	0.504	0.504	0.504	0.504	0.504	0.504	0.504	0.504	0.504	0.504	0.504	0.504	0.504	0.504	0.504	0.504	0.504	0.504	0.504	0.504	0.504	
0.404	0.404	0.404	0.404	0.404	0.404	0.404	0.404	0.404	0.404	0.404	0.404	0.404	0.404	0.404	0.404	0.404	0.404	0.404	0.404	0.404	0.404	0.404	0.404	
0.304	0.304	0.304	0.304	0.304	0.304	0.304	0.304	0.304	0.304	0.304	0.304	0.304	0.304	0.304	0.304	0.304	0.304	0.304	0.304	0.304	0.304	0.304	0.304	
0.204	0.204	0.204	0.204	0.204	0.204	0.204	0.204	0.204	0.204	0.204	0.204	0.204	0.204	0.204	0.204	0.204	0.204	0.204	0.204	0.204	0.204	0.204	0.204	
0.104	0.104	0.104	0.104	0.104	0.104	0.104	0.104	0.104	0.104	0.104	0.104	0.104	0.104	0.104	0.104	0.104	0.104	0.104	0.104	0.104	0.104	0.104	0.104	
0.00419	0.00419	0.00419	0.00419	0.00419	0.00419	0.00419	0.00419	0.00419	0.00419	0.00419	0.00419	0.00419	0.00419	0.00419	0.00419	0.00419	0.00419	0.00419	0.00419	0.00419	0.00419	0.00419	0.00419	
-0.0958	-0.0958	-0.0958	-0.0958	-0.0958	-0.0958	-0.0958	-0.0958	-0.0958	-0.0958	-0.0958	-0.0958	-0.0958	-0.0958	-0.0958	-0.0958	-0.0958	-0.0958	-0.0958	-0.0958	-0.0958	-0.0958	-0.0958	-0.0958	
-0.196	-0.196	-0.196	-0.196	-0.196	-0.196	-0.196	-0.196	-0.196	-0.196	-0.196	-0.196	-0.196	-0.196	-0.196	-0.196	-0.196	-0.196	-0.196	-0.196	-0.196	-0.196	-0.196	-0.196	
-0.296	-0.296	-0.296	-0.296	-0.296	-0.296	-0.296	-0.296	-0.296	-0.296	-0.296	-0.296	-0.296	-0.296	-0.296	-0.296	-0.296	-0.296	-0.296	-0.296	-0.296	-0.296	-0.296	-0.296	
-0.396	-0.396	-0.396	-0.396	-0.396	-0.396	-0.396	-0.396	-0.396	-0.396	-0.396	-0.396	-0.396	-0.396	-0.396	-0.396	-0.396	-0.396	-0.396	-0.396	-0.396	-0.396	-0.396	-0.396	
-0.496	-0.496	-0.496	-0.496	-0.496	-0.496	-0.496	-0.496	-0.496	-0.496	-0.496	-0.496	-0.496	-0.496	-0.496	-0.496	-0.496	-0.496	-0.496	-0.496	-0.496	-0.496	-0.496	-0.496	
-0.596	-0.596	-0.596	-0.596	-0.596	-0.596	-0.596	-0.596	-0.596	-0.596	-0.596	-0.596	-0.596	-0.596	-0.596	-0.596	-0.596	-0.596	-0.596	-0.596	-0.596	-0.596	-0.596	-0.596	
-0.696	-0.696	-0.696	-0.696	-0.696	-0.696	-0.696	-0.696	-0.696	-0.696	-0.696	-0.696	-0.696	-0.696	-0.696	-0.696	-0.696	-0.696	-0.696	-0.696	-0.696	-0.696	-0.696	-0.696	
-0.796	-0.796	-0.796	-0.796	-0.796	-0.796	-0.796	-0.796	-0.796	-0.796	-0.796	-0.796	-0.796	-0.796	-0.796	-0.796	-0.796	-0.796	-0.796	-0.796	-0.796	-0.796	-0.796	-0.796	
1.3	1.3	1.3	1.3	1.3	1.3	1.3	1.3	1.3	1.3	1.3	1.3	1.3	1.3	1.3	1.3	1.3	1.3	1.3	1.3	1.3	1.3	1.3	1.3	
1.2	1.2	1.2	1.2	1.2	1.2	1.2	1.2	1.2	1.2	1.2	1.2	1.2	1.2	1.2	1.2	1.2	1.2	1.2	1.2	1.2	1.2	1.2	1.2	
1.1	1.1	1.1	1.1	1.1	1.1	1.1	1.1	1.1	1.1	1.1	1.1	1.1	1.1	1.1	1.1	1.1	1.1	1.1	1.1	1.1	1.1	1.1	1.1	
1	1	1	1	1	1	1	1	1	1	1	1	1	1	1	1	1	1	1	1	1	1	1	1	
0.904	0.904	0.904	0.904	0.904	0.904	0.904	0.904	0.904	0.904	0.904	0.904	0.904	0.904	0.904	0.904	0.904	0.904	0.904	0.904	0.904	0.904	0.904	0.904	
0.804	0.804	0.804	0.804	0.804	0.804	0.804	0.804	0.804	0.804	0.804	0.804	0.804	0.804	0.804	0.804	0.804	0.804	0.804	0.804	0.804	0.804	0.804	0.804	
0.704	0.704	0.704	0.704	0.704	0.704	0.704	0.704	0.704	0.704	0.704	0.704	0.704	0.704	0.704	0.704	0.704	0.704	0.704	0.704	0.704	0.704	0.704	0.704	
0.604	0.604	0.604	0.604	0.604	0.604	0.604	0.604	0.604	0.604	0.604	0.604	0.604	0.604	0.604	0.604	0.604	0.604	0.604	0.604	0.604	0.604	0.604	0.604	
0.504	0.504	0.504	0.504	0.504	0.504	0.504	0.504	0.504	0.504	0.504	0.504	0.504	0.504	0.504	0.504	0.504	0.504	0.504	0.504	0.504	0.504	0.504	0.504	
0.404	0.404	0.404	0.404	0.404	0.404	0.404	0.404	0.404	0.404	0.404	0.404	0.404	0.404	0.404	0.404	0.404	0.404	0.404	0.404	0.404	0.404	0.404	0.404	
0.304	0.304	0.304	0.304	0.304	0.304	0.304	0.304	0.304	0.304	0.304	0.304	0.304	0.304	0.304	0.304	0.304	0.304	0.304	0.304	0.304	0.304	0.304	0.304	
0.204	0.204	0.204	0.204	0.204	0.204	0.204	0.204	0.204	0.204	0.204	0.204	0.204	0.204	0.204	0.204	0.204	0.204	0.204	0.204	0.204	0.204	0.204	0.204	
0.104	0.104	0.104	0.104	0.104	0.104	0.104	0.104	0.104	0.104	0.104	0.104	0.104	0.104	0.104	0.104	0.104	0.104	0.104	0.104	0.104	0.104	0.104	0.104	
0.00367	0.00367	0.00367	0.00367	0.00367	0.00367	0.00367	0.00367	0.00367	0.00367	0.00367	0.00367	0.00367	0.00367	0.00367	0.00367	0.00367	0.00367	0.00367	0.00367	0.00367	0.00367	0.00367	0.00367	
-0.0963	-0.0963	-0.0963	-0.0963	-0.0963	-0.0963	-0.0963	-0.0963	-0.0963	-0.0963	-0.0963	-0.0963	-0.0963	-0.0963	-0.0963	-0.0963	-0.0963	-0.0963	-0.0963	-0.0963	-0.0963	-0.0963	-0.0963	-0.0963	
-0.196	-0.196	-0.196	-0.196	-0.196	-0.196	-0.196	-0.196	-0.196	-0.196	-0.196	-0.196	-0.196	-0.196	-0.196	-0.196	-0.196	-0.196	-0.196	-0.196	-0.196	-0.196	-0.196	-0.196	
-0.296	-0.296	-0.296	-0.296	-0.296	-0.296	-0.296	-0.296	-0.296	-0.296	-0.296	-0.296	-0.296	-0.296	-0.296	-0.296	-0.296	-0.296	-0.296	-0.296	-0.296	-0.296	-0.296	-0.296	
-0.396	-0.396	-0.396	-0.396	-0.396	-0.396	-0.396	-0.396	-0.396	-0.396	-0.396	-0.396	-0.396	-0.396	-0.396	-0.396	-0.396	-0.396	-0.396	-0.396	-0.396	-0.396	-0.396	-0.396	
-0.496	-0.496	-0.496	-0.496	-0.496	-0.496	-0.496	-0.496	-0.496	-0.496	-0.496	-0.496	-0.496	-0.496	-0.496	-0.496	-0.496	-0.496	-0.496	-0.496	-0.496	-0.496	-0.496	-0.496	
-0.596	-0.596	-0.596	-0.596	-0.596	-0.596	-0.596	-0.596	-0.596	-0.596	-0.596	-0.596	-0.596	-0.596	-0.596	-0.596	-0.596	-0.596	-0.596	-0.596	-0.596	-0.596	-0.596	-0.596	
-0.696	-0.696	-0.696	-0.696	-0.696	-0.696	-0.696	-0.696	-0.696	-0.696	-0.696	-0.696	-0.696	-0.696	-0.696	-0.696	-0.696	-0.696	-0.696	-0.696	-0.696	-0.696	-0.696	-0.696	
1.4	1.4	1.4	1.4	1.4	1.4	1.4	1.4	1.4	1.4	1.4	1.4	1.4	1.4	1.4	1.4	1.4	1.4	1.4	1.4	1.4	1.4	1.4	1.4	
1.3	1.3	1.3	1.3	1.3	1.3	1.3	1.3	1.3	1.3	1.3	1.3	1.3	1.3	1.3	1.3	1.3	1.3	1.3	1.3	1.3	1.3	1.3	1.3	
1.2	1.2	1.2	1.2	1.2	1.2	1.2	1.2	1.2	1.2	1.2	1.2	1.2	1.2	1.2	1.2	1.2	1.2	1.2	1.2	1.2	1.2	1.2	1.2	
1.1	1.1	1.1	1.1	1.1	1.1	1.1	1.1	1.1	1.1	1.1	1.1	1.1	1.1	1.1	1.1	1.1	1.1	1.1	1.1	1.1	1.1	1.1	1.1	
1	1	1	1	1	1	1	1	1	1	1	1	1	1	1	1	1	1	1	1	1	1	1	1	
0.903	0.903	0.903	0.903	0.903	0.903	0.903	0.903	0.903	0.903	0.903	0.903	0.903	0.903	0.903	0.903	0.903	0.903	0.903	0.903	0.903	0.903	0.903	0.903	
0.803	0.803	0.803	0.803	0.803	0.803	0.803	0.803	0.803	0.803	0.803	0.803	0.803	0.803	0.803	0.803	0.803	0.803	0.803	0.803	0.803	0.803	0.803	0.803	
0.703	0.703	0.703	0.703	0.703	0.703	0.703	0.703	0.703	0.703	0.703	0.703	0.703	0.703	0.703	0.703	0.703	0.703	0.703	0.703	0.703	0.703	0.703	0.703	
0.603	0.603	0.603	0.603	0.603	0.603	0.603	0.603	0.603	0.603	0.603	0.603	0.603	0.603	0.603	0.603	0.603	0.603	0.603	0.603	0.603	0.603	0.603	0.603	
0.503	0.503	0.503	0.503	0.503	0.503	0.503	0.503	0.503	0.503	0.503	0.503	0.503	0.503	0.503	0.503	0.503	0.503	0.503	0.503	0.503	0.503	0.503	0.503	
0.403	0.403	0.403	0.403	0.403	0.403	0.403	0.403	0.403	0.403	0.403	0.403	0.403	0.403	0.403	0.403	0.403	0.403	0.403	0.403	0.403	0.403	0.403	0.403	
0.303	0.303	0.303	0.303	0.303	0.303	0.303	0.303	0.303	0.303	0.303	0.303	0.303	0.303	0.303	0.303	0.303	0.303	0.303	0.303	0.303	0.303	0.303	0.303	
0.203	0.203	0.203	0.203	0.203	0.203	0.203	0.203	0.203	0.203	0.203	0.203	0.203	0.203	0.203	0.203	0.203	0.203	0.203	0.203	0.203	0.203	0.203	0.203	
0.103	0.103	0.103	0.103	0.103	0.103	0.103	0.103	0.103	0.103	0.103	0.103	0.103	0.103	0.103	0.103	0.103	0.103	0.103	0.103	0.103	0.103	0.103	0.103	
0.00314	0.00314	0.00314	0.00314	0.00314	0.00314	0.00314	0.00314	0.00314	0.00314	0.00314	0.00314	0.00314	0.00314	0.00314	0.00314	0.00314	0.00314	0.00314	0.00314	0.00314	0.00314	0.00314	0.00314	
-0.0969	-0.0969	-0.0969	-0.0969	-0.0969	-0.0969	-0.0969	-0.0969	-0.0969	-0.0969	-0.0969	-0.0969	-0.0969	-0.0969	-0.0969	-0.0969	-0.0969	-0.0969	-0.0969	-0.0969	-0.0969	-0.0969	-0.0969	-0.0969	
-0.197	-0.197	-0.197	-0.197	-0.197	-0.197	-0.197	-0.197	-0.197	-0.197	-0.197	-0.197	-0.197	-0.197	-0.197	-0.197	-0.197	-0.197	-0.197	-0.197	-0.197	-0.197	-0.197	-0.197	
-0.297	-0.297	-0.297	-0.297	-0.297	-0.297	-0.297	-0.297	-0.297	-0.297	-0.297	-0.297	-0.297	-0.297	-0.297	-0.297	-0.297	-0.297	-0.297	-0.297	-0.297	-0.297	-0.297	-0.297	
-0.397	-0.397	-0.397	-0.397	-0.397	-0.397	-0.397	-0.397	-0.397	-0.397	-0.397	-0.397	-0.397	-0.397	-0.397	-0.397	-0.397	-0.397	-0.397	-0.397	-0.397	-0.397	-0.397	-0.397	
-0.497	-0.497	-0.497	-0.497	-0.497	-0.497	-0.497	-0.497	-0.497	-0.497	-0.497	-0.497	-0.497	-0.497	-0.497	-0.497	-0.497	-0.497	-0.497	-0.497	-0.497	-0.497	-0.497	-0.497	
-0.597	-0.597	-0.597	-0.597	-0.597	-0.597	-0.597	-0.597	-0.597	-0.597	-0.597	-0.597	-0.597	-0.597	-0.597	-0.597	-0.597	-0.597	-0.597	-0.597	-0.597	-0.597	-0.597	-0.597	
1.5	1.5	1.5	1.5	1.5	1.5	1.5	1.5	1.5	1.5	1.5	1.5	1.5	1.5	1.5	1.5	1.5	1.5	1.5	1.5	1.5	1.5	1.5	1.5	
1.4	1.4	1.4	1.4	1.4	1.4	1.4	1.4	1.4	1.4	1.4	1.4	1.4	1.4	1.4	1.4	1.4	1.4	1.4	1.4	1.4	1.4	1.4	1.4	
1.3	1.3	1.3	1.3	1.3	1.3	1.3	1.3	1.3	1.3	1.3	1.3	1.3	1.3	1.3	1.3	1.3	1.3	1.3	1.3	1.3	1.3	1.3	1.3	
1.2	1.2	1.2	1.2	1.2	1.2	1.2	1.2	1.2	1.2	1.2	1.2	1.2	1.2	1.2	1.2	1.2	1.2	1.2	1.2	1.2	1.2	1.2	1.2	
1.1	1.1	1.1	1.1	1.1	1.1	1.1	1.1	1.1	1.1	1.1	1.1	1.1	1.1	1.1	1.1	1.1	1.1	1.1	1.1	1.1	1.1	1.1	1.1	
1	1	1	1	1	1	1	1	1	1	1	1	1	1	1	1	1	1	1	1	1	1	1	1	
0.903	0.903	0.903	0.903	0.903	0.903	0.903	0.903	0.903	0.903	0.903	0.903	0.903	0.903	0.903	0.903	0.903	0.903	0.903	0.903	0.903	0.903	0.903	0.903	
0.803	0.803	0.803	0.803	0.803	0.803	0.803	0.803	0.803	0.803	0.803	0.803	0.803	0.803	0.803	0.803	0.803	0.803	0.803	0.803	0.803	0.803	0.803	0.803	
0.703	0.703	0.703	0.703	0.703	0.703	0.703	0.703	0.703	0.703	0.703	0.703	0.703	0.703	0.703	0.703	0.703	0.703	0.703	0.703	0.703	0.703	0.703	0.703	
0.603	0.603	0.603	0.603	0.603	0.603	0.603	0.603	0.603	0.603	0.603	0.603	0.603	0.603	0.603	0.603	0.603	0.603	0.603	0.603	0.603	0.603	0.603	0.603	
0.503	0.503	0.503	0.503	0.503	0.503	0.503	0.503	0.503	0.503	0.503	0.503	0.503	0.503	0.503	0.503	0.503	0.503	0.503	0.503	0.503	0.503	0.503	0.503	
0.403	0.403	0.403	0.403	0.403	0.403	0.403	0.403	0.403	0.403	0.403	0.403	0.403	0.403	0.403	0.403	0.403	0.403	0.403	0.403	0.403	0.403	0.403	0.403	
0.303	0.303	0.303	0.303	0.303	0.303	0.303	0.303	0.303	0.303	0.303	0.303	0.303	0.303	0.303	0.303	0.303	0.303	0.303	0.303	0.303	0.303	0.303	0.303	
0.203	0.203	0.203	0.203	0.203	0.203	0.203	0.203	0.203	0.203	0.203	0.203	0.203	0.203	0.203	0.203	0.203	0.203	0.203	0.203	0.203	0.203	0.203	0.203	
0.103	0.103	0.103	0.103	0.103	0.103	0.103	0.103	0.103	0.103	0.103	0.103	0.103	0.103	0.103	0.103	0.103	0.103	0.103	0.103	0.103	0.103	0.103	0.103	
0.00262	0.00262	0.00262	0.00262	0.00262	0.00262	0.00262	0.00262	0.00262	0.00262	0.00262	0.00262	0.00262	0.00262	0.00262	0.00262	0.00262	0.00262	0.00262	0.00262	0.00262	0.00262	0.00262	0.00262	
-0.0974	-0.0974	-0.0974	-0.0974	-0.0974	-0.0974	-0.0974	-0.0974	-0.0974	-0.0974	-0.0974	-0.0974	-0.0974	-0.0974	-0.0974	-0.0974	-0.0974	-0.0974	-0.0974	-0.0974	-0.0974	-0.0974	-0.0974	-0.0974	
-0.197	-0.197	-0.197	-0.197	-0.197	-0.197	-0.197	-0.197	-0.197	-0.197	-0.197	-0.197	-0.197	-0.197	-0.197	-0.197	-0.197	-0.197	-0.197	-0.197	-0.197	-0.197	-0.197	-0.197	
-0.297	-0.297	-0.297	-0.297	-0.297	-0.297	-0.297	-0.297	-0.297	-0.297	-0.297	-0.297	-0.297	-0.297	-0.297	-0.297	-0.297	-0.297	-0.297	-0.297	-0.297	-0.297	-0.297	-0.297	
-0.397	-0.397	-0.397	-0.397	-0.397	-0.397	-0.397	-0.397	-0.397	-0.397	-0.397	-0.397	-0.397	-0.397	-0.397	-0.397	-0.397	-0.397	-0.397	-0.397	-0.397	-0.397	-0.397	-0.397	
-0.497	-0.497	-0.497	-0.497	-0.497	-0.497	-0.497	-0.497	-0.497	-0.497	-0.497	-0.497	-0.497	-0.497	-0.497	-0.497	-0.497	-0.497	-0.497	-0.497	-0.497	-0.497	-0.497	-0.497	
1.6	1.6	1.6	1.6	1.6	1.6	1.6	1.6	1.6	1.6	1.6	1.6	1.6	1.6	1.6	1.6	1.6	1.6	1.6	1.6	1.6	1.6	1.6	1.6	
1.5	1.5	1.5	1.5	1.5	1.5	1.5	1.5	1.5	1.5	1.5	1.5	1.5	1.5	1.5	1.5	1.5	1.5	1.5	1.5	1.5	1.5	1.5	1.5	
1.4	1.4	1.4	1.4	1.4	1.4	1.4	1.4	1.4	1.4	1.4	1.4	1.4	1.4	1.4	1.4	1.4	1.4	1.4	1.4	1.4	1.4	1.4	1.4	
1.3	1.3	1.3	1.3	1.3	1.3	1.3	1.3	1.3	1.3	1.3	1.3	1.3	1.3	1.3	1.3	1.3	1.3	1.3	1.3	1.3	1.3	1.3	1.3	
1.2	1.2	1.2	1.2	1.2	1.2	1.2	1.2	1.2	1.2	1.2	1.2	1.2	1.2	1.2	1.2	1.2	1.2	1.2	1.2	1.2	1.2	1.2	1.2	
1.1	1.1	1.1	1.1	1.1	1.1	1.1	1.1	1.1	1.1	1.1	1.1	1.1	1.1	1.1	1.1	1.1	1.1	1.1	1.1	1.1	1.1	1.1	1.1	
1	1	1	1	1	1	1	1	1	1	1	1	1	1	1	1	1	1	1	1	1	1	1	1	
0.902	0.902	0.902	0.902	0.902	0.902	0.902	0.902	0.902	0.902	0.902	0.902	0.902	0.902	0.902	0.902	0.902	0.902	0.902	0.902	0.902	0.902	0.902	0.902	
0.802	0.802	0.802	0.802	0.802	0.802	0.802	0.802	0.802	0.802	0.802	0.802	0.802	0.802	0.802	0.802	0.802	0.802	0.802	0.802	0.802	0.802	0.802	0.802	
0.702	0.702	0.702	0.702	0.702	0.702	0.702	0.702	0.702	0.702	0.702	0.702	0.702	0.702	0.702	0.702	0.702	0.702	0.702	0.702	0.702	0.702	0.702	0.702	
0.602	0.602	0.602	0.602	0.602	0.602	0.602	0.602	0.602	0.602	0.602	0.602	0.602	0.602	0.602	0.602	0.602	0.602	0.602	0.602	0.602	0.602	0.602	0.602	
0.502	0.502	0.502	0.502	0.502	0.502	0.502	0.502	0.502	0.502	0.502	0.502	0.502	0.502	0.502	0.502	0.502	0.502	0.502	0.502	0.502	0.502	0.502	0.502	
0.402	0.402	0.402	0.402	0.402	0.402	0.402	0.402	0.402	0.402	0.402	0.402	0.402	0.402	0.402	0.402	0.402	0.402	0.402	0.402	0.402	0.402	0.402	0.402	
0.302	0.302	0.302	0.302	0.302	0.302	0.302	0.302	0.302	0.302	0.302	0.302	0.302	0.302	0.302	0.302	0.302	0.302	0.302	0.302	0.302	0.302	0.302	0.302	
0.202	0.202	0.202	0.202	0.202	0.202	0.202	0.202	0.202	0.202	0.202	0.202	0.202	0.202	0.202	0.202	0.202	0.202	0.202	0.202	0.202	0.202	0.202	0.202	
0.102	0.102	0.102	0.102	0.102	0.102	0.102	0.102	0.102	0.102	0.102	0.102	0.102	0.102	0.102	0.102	0.102	0.102	0.102	0.102	0.102	0.102	0.102	0.102	
0.00209	0.00209	0.00209	0.00209	0.00209	0.00209	0.00209	0.00209	0.00209	0.00209	0.00209	0.00209	0.00209	0.00209	0.00209	0.00209	0.00209	0.00209	0.00209	0.00209	0.00209	0.00209	0.00209	0.00209	
-0.0979	-0.0979	-0.0979	-0.0979	-0.0979	-0.0979	-0.0979	-0.0979	-0.0979	-0.0979	-0.0979	-0.0979	-0.0979	-0.0979	-0.0979	-0.0979	-0.0979	-0.0979	-0.0979	-0.0979	-0.0979	-0.0979	-0.0979	-0.0979	
-0.198	-0.198	-0.198	-0.198	-0.198	-0.198	-0.198	-0.198	-0.198	-0.198	-0.198	-0.198	-0.198	-0.198	-0.198	-0.198	-0.198	-0.198	-0.198	-0.198	-0.198	-0.198	-0.198	-0.198	
-0.298	-0.298	-0.298	-0.298	-0.298	-0.298	-0.298	-0.298	-0.298	-0.298	-0.298	-0.298	-0.298	-0.298	-0.298	-0.298	-0.298	-0.298	-0.298	-0.298	-0.298	-0.298	-0.298	-0.298	
-0.398	-0.398	-0.398	-0.398	-0.398	-0.398	-0.398	-0.398	-0.398	-0.398	-0.398	-0.398	-0.398	-0.398	-0.398	-0.398	-0.398	-0.398	-0.398	-0.398	-0.398	-0.398	-0.398	-0.398	
1.7	1.7	1.7	1.7	1.7	1.7	1.7	1.7	1.7	1.7	1.7	1.7	1.7	1.7	1.7	1.7	1.7	1.7	1.7	1.7	1.7	1.7	1.7	1.7	
1.6	1.6	1.6	1.6	1.6	1.6	1.6	1.6	1.6	1.6	1.6	1.6	1.6	1.6	1.6	1.6	1.6	1.6	1.6	1.6	1.6	1.6	1.6	1.6	
1.5	1.5	1.5	1.5	1.5	1.5	1.5	1.5	1.5	1.5	1.5	1.5	1.5	1.5	1.5	1.5	1.5	1.5	1.5	1.5	1.5	1.5	1.5	1.5	
1.4	1.4	1.4	1.4	1.4	1.4	1.4	1.4	1.4	1.4	1.4	1.4	1.4	1.4	1.4	1.4	1.4	1.4	1.4	1.4	1.4	1.4	1.4	1.4	
1.3	1.3	1.3	1.3	1.3	1.3	1.3	1.3	1.3	1.3	1.3	1.3	1.3	1.3	1.3	1.3	1.3	1.3	1.3	1.3	1.3	1.3	1.3	1.3	
1.2	1.2	1.2	1.2	1.2	1.2	1.2	1.2	1.2	1.2	1.2	1.2	1.2	1.2	1.2	1.2	1.2	1.2	1.2	1.2	1.2	1.2	1.2	1.2	
1.1	1.1	1.1	1.1	1.1	1.1	1.1	1.1	1.1	1.1	1.1	1.1	1.1	1.1	1.1	1.1	1.1	1.1	1.1	1.1	1.1	1.1	1.1	1.1	
1	1	1	1	1	1	1	1	1	1	1	1	1	1	1	1	1	1	1	1	1	1	1	1	
0.902	0.902	0.902	0.902	0.902	0.902	0.902	0.902	0.902	0.902	0.902	0.902	0.902	0.902	0.902	0.902	0.902	0.902	0.902	0.902	0.902	0.902	0.902	0.902	
0.802	0.802	0.802	0.802	0.802	0.802	0.802	0.802	0.802	0.802	0.802	0.802	0.802	0.802	0.802	0.802	0.802	0.802	0.802	0.802	0.802	0.802	0.802	0.802	
0.702	0.702	0.702	0.702	0.702	0.702	0.702	0.702	0.702	0.702	0.702	0.702	0.702	0.702	0.702	0.702	0.702	0.702	0.702	0.702	0.702	0.702	0.702	0.702	
0.602	0.602	0.602	0.602	0.602	0.602	0.602	0.602	0.602	0.602	0.602	0.602	0.602	0.602	0.602	0.602	0.602	0.602	0.602	0.602	0.602	0.602	0.602	0.602	
0.502	0.502	0.502	0.502	0.502	0.502	0.502	0.502	0.502	0.502	0.502	0.502	0.502	0.502	0.502	0.502	0.502	0.502	0.502	0.502	0.502	0.502	0.502	0.502	
0.402	0.402	0.402	0.402	0.402	0.402	0.402	0.402	0.402	0.402	0.402	0.402	0.402	0.402	0.402	0.402	0.402	0.402	0.402	0.402	0.402	0.402	0.402	0.402	
0.302	0.302	0.302	0.302	0.302	0.302	0.302	0.302	0.302	0.302	0.302	0.302	0.302	0.302	0.302	0.302	0.302	0.302	0.302	0.302	0.302	0.302	0.302	0.302	
0.202	0.202	0.202	0.202	0.202	0.202	0.202	0.202	0.202	0.202	0.202	0.202	0.202	0.202	0.202	0.202	0.202	0.202	0.202	0.202	0.202	0.202	0.202	0.202	
0.102	0.102	0.102	0.102	0.102	0.102	0.102	0.102	0.102	0.102	0.102	0.102	0.102	0.102	0.102	0.102	0.102	0.102	0.102	0.102	0.102	0.102	0.102	0.102	
0.00157	0.00157	0.00157	0.00157	0.00157	0.00157	0.00157	0.00157	0.00157	0.00157	0.00157	0.00157	0.00157	0.00157	0.00157	0.00157	0.00157	0.00157	0.00157	0.00157	0.00157	0.00157	0.00157	0.00157	
-0.0984	-0.0984	-0.0984	-0.0984	-0.0984	-0.0984	-0.0984	-0.0984	-0.0984	-0.0984	-0.0984	-0.0984	-0.0984	-0.0984	-0.0984	-0.0984	-0.0984	-0.0984	-0.0984	-0.0984	-0.0984	-0.0984	-0.0984	-0.0984	
-0.198	-0.198	-0.198	-0.198	-0.198	-0.198	-0.198	-0.198	-0.198	-0.198	-0.198	-0.198	-0.198	-0.198	-0.198	-0.198	-0.198	-0.198	-0.198	-0.198	-0.198	-0.198	-0.198	-0.198	
-0.298	-0.298	-0.298	-0.298	-0.298	-0.298	-0.298	-0.298	-0.298	-0.298	-0.298	-0.298	-0.298	-0.298	-0.298	-0.298	-0.298	-0.298	-0.298	-0.298	-0.298	-0.298	-0.298	-0.298	
1.8	1.8	1.8	1.8	1.8	1.8	1.8	1.8	1.8	1.8	1.8	1.8	1.8	1.8	1.8	1.8	1.8	1.8	1.8	1.8	1.8	1.8	1.8	1.8	
1.7	1.7	1.7	1.7	1.7	1.7	1.7	1.7	1.7	1.7	1.7	1.7	1.7	1.7	1.7	1.7	1.7	1.7	1.7	1.7	1.7	1.7	1.7	1.7	
1.6	1.6	1.6	1.6	1.6	1.6	1.6	1.6	1.6	1.6	1.6	1.6	1.6	1.6	1.6	1.6	1.6	1.6	1.6	1.6	1.6	1.6	1.6	1.6	
1.5	1.5	1.5	1.5	1.5	1.5	1.5	1.5	1.5	1.5	1.5	1.5	1.5	1.5	1.5	1.5	1.5	1.5	1.5	1.5	1.5	1.5	1.5	1.5	
1.4	1.4	1.4	1.4	1.4	1.4	1.4	1.4	1.4	1.4	1.4	1.4	1.4	1.4	1.4	1.4	1.4	1.4	1.4	1.4	1.4	1.4	1.4	1.4	
1.3	1.3	1.3	1.3	1.3	1.3	1.3	1.3	1.3	1.3	1.3	1.3	1.3	1.3	1.3	1.3	1.3	1.3	1.3	1.3	1.3	1.3	1.3	1.3	
1.2	1.2	1.2	1.2	1.2	1.2	1.2	1.2	1.2	1.2	1.2	1.2	1.2	1.2	1.2	1.2	1.2	1.2	1.2	1.2	1.2	1.2	1.2	1.2	
1.1	1.1	1.1	1.1	1.1	1.1	1.1	1.1	1.1	1.1	1.1	1.1	1.1	1.1	1.1	1.1	1.1	1.1	1.1	1.1	1.1	1.1	1.1	1.1	
1	1	1	1	1	1	1	1	1	1	1	1	1	1	1	1	1	1	1	1	1	1	1	1	
0.901	0.901	0.901	0.901	0.901	0.901	0.901	0.901	0.901	0.901	0.901	0.901	0.901	0.901	0.901	0.901	0.901	0.901	0.901	0.901	0.901	0.901	0.901	0.901	
0.801	0.801	0.801	0.801	0.801	0.801	0.801	0.801	0.801	0.801	0.801	0.801	0.801	0.801	0.801	0.801	0.801	0.801	0.801	0.801	0.801	0.801	0.801	0.801	
0.701	0.701	0.701	0.701	0.701	0.701	0.701	0.701	0.701	0.701	0.701	0.701	0.701	0.701	0.701	0.701	0.701	0.701	0.701	0.701	0.701	0.701	0.701	0.701	
0.601	0.601	0.601	0.601	0.601	0.601	0.601	0.601	0.601	0.601	0.601	0.601	0.601	0.601	0.601	0.601	0.601	0.601	0.601	0.601	0.601	0.601	0.601	0.601	
0.501	0.501	0.501	0.501	0.501	0.501	0.501	0.501	0.501	0.501	0.501	0.501	0.501	0.501	0.501	0.501	0.501	0.501	0.501	0.501	0.501	0.501	0.501	0.501	
0.401	0.401	0.401	0.401	0.401	0.401	0.401	0.401	0.401	0.401	0.401	0.401	0.401	0.401	0.401	0.401	0.401	0.401	0.401	0.401	0.401	0.401	0.401	0.401	
0.301	0.301	0.301	0.301	0.301	0.301	0.301	0.301	0.301	0.301	0.301	0.301	0.301	0.301	0.301	0.301	0.301	0.301	0.301	0.301	0.301	0.301	0.301	0.301	
0.201	0.201	0.201	0.201	0.201	0.201	0.201	0.201	0.201	0.201	0.201	0.201	0.201	0.201	0.201	0.201	0.201	0.201	0.201	0.201	0.201	0.201	0.201	0.201	
0.101	0.101	0.101	0.101	0.101	0.101	0.101	0.101	0.101	0.101	0.101	0.101	0.101	0.101	0.101	0.101	0.101	0.101	0.101	0.101	0.101	0.101	0.101	0.101	
0.00105	0.00105	0.00105	0.00105	0.00105	0.00105	0.00105	0.00105	0.00105	0.00105	0.00105	0.00105	0.00105	0.00105	0.00105	0.00105	0.00105	0.00105	0.00105	0.00105	0.00105	0.00105	0.00105	0.00105	
-0.099	-0.099	-0.099	-0.099	-0.099	-0.099	-0.099	-0.099	-0.099	-0.099	-0.099	-0.099	-0.099	-0.099	-0.099	-0.099	-0.099	-0.099	-0.099	-0.099	-0.099	-0.099	-0.099	-0.099	
-0.199	-0.199	-0.199	-0.199	-0.199	-0.199	-0.199	-0.199	-0.199	-0.199	-0.199	-0.199	-0.199	-0.199	-0.199	-0.199	-0.199	-0.199	-0.199	-0.199	-0.199	-0.199	-0.199	-0.199	
1.9	1.9	1.9	1.9	1.9	1.9	1.9	1.9	1.9	1.9	1.9	1.9	1.9	1.9	1.9	1.9	1.9	1.9	1.9	1.9	1.9	1.9	1.9	1.9	
1.8	1.8	1.8	1.8	1.8	1.8	1.8	1.8	1.8	1.8	1.8	1.8	1.8	1.8	1.8	1.8	1.8	1.8	1.8	1.8	1.8	1.8	1.8	1.8	
1.7	1.7	1.7	1.7	1.7	1.7	1.7	1.7	1.7	1.7	1.7	1.7	1.7	1.7	1.7	1.7	1.7	1.7	1.7	1.7	1.7	1.7	1.7	1.7	
1.6	1.6	1.6	1.6	1.6	1.6	1.6	1.6	1.6	1.6	1.6	1.6	1.6	1.6	1.6	1.6	1.6	1.6	1.6	1.6	1.6	1.6	1.6	1.6	
1.5	1.5	1.5	1.5	1.5	1.5	1.5	1.5	1.5	1.5	1.5	1.5	1.5	1.5	1.5	1.5	1.5	1.5	1.5	1.5	1.5	1.5	1.5	1.5	
1.4	1.4	1.4	1.4	1.4	1.4	1.4	1.4	1.4	1.4	1.4	1.4	1.4	1.4	1.4	1.4	1.4	1.4	1.4	1.4	1.4	1.4	1.4	1.4	
1.3	1.3	1.3	1.3	1.3	1.3	1.3	1.3	1.3	1.3	1.3	1.3	1.3	1.3	1.3	1.3	1.3	1.3	1.3	1.3	1.3	1.3	1.3	1.3	
1.2	1.2	1.2	1.2	1.2	1.2	1.2	1.2	1.2	1.2	1.2	1.2	1.2	1.2	1.2	1.2	1.2	1.2	1.2	1.2	1.2	1.2	1.2	1.2	
1.1	1.1	1.1	1.1	1.1	1.1	1.1	1.1	1.1	1.1	1.1	1.1	1.1	1.1	1.1	1.1	1.1	1.1	1.1	1.1	1.1	1.1	1.1	1.1	
1	1	1	1	1	1	1	1	1	1	1	1	1	1	1	1	1	1	1	1	1	1	1	1	
0.901	0.901	0.901	0.901	0.901	0.901	0.901	0.901	0.901	0.901	0.901	0.901	0.901	0.901	0.901	0.901	0.901	0.901	0.901	0.901	0.901	0.901	0.901	0.901	
0.801	0.801	0.801	0.801	0.801	0.801	0.801	0.801	0.801	0.801	0.801	0.801	0.801	0.801	0.801	0.801	0.801	0.801	0.801	0.801	0.801	0.801	0.801	0.801	
0.701	0.701	0.701	0.701	0.701	0.701	0.701	0.701	0.701	0.701	0.701	0.701	0.701	0.701	0.701	0.701	0.701	0.701	0.701	0.701	0.701	0.701	0.701	0.701	
0.601	0.601	0.601	0.601	0.601	0.601	0.601	0.601	0.601	0.601	0.601	0.601	0.601	0.601	0.601	0.601	0.601	0.601	0.601	0.601	0.601	0.601	0.601	0.601	
0.501	0.501	0.501	0.501	0.501	0.501	0.501	0.501	0.501	0.501	0.501	0.501	0.501	0.501	0.501	0.501	0.501	0.501	0.501	0.501	0.501	0.501	0.501	0.501	
0.401	0.401	0.401	0.401	0.401	0.401	0.401	0.401	0.401	0.401	0.401	0.401	0.401	0.401	0.401	0.401	0.401	0.401	0.401	0.401	0.401	0.401	0.401	0.401	
0.301	0.301	0.301	0.301	0.301	0.301	0.301	0.301	0.301	0.301	0.301	0.301	0.301	0.301	0.301	0.301	0.301	0.301	0.301	0.301	0.301	0.301	0.301	0.301	
0.201	0.201	0.201	0.201	0.201	0.201	0.201	0.201	0.201	0.201	0.201	0.201	0.201	0.201	0.201	0.201	0.201	0.201	0.201	0.201	0.201	0.201	0.201	0.201	
0.101	0.101	0.101	0.101	0.101	0.101	0.101	0.101	0.101	0.101	0.101	0.101	0.101	0.101	0.101	0.101	0.101	0.101	0.101	0.101	0.101	0.101	0.101	0.101	
0.000524	0.000524	0.000524	0.000524	0.000524	0.000524	0.000524	0.000524	0.000524	0.000524	0.000524	0.000524	0.000524	0.000524	0.000524	0.000524	0.000524	0.000524	0.000524	0.000524	0.000524	0.000524	0.000524	0.000524	
-0.0995	-0.0995	-0.0995	-0.0995	-0.0995	-0.0995	-0.0995	-0.0995	-0.0995	-0.0995	-0.0995	-0.0995	-0.0995	-0.0995	-0.0995	-0.0995	-0.0995	-0.0995	-0.0995	-0.0995	-0.0995	-0.0995	-0.0995	-0.0995	
2	2	2	2	2	2	2	2	2	2	2	2	2	2	2	2	2	2	2	2	2	2	2	2	
1.9	1.9	1.9	1.9	1.9	1.9	1.9	1.9	1.9	1.9	1.9	1.9	1.9	1.9	1.9	1.9	1.9	1.9	1.9	1.9	1.9	1.9	1.9	1.9	
1.8	1.8	1.8	1.8	1.8	1.8	1.8	1.8	1.8	1.8	1.8	1.8	1.8	1.8	1.8	1.8	1.8	1.8	1.8	1.8	1.8	1.8	1.8	1.8	
1.7	1.7	1.7	1.7	1.7	1.7	1.7	1.7	1.7	1.7	1.7	1.7	1.7	1.7	1.7	1.7	1.7	1.7	1.7	1.7	1.7	1.7	1.7	1.7	
1.6	1.6	1.6	1.6	1.6	1.6	1.6	1.6	1.6	1.6	1.6	1.6	1.6	1.6	1.6	1.6	1.6	1.6	1.6	1.6	1.6	1.6	1.6	1.6	
1.5	1.5	1.5	1.5	1.5	1.5	1.5	1.5	1.5	1.5	1.5	1.5	1.5	1.5	1.5	1.5	1.5	1.5	1.5	1.5	1.5	1.5	1.5	1.5	
1.4	1.4	1.4	1.4	1.4	1.4	1.4	1.4	1.4	1.4	1.4	1.4	1.4	1.4	1.4	1.4	1.4	1.4	1.4	1.4	1.4	1.4	1.4	1.4	
1.3	1.3	1.3	1.3	1.3	1.3	1.3	1.3	1.3	1.3	1.3	1.3	1.3	1.3	1.3	1.3	1.3	1.3	1.3	1.3	1.3	1.3	1.3	1.3	
1.2	1.2	1.2	1.2	1.2	1.2	1.2	1.2	1.2	1.2	1.2	1.2	1.2	1.2	1.2	1.2	1.2	1.2	1.2	1.2	1.2	1.2	1.2	1.2	
1.1	1.1	1.1	1.1	1.1	1.1	1.1	1.1	1.1	1.1	1.1	1.1	1.1	1.1	1.1	1.1	1.1	1.1	1.1	1.1	1.1	1.1	1.1	1.1	
1	1	1	1	1	1	1	1	1	1	1	1	1	1	1	1	1	1	1	1	1	1	1	1	
0.9	0.9	0.9	0.9	0.9	0.9	0.9	0.9	0.9	0.9	0.9	0.9	0.9	0.9	0.9	0.9	0.9	0.9	0.9	0.9	0.9	0.9	0.9	0.9	
0.8	0.8	0.8	0.8	0.8	0.8	0.8	0.8	0.8	0.8	0.8	0.8	0.8	0.8	0.8	0.8	0.8	0.8	0.8	0.8	0.8	0.8	0.8	0.8	
0.7	0.7	0.7	0.7	0.7	0.7	0.7	0.7	0.7	0.7	0.7	0.7	0.7	0.7	0.7	0.7	0.7	0.7	0.7	0.7	0.7	0.7	0.7	0.7	
0.6	0.6	0.6	0.6	0.6	0.6	0.6	0.6	0.6	0.6	0.6	0.6	0.6	0.6	0.6	0.6	0.6	0.6	0.6	0.6	0.6	0.6	0.6	0.6	
0.5	0.5	0.5	0.5	0.5	0.5	0.5	0.5	0.5	0.5	0.5	0.5	0.5	0.5	0.5	0.5	0.5	0.5	0.5	0.5	0.5	0.5	0.5	0.5	
0.4	0.4	0.4	0.4	0.4	0.4	0.4	0.4	0.4	0.4	0.4	0.4	0.4	0.4	0.4	0.4	0.4	0.4	0.4	0.4	0.4	0.4	0.4	0.4	
0.3	0.3	0.3	0.3	0.3	0.3	0.3	0.3	0.3	0.3	0.3	0.3	0.3	0.3	0.3	0.3	0.3	0.3	0.3	0.3	0.3	0.3	0.3	0.3	
0.2	0.2	0.2	0.2	0.2	0.2	0.2	0.2	0.2	0.2	0.2	0.2	0.2	0.2	0.2	0.2	0.2	0.2	0.2	0.2	0.2	0.2	0.2	0.2	
0.1	0.1	0.1	0.1	0.1	0.1	0.1	0.1	0.1	0.1	0.1	0.1	0.1	0.1	0.1	0.1	0.1	0.1	0.1	0.1	0.1	0.1	0.1	0.1	
0	0	0	0	0	0	0	0	0	0	0	0	0	0	0	0	0	0	0	0	0	0	0	0	
2.1	2.1	2.1	2.1	2.1	2.1	2.1	2.1	2.1	2.1	2.1	2.1	2.1	2.1	2.1	2.1	2.1	2.1	2.1	2.1	2.1	2.1	2.1	2.1	
2	2	2	2	2	2	2	2	2	2	2	2	2	2	2	2	2	2	2	2	2	2	2	2	
1.9	1.9	1.9	1.9	1.9	1.9	1.9	1.9	1.9	1.9	1.9	1.9	1.9	1.9	1.9	1.9	1.9	1.9	1.9	1.9	1.9	1.9	1.9	1.9	
1.8	1.8	1.8	1.8	1.8	1.8	1.8	1.8	1.8	1.8	1.8	1.8	1.8	1.8	1.8	1.8	1.8	1.8	1.8	1.8	1.8	1.8	1.8	1.8	
1.7	1.7	1.7	1.7	1.7	1.7	1.7	1.7	1.7	1.7	1.7	1.7	1.7	1.7	1.7	1.7	1.7	1.7	1.7	1.7	1.7	1.7	1.7	1.7	
1.6	1.6	1.6	1.6	1.6	1.6	1.6	1.6	1.6	1.6	1.6	1.6	1.6	1.6	1.6	1.6	1.6	1.6	1.6	1.6	1.6	1.6	1.6	1.6	
1.5	1.5	1.5	1.5	1.5	1.5	1.5	1.5	1.5	1.5	1.5	1.5	1.5	1.5	1.5	1.5	1.5	1.5	1.5	1.5	1.5	1.5	1.5	1.5	
1.4	1.4	1.4	1.4	1.4	1.4	1.4	1.4	1.4	1.4	1.4	1.4	1.4	1.4	1.4	1.4	1.4	1.4	1.4	1.4	1.4	1.4	1.4	1.4	
1.3	1.3	1.3	1.3	1.3	1.3	1.3	1.3	1.3	1.3	1.3	1.3	1.3	1.3	1.3	1.3	1.3	1.3	1.3	1.3	1.3	1.3	1.3	1.3	
1.2	1.2	1.2	1.2	1.2	1.2	1.2	1.2	1.2	1.2	1.2	1.2	1.2	1.2	1.2	1.2	1.2	1.2	1.2	1.2	1.2	1.2	1.2	1.2	
1.1	1.1	1.1	1.1	1.1	1.1	1.1	1.1	1.1	1.1	1.1	1.1	1.1	1.1	1.1	1.1	1.1	1.1	1.1	1.1	1.1	1.1	1.1	1.1	
0.999	0.999	0.999	0.999	0.999	0.999	0.999	0.999	0.999	0.999	0.999	0.999	0.999	0.999	0.999	0.999	0.999	0.999	0.999	0.999	0.999	0.999	0.999	0.999	
0.899	0.899	0.899	0.899	0.899	0.899	0.899	0.899	0.899	0.899	0.899	0.899	0.899	0.899	0.899	0.899	0.899	0.899	0.899	0.899	0.899	0.899	0.899	0.899	
0.799	0.799	0.799	0.799	0.799	0.799	0.799	0.799	0.799	0.799	0.799	0.799	0.799	0.799	0.799	0.799	0.799	0.799	0.799	0.799	0.799	0.799	0.799	0.799	
0.699	0.699	0.699	0.699	0.699	0.699	0.699	0.699	0.699	0.699	0.699	0.699	0.699	0.699	0.699	0.699	0.699	0.699	0.699	0.699	0.699	0.699	0.699	0.699	
0.599	0.599	0.599	0.599	0.599	0.599	0.599	0.599	0.599	0.599	0.599	0.599	0.599	0.599	0.599	0.599	0.599	0.599	0.599	0.599	0.599	0.599	0.599	0.599	
0.499	0.499	0.499	0.499	0.499	0.499	0.499	0.499	0.499	0.499	0.499	0.499	0.499	0.499	0.499	0.499	0.499	0.499	0.499	0.499	0.499	0.499	0.499	0.499	
0.399	0.399	0.399	0.399	0.399	0.399	0.399	0.399	0.399	0.399	0.399	0.399	0.399	0.399	0.399	0.399	0.399	0.399	0.399	0.399	0.399	0.399	0.399	0.399	
0.299	0.299	0.299	0.299	0.299	0.299	0.299	0.299	0.299	0.299	0.299	0.299	0.299	0.299	0.299	0.299	0.299	0.299	0.299	0.299	0.299	0.299	0.299	0.299	
0.199	0.199	0.199	0.199	0.199	0.199	0.199	0.199	0.199	0.199	0.199	0.199	0.199	0.199	0.199	0.199	0.199	0.199	0.199	0.199	0.199	0.199	0.199	0.199	
0.0995	0.0995	0.0995	0.0995	0.0995	0.0995	0.0995	0.0995	0.0995	0.0995	0.0995	0.0995	0.0995	0.0995	0.0995	0.0995	0.0995	0.0995	0.0995	0.0995	0.0995	0.0995	0.0995	0.0995	
2.2	2.2	2.2	2.2	2.2	2.2	2.2	2.2	2.2	2.2	2.2	2.2	2.2	2.2	2.2	2.2	2.2	2.2	2.2	2.2	2.2	2.2	2.2	2.2	
2.1	2.1	2.1	2.1	2.1	2.1	2.1	2.1	2.1	2.1	2.1	2.1	2.1	2.1	2.1	2.1	2.1	2.1	2.1	2.1	2.1	2.1	2.1	2.1	
2	2	2	2	2	2	2	2	2	2	2	2	2	2	2	2	2	2	2	2	2	2	2	2	
1.9	1.9	1.9	1.9	1.9	1.9	1.9	1.9	1.9	1.9	1.9	1.9	1.9	1.9	1.9	1.9	1.9	1.9	1.9	1.9	1.9	1.9	1.9	1.9	
1.8	1.8	1.8	1.8	1.8	1.8	1.8	1.8	1.8	1.8	1.8	1.8	1.8	1.8	1.8	1.8	1.8	1.8	1.8	1.8	1.8	1.8	1.8	1.8	
1.7	1.7	1.7	1.7	1.7	1.7	1.7	1.7	1.7	1.7	1.7	1.7	1.7	1.7	1.7	1.7	1.7	1.7	1.7	1.7	1.7	1.7	1.7	1.7	
1.6	1.6	1.6	1.6	1.6	1.6	1.6	1.6	1.6	1.6	1.6	1.6	1.6	1.6	1.6	1.6	1.6	1.6	1.6	1.6	1.6	1.6	1.6	1.6	
1.5	1.5	1.5	1.5	1.5	1.5	1.5	1.5	1.5	1.5	1.5	1.5	1.5	1.5	1.5	1.5	1.5	1.5	1.5	1.5	1.5	1.5	1.5	1.5	
1.4	1.4	1.4	1.4	1.4	1.4	1.4	1.4	1.4	1.4	1.4	1.4	1.4	1.4	1.4	1.4	1.4	1.4	1.4	1.4	1.4	1.4	1.4	1.4	
1.3	1.3	1.3	1.3	1.3	1.3	1.3	1.3	1.3	1.3	1.3	1.3	1.3	1.3	1.3	1.3	1.3	1.3	1.3	1.3	1.3	1.3	1.3	1.3	
1.2	1.2	1.2	1.2	1.2	1.2	1.2	1.2	1.2	1.2	1.2	1.2	1.2	1.2	1.2	1.2	1.2	1.2	1.2	1.2	1.2	1.2	1.2	1.2	
1.1	1.1	1.1	1.1	1.1	1.1	1.1	1.1	1.1	1.1	1.1	1.1	1.1	1.1	1.1	1.1	1.1	1.1	1.1	1.1	1.1	1.1	1.1	1.1	
0.999	0.999	0.999	0.999	0.999	0.999	0.999	0.999	0.999	0.999	0.999	0.999	0.999	0.999	0.999	0.999	0.999	0.999	0.999	0.999	0.999	0.999	0.999	0.999	
0.899	0.899	0.899	0.899	0.899	0.899	0.899	0.899	0.899	0.899	0.899	0.899	0.899	0.899	0.899	0.899	0.899	0.899	0.899	0.899	0.899	0.899	0.899	0.899	
0.799	0.799	0.799	0.799	0.799	0.799	0.799	0.799	0.799	0.799	0.799	0.799	0.799	0.799	0.799	0.799	0.799	0.799	0.799	0.799	0.799	0.799	0.799	0.799	
0.699	0.699	0.699	0.699	0.699	0.699	0.699	0.699	0.699	0.699	0.699	0.699	0.699	0.699	0.699	0.699	0.699	0.699	0.699	0.699	0.699	0.699	0.699	0.699	
0.599	0.599	0.599	0.599	0.599	0.599	0.599	0.599	0.599	0.599	0.599	0.599	0.599	0.599	0.599	0.599	0.599	0.599	0.599	0.599	0.599	0.599	0.599	0.599	
0.499	0.499	0.499	0.499	0.499	0.499	0.499	0.499	0.499	0.499	0.499	0.499	0.499	0.499	0.499	0.499	0.499	0.499	0.499	0.499	0.499	0.499	0.499	0.499	
0.399	0.399	0.399	0.399	0.399	0.399	0.399	0.399	0.399	0.399	0.399	0.399	0.399	0.399	0.399	0.399	0.399	0.399	0.399	0.399	0.399	0.399	0.399	0.399	
0.299	0.299	0.299	0.299	0.299	0.299	0.299	0.299	0.299	0.299	0.299	0.299	0.299	0.299	0.299	0.299	0.299	0.299	0.299	0.299	0.299	0.299	0.299	0.299	
0.199	0.199	0.199	0.199	0.199	0.199	0.199	0.199	0.199	0.199	0.199	0.199	0.199	0.199	0.199	0.199	0.199	0.199	0.199	0.199	0.199	0.199	0.199	0.199	
2.3	2.3	2.3	2.3	2.3	2.3	2.3	2.3	2.3	2.3	2.3	2.3	2.3	2.3	2.3	2.3	2.3	2.3	2.3	2.3	2.3	2.3	2.3	2.3	
2.2	2.2	2.2	2.2	2.2	2.2	2.2	2.2	2.2	2.2	2.2	2.2	2.2	2.2	2.2	2.2	2.2	2.2	2.2	2.2	2.2	2.2	2.2	2.2	
2.1	2.1	2.1	2.1	2.1	2.1	2.1	2.1	2.1	2.1	2.1	2.1	2.1	2.1	2.1	2.1	2.1	2.1	2.1	2.1	2.1	2.1	2.1	2.1	
2	2	2	2	2	2	2	2	2	2	2	2	2	2	2	2	2	2	2	2	2	2	2	2	
1.9	1.9	1.9	1.9	1.9	1.9	1.9	1.9	1.9	1.9	1.9	1.9	1.9	1.9	1.9	1.9	1.9	1.9	1.9	1.9	1.9	1.9	1.9	1.9	
1.8	1.8	1.8	1.8	1.8	1.8	1.8	1.8	1.8	1.8	1.8	1.8	1.8	1.8	1.8	1.8	1.8	1.8	1.8	1.8	1.8	1.8	1.8	1.8	
1.7	1.7	1.7	1.7	1.7	1.7	1.7	1.7	1.7	1.7	1.7	1.7	1.7	1.7	1.7	1.7	1.7	1.7	1.7	1.7	1.7	1.7	1.7	1.7	
1.6	1.6	1.6	1.6	1.6	1.6	1.6	1.6	1.6	1.6	1.6	1.6	1.6	1.6	1.6	1.6	1.6	1.6	1.6	1.6	1.6	1.6	1.6	1.6	
1.5	1.5	1.5	1.5	1.5	1.5	1.5	1.5	1.5	1.5	1.5	1.5	1.5	1.5	1.5	1.5	1.5	1.5	1.5	1.5	1.5	1.5	1.5	1.5	
1.4	1.4	1.4	1.4	1.4	1.4	1.4	1.4	1.4	1.4	1.4	1.4	1.4	1.4	1.4	1.4	1.4	1.4	1.4	1.4	1.4	1.4	1.4	1.4	
1.3	1.3	1.3	1.3	1.3	1.3	1.3	1.3	1.3	1.3	1.3	1.3	1.3	1.3	1.3	1.3	1.3	1.3	1.3	1.3	1.3	1.3	1.3	1.3	
1.2	1.2	1.2	1.2	1.2	1.2	1.2	1.2	1.2	1.2	1.2	1.2	1.2	1.2	1.2	1.2	1.2	1.2	1.2	1.2	1.2	1.2	1.2	1.2	
1.1	1.1	1.1	1.1	1.1	1.1	1.1	1.1	1.1	1.1	1.1	1.1	1.1	1.1	1.1	1.1	1.1	1.1	1.1	1.1	1.1	1.1	1.1	1.1	
0.998	0.998	0.998	0.998	0.998	0.998	0.998	0.998	0.998	0.998	0.998	0.998	0.998	0.998	0.998	0.998	0.998	0.998	0.998	0.998	0.998	0.998	0.998	0.998	
0.898	0.898	0.898	0.898	0.898	0.898	0.898	0.898	0.898	0.898	0.898	0.898	0.898	0.898	0.898	0.898	0.898	0.898	0.898	0.898	0.898	0.898	0.898	0.898	
0.798	0.798	0.798	0.798	0.798	0.798	0.798	0.798	0.798	0.798	0.798	0.798	0.798	0.798	0.798	0.798	0.798	0.798	0.798	0.798	0.798	0.798	0.798	0.798	
0.698	0.698	0.698	0.698	0.698	0.698	0.698	0.698	0.698	0.698	0.698	0.698	0.698	0.698	0.698	0.698	0.698	0.698	0.698	0.698	0.698	0.698	0.698	0.698	
0.598	0.598	0.598	0.598	0.598	0.598	0.598	0.598	0.598	0.598	0.598	0.598	0.598	0.598	0.598	0.598	0.598	0.598	0.598	0.598	0.598	0.598	0.598	0.598	
0.498	0.498	0.498	0.498	0.498	0.498	0.498	0.498	0.498	0.498	0.498	0.498	0.498	0.498	0.498	0.498	0.498	0.498	0.498	0.498	0.498	0.498	0.498	0.498	
0.398	0.398	0.398	0.398	0.398	0.398	0.398	0.398	0.398	0.398	0.398	0.398	0.398	0.398	0.398	0.398	0.398	0.398	0.398	0.398	0.398	0.398	0.398	0.398	
0.298	0.298	0.298	0.298	0.298	0.298	0.298	0.298	0.298	0.298	0.298	0.298	0.298	0.298	0.298	0.298	0.298	0.298	0.298	0.298	0.298	0.298	0.298	0.298	
2.4	2.4	2.4	2.4	2.4	2.4	2.4	2.4	2.4	2.4	2.4	2.4	2.4	2.4	2.4	2.4	2.4	2.4	2.4	2.4	2.4	2.4	2.4	2.4	
2.3	2.3	2.3	2.3	2.3	2.3	2.3	2.3	2.3	2.3	2.3	2.3	2.3	2.3	2.3	2.3	2.3	2.3	2.3	2.3	2.3	2.3	2.3	2.3	
2.2	2.2	2.2	2.2	2.2	2.2	2.2	2.2	2.2	2.2	2.2	2.2	2.2	2.2	2.2	2.2	2.2	2.2	2.2	2.2	2.2	2.2	2.2	2.2	
2.1	2.1	2.1	2.1	2.1	2.1	2.1	2.1	2.1	2.1	2.1	2.1	2.1	2.1	2.1	2.1	2.1	2.1	2.1	2.1	2.1	2.1	2.1	2.1	
2	2	2	2	2	2	2	2	2	2	2	2	2	2	2	2	2	2	2	2	2	2	2	2	
1.9	1.9	1.9	1.9	1.9	1.9	1.9	1.9	1.9	1.9	1.9	1.9	1.9	1.9	1.9	1.9	1.9	1.9	1.9	1.9	1.9	1.9	1.9	1.9	
1.8	1.8	1.8	1.8	1.8	1.8	1.8	1.8	1.8	1.8	1.8	1.8	1.8	1.8	1.8	1.8	1.8	1.8	1.8	1.8	1.8	1.8	1.8	1.8	
1.7	1.7	1.7	1.7	1.7	1.7	1.7	1.7	1.7	1.7	1.7	1.7	1.7	1.7	1.7	1.7	1.7	1.7	1.7	1.7	1.7	1.7	1.7	1.7	
1.6	1.6	1.6	1.6	1.6	1.6	1.6	1.6	1.6	1.6	1.6	1.6	1.6	1.6	1.6	1.6	1.6	1.6	1.6	1.6	1.6	1.6	1.6	1.6	
1.5	1.5	1.5	1.5	1.5	1.5	1.5	1.5	1.5	1.5	1.5	1.5	1.5	1.5	1.5	1.5	1.5	1.5	1.5	1.5	1.5	1.5	1.5	1.5	
1.4	1.4	1.4	1.4	1.4	1.4	1.4	1.4	1.4	1.4	1.4	1.4	1.4	1.4	1.4	1.4	1.4	1.4	1.4	1.4	1.4	1.4	1.4	1.4	
1.3	1.3	1.3	1.3	1.3	1.3	1.3	1.3	1.3	1.3	1.3	1.3	1.3	1.3	1.3	1.3	1.3	1.3	1.3	1.3	1.3	1.3	1.3	1.3	
1.2	1.2	1.2	1.2	1.2	1.2	1.2	1.2	1.2	1.2	1.2	1.2	1.2	1.2	1.2	1.2	1.2	1.2	1.2	1.2	1.2	1.2	1.2	1.2	
1.1	1.1	1.1	1.1	1.1	1.1	1.1	1.1	1.1	1.1	1.1	1.1	1.1	1.1	1.1	1.1	1.1	1.1	1.1	1.1	1.1	1.1	1.1	1.1	
0.998	0.998	0.998	0.998	0.998	0.998	0.998	0.998	0.998	0.998	0.998	0.998	0.998	0.998	0.998	0.998	0.998	0.998	0.998	0.998	0.998	0.998	0.998	0.998	
0.898	0.898	0.898	0.898	0.898	0.898	0.898	0.898	0.898	0.898	0.898	0.898	0.898	0.898	0.898	0.898	0.898	0.898	0.898	0.898	0.898	0.898	0.898	0.898	
0.798	0.798	0.798	0.798	0.798	0.798	0.798	0.798	0.798	0.798	0.798	0.798	0.798	0.798	0.798	0.798	0.798	0.798	0.798	0.798	0.798	0.798	0.798	0.798	
0.698	0.698	0.698	0.698	0.698	0.698	0.698	0.698	0.698	0.698	0.698	0.698	0.698	0.698	0.698	0.698	0.698	0.698	0.698	0.698	0.698	0.698	0.698	0.698	
0.598	0.598	0.598	0.598	0.598	0.598	0.598	0.598	0.598	0.598	0.598	0.598	0.598	0.598	0.598	0.598	0.598	0.598	0.598	0.598	0.598	0.598	0.598	0.598	
0.498	0.498	0.498	0.498	0.498	0.498	0.498	0.498	0.498	0.498	0.498	0.498	0.498	0.498	0.498	0.498	0.498	0.498	0.498	0.498	0.498	0.498	0.498	0.498	
0.398	0.398	0.398	0.398	0.398	0.398	0.398	0.398	0.398	0.398	0.398	0.398	0.398	0.398	0.398	0.398	0.398	0.398	0.398	0.398	0.398	0.398	0.398	0.398	
2.5	2.5	2.5	2.5	2.5	2.5	2.5	2.5	2.5	2.5	2.5	2.5	2.5	2.5	2.5	2.5	2.5	2.5	2.5	2.5	2.5	2.5	2.5	2.5	
2.4	2.4	2.4	2.4	2.4	2.4	2.4	2.4	2.4	2.4	2.4	2.4	2.4	2.4	2.4	2.4	2.4	2.4	2.4	2.4	2.4	2.4	2.4	2.4	
2.3	2.3	2.3	2.3	2.3	2.3	2.3	2.3	2.3	2.3	2.3	2.3	2.3	2.3	2.3	2.3	2.3	2.3	2.3	2.3	2.3	2.3	2.3	2.3	
2.2	2.2	2.2	2.2	2.2	2.2	2.2	2.2	2.2	2.2	2.2	2.2	2.2	2.2	2.2	2.2	2.2	2.2	2.2	2.2	2.2	2.2	2.2	2.2	
2.1	2.1	2.1	2.1	2.1	2.1	2.1	2.1	2.1	2.1	2.1	2.1	2.1	2.1	2.1	2.1	2.1	2.1	2.1	2.1	2.1	2.1	2.1	2.1	
2	2	2	2	2	2	2	2	2	2	2	2	2	2	2	2	2	2	2	2	2	2	2	2	
1.9	1.9	1.9	1.9	1.9	1.9	1.9	1.9	1.9	1.9	1.9	1.9	1.9	1.9	1.9	1.9	1.9	1.9	1.9	1.9	1.9	1.9	1.9	1.9	
1.8	1.8	1.8	1.8	1.8	1.8	1.8	1.8	1.8	1.8	1.8	1.8	1.8	1.8	1.8	1.8	1.8	1.8	1.8	1.8	1.8	1.8	1.8	1.8	
1.7	1.7	1.7	1.7	1.7	1.7	1.7	1.7	1.7	1.7	1.7	1.7	1.7	1.7	1.7	1.7	1.7	1.7	1.7	1.7	1.7	1.7	1.7	1.7	
1.6	1.6	1.6	1.6	1.6	1.6	1.6	1.6	1.6	1.6	1.6	1.6	1.6	1.6	1.6	1.6	1.6	1.6	1.6	1.6	1.6	1.6	1.6	1.6	
1.5	1.5	1.5	1.5	1.5	1.5	1.5	1.5	1.5	1.5	1.5	1.5	1.5	1.5	1.5	1.5	1.5	1.5	1.5	1.5	1.5	1.5	1.5	1.5	
1.4	1.4	1.4	1.4	1.4	1.4	1.4	1.4	1.4	1.4	1.4	1.4	1.4	1.4	1.4	1.4	1.4	1.4	1.4	1.4	1.4	1.4	1.4	1.4	
1.3	1.3	1.3	1.3	1.3	1.3	1.3	1.3	1.3	1.3	1.3	1.3	1.3	1.3	1.3	1.3	1.3	1.3	1.3	1.3	1.3	1.3	1.3	1.3	
1.2	1.2	1.2	1.2	1.2	1.2	1.2	1.2	1.2	1.2	1.2	1.2	1.2	1.2	1.2	1.2	1.2	1.2	1.2	1.2	1.2	1.2	1.2	1.2	
1.1	1.1	1.1	1.1	1.1	1.1	1.1	1.1	1.1	1.1	1.1	1.1	1.1	1.1	1.1	1.1	1.1	1.1	1.1	1.1	1.1	1.1	1.1	1.1	
0.997	0.997	0.997	0.997	0.997	0.997	0.997	0.997	0.997	0.997	0.997	0.997	0.997	0.997	0.997	0.997	0.997	0.997	0.997	0.997	0.997	0.997	0.997	0.997	
0.897	0.897	0.897	0.897	0.897	0.897	0.897	0.897	0.897	0.897	0.897	0.897	0.897	0.897	0.897	0.897	0.897	0.897	0.897	0.897	0.897	0.897	0.897	0.897	
0.797	0.797	0.797	0.797	0.797	0.797	0.797	0.797	0.797	0.797	0.797	0.797	0.797	0.797	0.797	0.797	0.797	0.797	0.797	0.797	0.797	0.797	0.797	0.797	
0.697	0.697	0.697	0.697	0.697	0.697	0.697	0.697	0.697	0.697	0.697	0.697	0.697	0.697	0.697	0.697	0.697	0.697	0.697	0.697	0.697	0.697	0.697	0.697	
0.597	0.597	0.597	0.597	0.597	0.597	0.597	0.597	0.597	0.597	0.597	0.597	0.597	0.597	0.597	0.597	0.597	0.597	0.597	0.597	0.597	0.597	0.597	0.597	
0.497	0.497	0.497	0.497	0.497	0.497	0.497	0.497	0.497	0.497	0.497	0.497	0.497	0.497	0.497	0.497	0.497	0.497	0.497	0.497	0.497	0.497	0.497	0.497	
2.6	2.6	2.6	2.6	2.6	2.6	2.6	2.6	2.6	2.6	2.6	2.6	2.6	2.6	2.6	2.6	2.6	2.6	2.6	2.6	2.6	2.6	2.6	2.6	
2.5	2.5	2.5	2.5	2.5	2.5	2.5	2.5	2.5	2.5	2.5	2.5	2.5	2.5	2.5	2.5	2.5	2.5	2.5	2.5	2.5	2.5	2.5	2.5	
2.4	2.4	2.4	2.4	2.4	2.4	2.4	2.4	2.4	2.4	2.4	2.4	2.4	2.4	2.4	2.4	2.4	2.4	2.4	2.4	2.4	2.4	2.4	2.4	
2.3	2.3	2.3	2.3	2.3	2.3	2.3	2.3	2.3	2.3	2.3	2.3	2.3	2.3	2.3	2.3	2.3	2.3	2.3	2.3	2.3	2.3	2.3	2.3	
2.2	2.2	2.2	2.2	2.2	2.2	2.2	2.2	2.2	2.2	2.2	2.2	2.2	2.2	2.2	2.2	2.2	2.2	2.2	2.2	2.2	2.2	2.2	2.2	
2.1	2.1	2.1	2.1	2.1	2.1	2.1	2.1	2.1	2.1	2.1	2.1	2.1	2.1	2.1	2.1	2.1	2.1	2.1	2.1	2.1	2.1	2.1	2.1	
2	2	2	2	2	2	2	2	2	2	2	2	2	2	2	2	2	2	2	2	2	2	2	2	
1.9	1.9	1.9	1.9	1.9	1.9	1.9	1.9	1.9	1.9	1.9	1.9	1.9	1.9	1.9	1.9	1.9	1.9	1.9	1.9	1.9	1.9	1.9	1.9	
1.8	1.8	1.8	1.8	1.8	1.8	1.8	1.8	1.8	1.8	1.8	1.8	1.8	1.8	1.8	1.8	1.8	1.8	1.8	1.8	1.8	1.8	1.8	1.8	
1.7	1.7	1.7	1.7	1.7	1.7	1.7	1.7	1.7	1.7	1.7	1.7	1.7	1.7	1.7	1.7	1.7	1.7	1.7	1.7	1.7	1.7	1.7	1.7	
1.6	1.6	1.6	1.6	1.6	1.6	1.6	1.6	1.6	1.6	1.6	1.6	1.6	1.6	1.6	1.6	1.6	1.6	1.6	1.6	1.6	1.6	1.6	1.6	
1.5	1.5	1.5	1.5	1.5	1.5	1.5	1.5	1.5	1.5	1.5	1.5	1.5	1.5	1.5	1.5	1.5	1.5	1.5	1.5	1.5	1.5	1.5	1.5	
1.4	1.4	1.4	1.4	1.4	1.4	1.4	1.4	1.4	1.4	1.4	1.4	1.4	1.4	1.4	1.4	1.4	1.4	1.4	1.4	1.4	1.4	1.4	1.4	
1.3	1.3	1.3	1.3	1.3	1.3	1.3	1.3	1.3	1.3	1.3	1.3	1.3	1.3	1.3	1.3	1.3	1.3	1.3	1.3	1.3	1.3	1.3	1.3	
1.2	1.2	1.2	1.2	1.2	1.2	1.2	1.2	1.2	1.2	1.2	1.2	1.2	1.2	1.2	1.2	1.2	1.2	1.2	1.2	1.2	1.2	1.2	1.2	
1.1	1.1	1.1	1.1	1.1	1.1	1.1	1.1	1.1	1.1	1.1	1.1	1.1	1.1	1.1	1.1	1.1	1.1	1.1	1.1	1.1	1.1	1.1	1.1	
0.997	0.997	0.997	0.997	0.997	0.997	0.997	0.997	0.997	0.997	0.997	0.997	0.997	0.997	0.997	0.997	0.997	0.997	0.997	0.997	0.997	0.997	0.997	0.997	
0.897	0.897	0.897	0.897	0.897	0.897	0.897	0.897	0.897	0.897	0.897	0.897	0.897	0.897	0.897	0.897	0.897	0.897	0.897	0.897	0.897	0.897	0.897	0.897	
0.797	0.797	0.797	0.797	0.797	0.797	0.797	0.797	0.797	0.797	0.797	0.797	0.797	0.797	0.797	0.797	0.797	0.797	0.797	0.797	0.797	0.797	0.797	0.797	
0.697	0.697	0.697	0.697	0.697	0.697	0.697	0.697	0.697	0.697	0.697	0.697	0.697	0.697	0.697	0.697	0.697	0.697	0.697	0.697	0.697	0.697	0.697	0.697	
0.597	0.597	0.597	0.597	0.597	0.597	0.597	0.597	0.597	0.597	0.597	0.597	0.597	0.597	0.597	0.597	0.597	0.597	0.597	0.597	0.597	0.597	0.597	0.597	
2.7	2.7	2.7	2.7	2.7	2.7	2.7	2.7	2.7	2.7	2.7	2.7	2.7	2.7	2.7	2.7	2.7	2.7	2.7	2.7	2.7	2.7	2.7	2.7	
2.6	2.6	2.6	2.6	2.6	2.6	2.6	2.6	2.6	2.6	2.6	2.6	2.6	2.6	2.6	2.6	2.6	2.6	2.6	2.6	2.6	2.6	2.6	2.6	
2.5	2.5	2.5	2.5	2.5	2.5	2.5	2.5	2.5	2.5	2.5	2.5	2.5	2.5	2.5	2.5	2.5	2.5	2.5	2.5	2.5	2.5	2.5	2.5	
2.4	2.4	2.4	2.4	2.4	2.4	2.4	2.4	2.4	2.4	2.4	2.4	2.4	2.4	2.4	2.4	2.4	2.4	2.4	2.4	2.4	2.4	2.4	2.4	
2.3	2.3	2.3	2.3	2.3	2.3	2.3	2.3	2.3	2.3	2.3	2.3	2.3	2.3	2.3	2.3	2.3	2.3	2.3	2.3	2.3	2.3	2.3	2.3	
2.2	2.2	2.2	2.2	2.2	2.2	2.2	2.2	2.2	2.2	2.2	2.2	2.2	2.2	2.2	2.2	2.2	2.2	2.2	2.2	2.2	2.2	2.2	2.2	
2.1	2.1	2.1	2.1	2.1	2.1	2.1	2.1	2.1	2.1	2.1	2.1	2.1	2.1	2.1	2.1	2.1	2.1	2.1	2.1	2.1	2.1	2.1	2.1	
2	2	2	2	2	2	2	2	2	2	2	2	2	2	2	2	2	2	2	2	2	2	2	2	
1.9	1.9	1.9	1.9	1.9	1.9	1.9	1.9	1.9	1.9	1.9	1.9	1.9	1.9	1.9	1.9	1.9	1.9	1.9	1.9	1.9	1.9	1.9	1.9	
1.8	1.8	1.8	1.8	1.8	1.8	1.8	1.8	1.8	1.8	1.8	1.8	1.8	1.8	1.8	1.8	1.8	1.8	1.8	1.8	1.8	1.8	1.8	1.8	
1.7	1.7	1.7	1.7	1.7	1.7	1.7	1.7	1.7	1.7	1.7	1.7	1.7	1.7	1.7	1.7	1.7	1.7	1.7	1.7	1.7	1.7	1.7	1.7	
1.6	1.6	1.6	1.6	1.6	1.6	1.6	1.6	1.6	1.6	1.6	1.6	1.6	1.6	1.6	1.6	1.6	1.6	1.6	1.6	1.6	1.6	1.6	1.6	
1.5	1.5	1.5	1.5	1.5	1.5	1.5	1.5	1.5	1.5	1.5	1.5	1.5	1.5	1.5	1.5	1.5	1.5	1.5	1.5	1.5	1.5	1.5	1.5	
1.4	1.4	1.4	1.4	1.4	1.4	1.4	1.4	1.4	1.4	1.4	1.4	1.4	1.4	1.4	1.4	1.4	1.4	1.4	1.4	1.4	1.4	1.4	1.4	
1.3	1.3	1.3	1.3	1.3	1.3	1.3	1.3	1.3	1.3	1.3	1.3	1.3	1.3	1.3	1.3	1.3	1.3	1.3	1.3	1.3	1.3	1.3	1.3	
1.2	1.2	1.2	1.2	1.2	1.2	1.2	1.2	1.2	1.2	1.2	1.2	1.2	1.2	1.2	1.2	1.2	1.2	1.2	1.2	1.2	1.2	1.2	1.2	
1.1	1.1	1.1	1.1	1.1	1.1	1.1	1.1	1.1	1.1	1.1	1.1	1.1	1.1	1.1	1.1	1.1	1.1	1.1	1.1	1.1	1.1	1.1	1.1	
0.996	0.996	0.996	0.996	0.996	0.996	0.996	0.996	0.996	0.996	0.996	0.996	0.996	0.996	0.996	0.996	0.996	0.996	0.996	0.996	0.996	0.996	0.996	0.996	
0.896	0.896	0.896	0.896	0.896	0.896	0.896	0.896	0.896	0.896	0.896	0.896	0.896	0.896	0.896	0.896	0.896	0.896	0.896	0.896	0.896	0.896	0.896	0.896	
0.796	0.796	0.796	0.796	0.796	0.796	0.796	0.796	0.796	0.796	0.796	0.796	0.796	0.796	0.796	0.796	0.796	0.796	0.796	0.796	0.796	0.796	0.796	0.796	
0.696	0.696	0.696	0.696	0.696	0.696	0.696	0.696	0.696	0.696	0.696	0.696	0.696	0.696	0.696	0.696	0.696	0.696	0.696	0.696	0.696	0.696	0.696	0.696	
2.8	2.8	2.8	2.8	2.8	2.8	2.8	2.8	2.8	2.8	2.8	2.8	2.8	2.8	2.8	2.8	2.8	2.8	2.8	2.8	2.8	2.8	2.8	2.8	
2.7	2.7	2.7	2.7	2.7	2.7	2.7	2.7	2.7	2.7	2.7	2.7	2.7	2.7	2.7	2.7	2.7	2.7	2.7	2.7	2.7	2.7	2.7	2.7	
2.6	2.6	2.6	2.6	2.6	2.6	2.6	2.6	2.6	2.6	2.6	2.6	2.6	2.6	2.6	2.6	2.6	2.6	2.6	2.6	2.6	2.6	2.6	2.6	
2.5	2.5	2.5	2.5	2.5	2.5	2.5	2.5	2.5	2.5	2.5	2.5	2.5	2.5	2.5	2.5	2.5	2.5	2.5	2.5	2.5	2.5	2.5	2.5	
2.4	2.4	2.4	2.4	2.4	2.4	2.4	2.4	2.4	2.4	2.4	2.4	2.4	2.4	2.4	2.4	2.4	2.4	2.4	2.4	2.4	2.4	2.4	2.4	
2.3	2.3	2.3	2.3	2.3	2.3	2.3	2.3	2.3	2.3	2.3	2.3	2.3	2.3	2.3	2.3	2.3	2.3	2.3	2.3	2.3	2.3	2.3	2.3	
2.2	2.2	2.2	2.2	2.2	2.2	2.2	2.2	2.2	2.2	2.2	2.2	2.2	2.2	2.2	2.2	2.2	2.2	2.2	2.2	2.2	2.2	2.2	2.2	
2.1	2.1	2.1	2.1	2.1	2.1	2.1	2.1	2.1	2.1	2.1	2.1	2.1	2.1	2.1	2.1	2.1	2.1	2.1	2.1	2.1	2.1	2.1	2.1	
2	2	2	2	2	2	2	2	2	2	2	2	2	2	2	2	2	2	2	2	2	2	2	2	
1.9	1.9	1.9	1.9	1.9	1.9	1.9	1.9	1.9	1.9	1.9	1.9	1.9	1.9	1.9	1.9	1.9	1.9	1.9	1.9	1.9	1.9	1.9	1.9	
1.8	1.8	1.8	1.8	1.8	1.8	1.8	1.8	1.8	1.8	1.8	1.8	1.8	1.8	1.8	1.8	1.8	1.8	1.8	1.8	1.8	1.8	1.8	1.8	
1.7	1.7	1.7	1.7	1.7	1.7	1.7	1.7	1.7	1.7	1.7	1.7	1.7	1.7	1.7	1.7	1.7	1.7	1.7	1.7	1.7	1.7	1.7	1.7	
1.6	1.6	1.6	1.6	1.6	1.6	1.6	1.6	1.6	1.6	1.6	1.6	1.6	1.6	1.6	1.6	1.6	1.6	1.6	1.6	1.6	1.6	1.6	1.6	
1.5	1.5	1.5	1.5	1.5	1.5	1.5	1.5	1.5	1.5	1.5	1.5	1.5	1.5	1.5	1.5	1.5	1.5	1.5	1.5	1.5	1.5	1.5	1.5	
1.4	1.4	1.4	1.4	1.4	1.4	1.4	1.4	1.4	1.4	1.4	1.4	1.4	1.4	1.4	1.4	1.4	1.4	1.4	1.4	1.4	1.4	1.4	1.4	
1.3	1.3	1.3	1.3	1.3	1.3	1.3	1.3	1.3	1.3	1.3	1.3	1.3	1.3	1.3	1.3	1.3	1.3	1.3	1.3	1.3	1.3	1.3	1.3	
1.2	1.2	1.2	1.2	1.2	1.2	1.2	1.2	1.2	1.2	1.2	1.2	1.2	1.2	1.2	1.2	1.2	1.2	1.2	1.2	1.2	1.2	1.2	1.2	
1.1	1.1	1.1	1.1	1.1	1.1	1.1	1.1	1.1	1.1	1.1	1.1	1.1	1.1	1.1	1.1	1.1	1.1	1.1	1.1	1.1	1.1	1.1	1.1	
0.996	0.996	0.996	0.996	0.996	0.996	0.996	0.996	0.996	0.996	0.996	0.996	0.996	0.996	0.996	0.996	0.996	0.996	0.996	0.996	0.996	0.996	0.996	0.996	
0.896	0.896	0.896	0.896	0.896	0.896	0.896	0.896	0.896	0.896	0.896	0.896	0.896	0.896	0.896	0.896	0.896	0.896	0.896	0.896	0.896	0.896	0.896	0.896	
0.796	0.796	0.796	0.796	0.796	0.796	0.796	0.796	0.796	0.796	0.796	0.796	0.796	0.796	0.796	0.796	0.796	0.796	0.796	0.796	0.796	0.796	0.796	0.796	
2.9	2.9	2.9	2.9	2.9	2.9	2.9	2.9	2.9	2.9	2.9	2.9	2.9	2.9	2.9	2.9	2.9	2.9	2.9	2.9	2.9	2.9	2.9	2.9	
2.8	2.8	2.8	2.8	2.8	2.8	2.8	2.8	2.8	2.8	2.8	2.8	2.8	2.8	2.8	2.8	2.8	2.8	2.8	2.8	2.8	2.8	2.8	2.8	
2.7	2.7	2.7	2.7	2.7	2.7	2.7	2.7	2.7	2.7	2.7	2.7	2.7	2.7	2.7	2.7	2.7	2.7	2.7	2.7	2.7	2.7	2.7	2.7	
2.6	2.6	2.6	2.6	2.6	2.6	2.6	2.6	2.6	2.6	2.6	2.6	2.6	2.6	2.6	2.6	2.6	2.6	2.6	2.6	2.6	2.6	2.6	2.6	
2.5	2.5	2.5	2.5	2.5	2.5	2.5	2.5	2.5	2.5	2.5	2.5	2.5	2.5	2.5	2.5	2.5	2.5	2.5	2.5	2.5	2.5	2.5	2.5	
2.4	2.4	2.4	2.4	2.4	2.4	2.4	2.4	2.4	2.4	2.4	2.4	2.4	2.4	2.4	2.4	2.4	2.4	2.4	2.4	2.4	2.4	2.4	2.4	
2.3	2.3	2.3	2.3	2.3	2.3	2.3	2.3	2.3	2.3	2.3	2.3	2.3	2.3	2.3	2.3	2.3	2.3	2.3	2.3	2.3	2.3	2.3	2.3	
2.2	2.2	2.2	2.2	2.2	2.2	2.2	2.2	2.2	2.2	2.2	2.2	2.2	2.2	2.2	2.2	2.2	2.2	2.2	2.2	2.2	2.2	2.2	2.2	
2.1	2.1	2.1	2.1	2.1	2.1	2.1	2.1	2.1	2.1	2.1	2.1	2.1	2.1	2.1	2.1	2.1	2.1	2.1	2.1	2.1	2.1	2.1	2.1	
2	2	2	2	2	2	2	2	2	2	2	2	2	2	2	2	2	2	2	2	2	2	2	2	
1.9	1.9	1.9	1.9	1.9	1.9	1.9	1.9	1.9	1.9	1.9	1.9	1.9	1.9	1.9	1.9	1.9	1.9	1.9	1.9	1.9	1.9	1.9	1.9	
1.8	1.8	1.8	1.8	1.8	1.8	1.8	1.8	1.8	1.8	1.8	1.8	1.8	1.8	1.8	1.8	1.8	1.8	1.8	1.8	1.8	1.8	1.8	1.8	
1.7	1.7	1.7	1.7	1.7	1.7	1.7	1.7	1.7	1.7	1.7	1.7	1.7	1.7	1.7	1.7	1.7	1.7	1.7	1.7	1.7	1.7	1.7	1.7	
1.6	1.6	1.6	1.6	1.6	1.6	1.6	1.6	1.6	1.6	1.6	1.6	1.6	1.6	1.6	1.6	1.6	1.6	1.6	1.6	1.6	1.6	1.6	1.6	
1.5	1.5	1.5	1.5	1.5	1.5	1.5	1.5	1.5	1.5	1.5	1.5	1.5	1.5	1.5	1.5	1.5	1.5	1.5	1.5	1.5	1.5	1.5	1.5	
1.4	1.4	1.4	1.4	1.4	1.4	1.4	1.4	1.4	1.4	1.4	1.4	1.4	1.4	1.4	1.4	1.4	1.4	1.4	1.4	1.4	1.4	1.4	1.4	
1.3	1.3	1.3	1.3	1.3	1.3	1.3	1.3	1.3	1.3	1.3	1.3	1.3	1.3	1.3	1.3	1.3	1.3	1.3	1.3	1.3	1.3	1.3	1.3	
1.2	1.2	1.2	1.2	1.2	1.2	1.2	1.2	1.2	1.2	1.2	1.2	1.2	1.2	1.2	1.2	1.2	1.2	1.2	1.2	1.2	1.2	1.2	1.2	
1.1	1.1	1.1	1.1	1.1	1.1	1.1	1.1	1.1	1.1	1.1	1.1	1.1	1.1	1.1	1.1	1.1	1.1	1.1	1.1	1.1	1.1	1.1	1.1	
0.995	0.995	0.995	0.995	0.995	0.995	0.995	0.995	0.995	0.995	0.995	0.995	0.995	0.995	0.995	0.995	0.995	0.995	0.995	0.995	0.995	0.995	0.995	0.995	
0.895	0.895	0.895	0.895	0.895	0.895	0.895	0.895	0.895	0.895	0.895	0.895	0.895	0.895	0.895	0.895	0.895	0.895	0.895	0.895	0.895	0.895	0.895	0.895	
2.99	2.99	2.99	2.99	2.99	2.99	2.99	2.99	2.99	2.99	2.99	2.99	2.99	2.99	2.99	2.99	2.99	2.99	2.99	2.99	2.99	2.99	2.99	2.99	
2.89	2.89	2.89	2.89	2.89	2.89	2.89	2.89	2.89	2.89	2.89	2.89	2.89	2.89	2.89	2.89	2.89	2.89	2.89	2.89	2.89	2.89	2.89	2.89	
2.79	2.79	2.79	2.79	2.79	2.79	2.79	2.79	2.79	2.79	2.79	2.79	2.79	2.79	2.79	2.79	2.79	2.79	2.79	2.79	2.79	2.79	2.79	2.79	
2.69	2.69	2.69	2.69	2.69	2.69	2.69	2.69	2.69	2.69	2.69	2.69	2.69	2.69	2.69	2.69	2.69	2.69	2.69	2.69	2.69	2.69	2.69	2.69	
2.59	2.59	2.59	2.59	2.59	2.59	2.59	2.59	2.59	2.59	2.59	2.59	2.59	2.59	2.59	2.59	2.59	2.59	2.59	2.59	2.59	2.59	2.59	2.59	
2.49	2.49	2.49	2.49	2.49	2.49	2.49	2.49	2.49	2.49	2.49	2.49	2.49	2.49	2.49	2.49	2.49	2.49	2.49	2.49	2.49	2.49	2.49	2.49	
2.39	2.39	2.39	2.39	2.39	2.39	2.39	2.39	2.39	2.39	2.39	2.39	2.39	2.39	2.39	2.39	2.39	2.39	2.39	2.39	2.39	2.39	2.39	2.39	
2.29	2.29	2.29	2.29	2.29	2.29	2.29	2.29	2.29	2.29	2.29	2.29	2.29	2.29	2.29	2.29	2.29	2.29	2.29	2.29	2.29	2.29	2.29	2.29	
2.19	2.19	2.19	2.19	2.19	2.19	2.19	2.19	2.19	2.19	2.19	2.19	2.19	2.19	2.19	2.19	2.19	2.19	2.19	2.19	2.19	2.19	2.19	2.19	
2.09	2.09	2.09	2.09	2.09	2.09	2.09	2.09	2.09	2.09	2.09	2.09	2.09	2.09	2.09	2.09	2.09	2.09	2.09	2.09	2.09	2.09	2.09	2.09	
1.99	1.99	1.99	1.99	1.99	1.99	1.99	1.99	1.99	1.99	1.99	1.99	1.99	1.99	1.99	1.99	1.99	1.99	1.99	1.99	1.99	1.99	1.99	1.99	
1.89	1.89	1.89	1.89	1.89	1.89	1.89	1.89	1.89	1.89	1.89	1.89	1.89	1.89	1.89	1.89	1.89	1.89	1.89	1.89	1.89	1.89	1.89	1.89	
1.79	1.79	1.79	1.79	1.79	1.79	1.79	1.79	1.79	1.79	1.79	1.79	1.79	1.79	1.79	1.79	1.79	1.79	1.79	1.79	1.79	1.79	1.79	1.79	
1.69	1.69	1.69	1.69	1.69	1.69	1.69	1.69	1.69	1.69	1.69	1.69	1.69	1.69	1.69	1.69	1.69	1.69	1.69	1.69	1.69	1.69	1.69	1.69	
1.59	1.59	1.59	1.59	1.59	1.59	1.59	1.59	1.59	1.59	1.59	1.59	1.59	1.59	1.59	1.59	1.59	1.59	1.59	1.59	1.59	1.59	1.59	1.59	
1.49	1.49	1.49	1.49	1.49	1.49	1.49	1.49	1.49	1.49	1.49	1.49	1.49	1.49	1.49	1.49	1.49	1.49	1.49	1.49	1.49	1.49	1.49	1.49	
1.39	1.39	1.39	1.39	1.39	1.39	1.39	1.39	1.39	1.39	1.39	1.39	1.39	1.39	1.39	1.39	1.39	1.39	1.39	1.39	1.39	1.39	1.39	1.39	
1.29	1.29	1.29	1.29	1.29	1.29	1.29	1.29	1.29	1.29	1.29	1.29	1.29	1.29	1.29	1.29	1.29	1.29	1.29	1.29	1.29	1.29	1.29	1.29	
1.19	1.19	1.19	1.19	1.19	1.19	1.19	1.19	1.19	1.19	1.19	1.19	1.19	1.19	1.19	1.19	1.19	1.19	1.19	1.19	1.19	1.19	1.19	1.19	
1.09	1.09	1.09	1.09	1.09	1.09	1.09	1.09	1.09	1.09	1.09	1.09	1.09	1.09	1.09	1.09	1.09	1.09	1.09	1.09	1.09	1.09	1.09	1.09	
0.995	0.995	0.995	0.995	0.995	0.995	0.995	0.995	0.995	0.995	0.995	0.995	0.995	0.995	0.995	0.995	0.995	0.995	0.995	0.995	0.995	0.995	0.995	0.995	
