6.99992	6.99992	6.99992	6.99992	6.99992	6.99992	6.99992	6.99992	6.99992	6.99992	6.99992	6.99992	6.99992	6.99992	6.99992	6.99992	6.99992	6.99992	6.99992	6.99992	6.99992	6.99992	6.99992	6.99992	
6.89992	6.89992	6.89992	6.89992	6.89992	6.89992	6.89992	6.89992	6.89992	6.89992	6.89992	6.89992	6.89992	6.89992	6.89992	6.89992	6.89992	6.89992	6.89992	6.89992	6.89992	6.89992	6.89992	6.89992	
6.79992	6.79992	6.79992	6.79992	6.79992	6.79992	6.79992	6.79992	6.79992	6.79992	6.79992	6.79992	6.79992	6.79992	6.79992	6.79992	6.79992	6.79992	6.79992	6.79992	6.79992	6.79992	6.79992	6.79992	
6.69993	6.69993	6.69993	6.69993	6.69993	6.69993	6.69993	6.69993	6.69993	6.69993	6.69993	6.69993	6.69993	6.69993	6.69993	6.69993	6.69993	6.69993	6.69993	6.69993	6.69993	6.69993	6.69993	6.69993	
6.59993	6.59993	6.59993	6.59993	6.59993	6.59993	6.59993	6.59993	6.59993	6.59993	6.59993	6.59993	6.59993	6.59993	6.59993	6.59993	6.59993	6.59993	6.59993	6.59993	6.59993	6.59993	6.59993	6.59993	
6.49993	6.49993	6.49993	6.49993	6.49993	6.49993	6.49993	6.49993	6.49993	6.49993	6.49993	6.49993	6.49993	6.49993	6.49993	6.49993	6.49993	6.49993	6.49993	6.49993	6.49993	6.49993	6.49993	6.49993	
6.39993	6.39993	6.39993	6.39993	6.39993	6.39993	6.39993	6.39993	6.39993	6.39993	6.39993	6.39993	6.39993	6.39993	6.39993	6.39993	6.39993	6.39993	6.39993	6.39993	6.39993	6.39993	6.39993	6.39993	
6.29993	6.29993	6.29993	6.29993	6.29993	6.29993	6.29993	6.29993	6.29993	6.29993	6.29993	6.29993	6.29993	6.29993	6.29993	6.29993	6.29993	6.29993	6.29993	6.29993	6.29993	6.29993	6.29993	6.29993	
6.19993	6.19993	6.19993	6.19993	6.19993	6.19993	6.19993	6.19993	6.19993	6.19993	6.19993	6.19993	6.19993	6.19993	6.19993	6.19993	6.19993	6.19993	6.19993	6.19993	6.19993	6.19993	6.19993	6.19993	
6.09993	6.09993	6.09993	6.09993	6.09993	6.09993	6.09993	6.09993	6.09993	6.09993	6.09993	6.09993	6.09993	6.09993	6.09993	6.09993	6.09993	6.09993	6.09993	6.09993	6.09993	6.09993	6.09993	6.09993	
5.99993	5.99993	5.99993	5.99993	5.99993	5.99993	5.99993	5.99993	5.99993	5.99993	5.99993	5.99993	5.99993	5.99993	5.99993	5.99993	5.99993	5.99993	5.99993	5.99993	5.99993	5.99993	5.99993	5.99993	
5.89994	5.89994	5.89994	5.89994	5.89994	5.89994	5.89994	5.89994	5.89994	5.89994	5.89994	5.89994	5.89994	5.89994	5.89994	5.89994	5.89994	5.89994	5.89994	5.89994	5.89994	5.89994	5.89994	5.89994	
5.79994	5.79994	5.79994	5.79994	5.79994	5.79994	5.79994	5.79994	5.79994	5.79994	5.79994	5.79994	5.79994	5.79994	5.79994	5.79994	5.79994	5.79994	5.79994	5.79994	5.79994	5.79994	5.79994	5.79994	
5.69994	5.69994	5.69994	5.69994	5.69994	5.69994	5.69994	5.69994	5.69994	5.69994	5.69994	5.69994	5.69994	5.69994	5.69994	5.69994	5.69994	5.69994	5.69994	5.69994	5.69994	5.69994	5.69994	5.69994	
5.59994	5.59994	5.59994	5.59994	5.59994	5.59994	5.59994	5.59994	5.59994	5.59994	5.59994	5.59994	5.59994	5.59994	5.59994	5.59994	5.59994	5.59994	5.59994	5.59994	5.59994	5.59994	5.59994	5.59994	
5.49994	5.49994	5.49994	5.49994	5.49994	5.49994	5.49994	5.49994	5.49994	5.49994	5.49994	5.49994	5.49994	5.49994	5.49994	5.49994	5.49994	5.49994	5.49994	5.49994	5.49994	5.49994	5.49994	5.49994	
5.39994	5.39994	5.39994	5.39994	5.39994	5.39994	5.39994	5.39994	5.39994	5.39994	5.39994	5.39994	5.39994	5.39994	5.39994	5.39994	5.39994	5.39994	5.39994	5.39994	5.39994	5.39994	5.39994	5.39994	
5.29994	5.29994	5.29994	5.29994	5.29994	5.29994	5.29994	5.29994	5.29994	5.29994	5.29994	5.29994	5.29994	5.29994	5.29994	5.29994	5.29994	5.29994	5.29994	5.29994	5.29994	5.29994	5.29994	5.29994	
5.19995	5.19995	5.19995	5.19995	5.19995	5.19995	5.19995	5.19995	5.19995	5.19995	5.19995	5.19995	5.19995	5.19995	5.19995	5.19995	5.19995	5.19995	5.19995	5.19995	5.19995	5.19995	5.19995	5.19995	
5.09995	5.09995	5.09995	5.09995	5.09995	5.09995	5.09995	5.09995	5.09995	5.09995	5.09995	5.09995	5.09995	5.09995	5.09995	5.09995	5.09995	5.09995	5.09995	5.09995	5.09995	5.09995	5.09995	5.09995	
4.99995	4.99995	4.99995	4.99995	4.99995	4.99995	4.99995	4.99995	4.99995	4.99995	4.99995	4.99995	4.99995	4.99995	4.99995	4.99995	4.99995	4.99995	4.99995	4.99995	4.99995	4.99995	4.99995	4.99995	
6.39993	6.39993	6.39993	6.39993	6.39993	6.39993	6.39993	6.39993	6.39993	6.39993	6.39993	6.39993	6.39993	6.39993	6.39993	6.39993	6.39993	6.39993	6.39993	6.39993	6.39993	6.39993	6.39993	6.39993	
6.49993	6.49345	6.47447	6.44428	6.40493	6.35911	6.30993	6.26076	6.21493	6.17558	6.14539	6.12641	6.11993	6.12641	6.14539	6.17558	6.21493	6.26076	6.30993	6.35911	6.40493	6.44428	6.47447	6.49345	
6.48146	6.47255	6.44642	6.40486	6.35070	6.28762	6.21993	6.15224	6.08917	6.03500	5.99344	5.96731	5.95840	5.96731	5.99344	6.03500	6.08917	6.15224	6.21993	6.28762	6.35070	6.40486	6.44642	6.47255	
6.44122	6.43061	6.39951	6.35004	6.28557	6.21050	6.12993	6.04937	5.97429	5.90982	5.86035	5.82926	5.81865	5.82926	5.86035	5.90982	5.97429	6.04937	6.12993	6.21050	6.28557	6.35004	6.39951	6.43061	
6.38864	6.37676	6.34192	6.28651	6.21429	6.13019	6.03993	5.94968	5.86558	5.79336	5.73794	5.70311	5.69123	5.70311	5.73794	5.79336	5.86558	5.94968	6.03993	6.13019	6.21429	6.28651	6.34192	6.37676	
6.32742	6.31456	6.27685	6.21686	6.13868	6.04764	5.94994	5.85223	5.76119	5.68301	5.62302	5.58531	5.57245	5.58531	5.62302	5.68301	5.76119	5.85223	5.94994	6.04764	6.13868	6.21686	6.27685	6.31456	
6.25943	6.24582	6.20591	6.14242	6.05968	5.96333	5.85994	5.75654	5.66019	5.57745	5.51396	5.47405	5.46044	5.47405	5.51396	5.57745	5.66019	5.75654	5.85994	5.96333	6.05968	6.14242	6.20591	6.24582	
6.18574	6.17158	6.13004	6.06396	5.97784	5.87756	5.76994	5.66232	5.56203	5.47592	5.40984	5.36830	5.35413	5.36830	5.40984	5.47592	5.56203	5.66232	5.76994	5.87756	5.97784	6.06396	6.13004	6.17158	
6.10702	6.09246	6.04980	5.98193	5.89348	5.79047	5.67994	5.56940	5.46640	5.37795	5.31008	5.26741	5.25286	5.26741	5.31008	5.37795	5.46640	5.56940	5.67994	5.79047	5.89348	5.98193	6.04980	6.09246	
6.02364	6.00886	5.96553	5.89661	5.80679	5.70219	5.58994	5.47769	5.37309	5.28327	5.21435	5.17102	5.15624	5.17102	5.21435	5.28327	5.37309	5.47769	5.58994	5.70219	5.80679	5.89661	5.96553	6.00886	
5.93583	5.92097	5.87743	5.80816	5.71788	5.61276	5.49994	5.38713	5.28200	5.19172	5.12245	5.07891	5.06406	5.07891	5.12245	5.19172	5.28200	5.38713	5.49994	5.61276	5.71788	5.80816	5.87743	5.92097	
5.84364	5.82886	5.78554	5.71661	5.62679	5.52219	5.40994	5.29769	5.19309	5.10327	5.03435	4.99102	4.97624	4.99102	5.03435	5.10327	5.19309	5.29769	5.40994	5.52219	5.62679	5.71661	5.78554	5.82886	
5.74702	5.73247	5.68980	5.62193	5.53348	5.43048	5.31994	5.20941	5.10640	5.01795	4.95008	4.90742	4.89287	4.90742	4.95008	5.01795	5.10640	5.20941	5.31994	5.43048	5.53348	5.62193	5.68980	5.73247	
5.64575	5.63158	5.59004	5.52396	5.43785	5.33756	5.22994	5.12233	5.02204	4.93592	4.86985	4.82831	4.81414	4.82831	4.86985	4.93592	5.02204	5.12233	5.22994	5.33756	5.43785	5.52396	5.59004	5.63158	
5.53944	5.52583	5.48592	5.42243	5.33969	5.24334	5.13995	5.03655	4.94020	4.85746	4.79397	4.75406	4.74045	4.75406	4.79397	4.85746	4.94020	5.03655	5.13995	5.24334	5.33969	5.42243	5.48592	5.52583	
5.42743	5.41457	5.37686	5.31687	5.23869	5.14765	5.04995	4.95225	4.86120	4.78302	4.72303	4.68532	4.67246	4.68532	4.72303	4.78302	4.86120	4.95225	5.04995	5.14765	5.23869	5.31687	5.37686	5.41457	
5.30866	5.29677	5.26194	5.20652	5.13430	5.05020	4.95995	4.86970	4.78559	4.71337	4.65796	4.62312	4.61124	4.62312	4.65796	4.71337	4.78559	4.86970	4.95995	5.05020	5.13430	5.20652	5.26194	5.29677	
5.18123	5.17063	5.13953	5.09006	5.02559	4.95052	4.86995	4.78938	4.71431	4.64984	4.60037	4.56927	4.55867	4.56927	4.60037	4.64984	4.71431	4.78938	4.86995	4.95052	5.02559	5.09006	5.13953	5.17063	
5.04148	5.03257	5.00644	4.96488	4.91072	4.84764	4.77995	4.71226	4.64919	4.59502	4.55346	4.52733	4.51842	4.52733	4.55346	4.59502	4.64919	4.71226	4.77995	4.84764	4.91072	4.96488	5.00644	5.03257	
4.87995	4.87348	4.85449	4.82430	4.78495	4.73913	4.68995	4.64078	4.59495	4.55560	4.52541	4.50643	4.49995	4.50643	4.52541	4.55560	4.59495	4.64078	4.68995	4.73913	4.78495	4.82430	4.85449	4.87348	
4.59995	4.59995	4.59995	4.59995	4.59995	4.59995	4.59995	4.59995	4.59995	4.59995	4.59995	4.59995	4.59995	4.59995	4.59995	4.59995	4.59995	4.59995	4.59995	4.59995	4.59995	4.59995	4.59995	4.59995	
5.79994	5.79994	5.79994	5.79994	5.79994	5.79994	5.79994	5.79994	5.79994	5.79994	5.79994	5.79994	5.79994	5.79994	5.79994	5.79994	5.79994	5.79994	5.79994	5.79994	5.79994	5.79994	5.79994	5.79994	
5.98147	5.97256	5.94643	5.90487	5.85070	5.78763	5.71994	5.65225	5.58917	5.53501	5.49345	5.46732	5.45841	5.46732	5.49345	5.53501	5.58917	5.65225	5.71994	5.78763	5.85070	5.90487	5.94643	5.97256	
5.99993	5.98767	5.95170	5.89449	5.81994	5.73311	5.63994	5.54677	5.45994	5.38538	5.32817	5.29221	5.27994	5.29221	5.32817	5.38538	5.45994	5.54677	5.63994	5.73311	5.81994	5.89449	5.95170	5.98767	
5.98842	5.97382	5.93102	5.86292	5.77418	5.67084	5.55994	5.44904	5.34570	5.25696	5.18887	5.14606	5.13146	5.14606	5.18887	5.25696	5.34570	5.44904	5.55994	5.67084	5.77418	5.86292	5.93102	5.97382	
5.95994	5.94358	5.89563	5.81935	5.71994	5.60417	5.47994	5.35571	5.23994	5.14053	5.06425	5.01630	4.99995	5.01630	5.06425	5.14053	5.23994	5.35571	5.47994	5.60417	5.71994	5.81935	5.89563	5.94358	
5.91955	5.90185	5.84994	5.76736	5.65975	5.53443	5.39994	5.26546	5.14014	5.03252	4.94995	4.89804	4.88033	4.89804	4.94995	5.03252	5.14014	5.26546	5.39994	5.53443	5.65975	5.76736	5.84994	5.90185	
5.86985	5.85111	5.79617	5.70878	5.59489	5.46227	5.31994	5.17762	5.04499	4.93110	4.84371	4.78878	4.77004	4.78878	4.84371	4.93110	5.04499	5.17762	5.31994	5.46227	5.59489	5.70878	5.79617	5.85111	
5.81230	5.79280	5.73562	5.64466	5.52612	5.38808	5.23994	5.09181	4.95377	4.83523	4.74427	4.68709	4.66759	4.68709	4.74427	4.83523	4.95377	5.09181	5.23994	5.38808	5.52612	5.64466	5.73562	5.79280	
5.74782	5.72778	5.66906	5.57563	5.45388	5.31210	5.15995	5.00779	4.86601	4.74426	4.65084	4.59211	4.57208	4.59211	4.65084	4.74426	4.86601	5.00779	5.15995	5.31210	5.45388	5.57563	5.66906	5.72778	
5.67693	5.65659	5.59695	5.50208	5.37844	5.23446	5.07995	4.92544	4.78145	4.65781	4.56294	4.50330	4.48296	4.50330	4.56294	4.65781	4.78145	4.92544	5.07995	5.23446	5.37844	5.50208	5.59695	5.65659	
5.59994	5.57950	5.51956	5.42421	5.29994	5.15524	4.99995	4.84466	4.69995	4.57569	4.48034	4.42040	4.39996	4.42040	4.48034	4.57569	4.69995	4.84466	4.99995	5.15524	5.29994	5.42421	5.51956	5.57950	
5.51693	5.49659	5.43695	5.34208	5.21844	5.07446	4.91995	4.76544	4.62146	4.49782	4.40294	4.34331	4.32296	4.34331	4.40294	4.49782	4.62146	4.76544	4.91995	5.07446	5.21844	5.34208	5.43695	5.49659	
5.42782	5.40779	5.34906	5.25564	5.13388	4.99210	4.83995	4.68780	4.54601	4.42426	4.33084	4.27211	4.25208	4.27211	4.33084	4.42426	4.54601	4.68780	4.83995	4.99210	5.13388	5.25564	5.34906	5.40779	
5.33231	5.31280	5.25563	5.16467	5.04613	4.90809	4.75995	4.61181	4.47377	4.35523	4.26428	4.20710	4.18759	4.20710	4.26428	4.35523	4.47377	4.61181	4.75995	4.90809	5.04613	5.16467	5.25563	5.31280	
5.22985	5.21112	5.15618	5.06879	4.95490	4.82228	4.67995	4.53763	4.40500	4.29111	4.20372	4.14879	4.13005	4.14879	4.20372	4.29111	4.40500	4.53763	4.67995	4.82228	4.95490	5.06879	5.15618	5.21112	
5.11956	5.10186	5.04995	4.96737	4.85976	4.73444	4.59995	4.46547	4.34015	4.23253	4.14996	4.09805	4.08034	4.09805	4.14996	4.23253	4.34015	4.46547	4.59995	4.73444	4.85976	4.96737	5.04995	5.10186	
4.99995	4.98359	4.93564	4.85936	4.75995	4.64419	4.51995	4.39572	4.27996	4.18055	4.10427	4.05632	4.03996	4.05632	4.10427	4.18055	4.27996	4.39572	4.51995	4.64419	4.75995	4.85936	4.93564	4.98359	
4.86844	4.85384	4.81103	4.74294	4.65420	4.55085	4.43996	4.32906	4.22572	4.13697	4.06888	4.02608	4.01147	4.02608	4.06888	4.13697	4.22572	4.32906	4.43996	4.55085	4.65420	4.74294	4.81103	4.85384	
4.71995	4.70768	4.67172	4.61451	4.53995	4.45313	4.35996	4.26678	4.17996	4.10540	4.04819	4.01223	3.99996	4.01223	4.04819	4.10540	4.17996	4.26678	4.35996	4.45313	4.53995	4.61451	4.67172	4.70768	
4.54149	4.53258	4.50645	4.46489	4.41072	4.34765	4.27996	4.21227	4.14919	4.09503	4.05347	4.02734	4.01843	4.02734	4.05347	4.09503	4.14919	4.21227	4.27996	4.34765	4.41072	4.46489	4.50645	4.53258	
4.19996	4.19996	4.19996	4.19996	4.19996	4.19996	4.19996	4.19996	4.19996	4.19996	4.19996	4.19996	4.19996	4.19996	4.19996	4.19996	4.19996	4.19996	4.19996	4.19996	4.19996	4.19996	4.19996	4.19996	
5.19995	5.19995	5.19995	5.19995	5.19995	5.19995	5.19995	5.19995	5.19995	5.19995	5.19995	5.19995	5.19995	5.19995	5.19995	5.19995	5.19995	5.19995	5.19995	5.19995	5.19995	5.19995	5.19995	5.19995	
5.44123	5.43062	5.39953	5.35006	5.28559	5.21051	5.12995	5.04938	4.97430	4.90984	4.86037	4.82927	4.81866	4.82927	4.86037	4.90984	4.97430	5.04938	5.12995	5.21051	5.28559	5.35006	5.39953	5.43062	
5.48843	5.47383	5.43102	5.36293	5.27419	5.17085	5.05995	4.94905	4.84571	4.75697	4.68887	4.64607	4.63147	4.64607	4.68887	4.75697	4.84571	4.94905	5.05995	5.17085	5.27419	5.36293	5.43102	5.47383	
5.49994	5.48256	5.43162	5.35057	5.24494	5.12194	4.98995	4.85795	4.73495	4.62933	4.54828	4.49733	4.47995	4.49733	4.54828	4.62933	4.73495	4.85795	4.98995	5.12194	5.24494	5.35057	5.43162	5.48256	
5.49126	5.47179	5.41472	5.32392	5.20560	5.06781	4.91995	4.77208	4.63430	4.51597	4.42518	4.36811	4.34864	4.36811	4.42518	4.51597	4.63430	4.77208	4.91995	5.06781	5.20560	5.32392	5.41472	5.47179	
5.46841	5.44733	5.38555	5.28727	5.15918	5.01002	4.84995	4.68988	4.54072	4.41263	4.31435	4.25257	4.23149	4.25257	4.31435	4.41263	4.54072	4.68988	4.84995	5.01002	5.15918	5.28727	5.38555	5.44733	
5.43446	5.41216	5.34678	5.24276	5.10721	4.94935	4.77995	4.61055	4.45269	4.31714	4.21312	4.14774	4.12544	4.14774	4.21312	4.31714	4.45269	4.61055	4.77995	4.94935	5.10721	5.24276	5.34678	5.41216	
5.39119	5.36798	5.29992	5.19166	5.05057	4.88627	4.70995	4.53363	4.36933	4.22824	4.11998	4.05192	4.02871	4.05192	4.11998	4.22824	4.36933	4.53363	4.70995	4.88627	5.05057	5.19166	5.29992	5.36798	
5.33966	5.31582	5.24591	5.13472	4.98981	4.82105	4.63995	4.45886	4.29010	4.14519	4.03399	3.96409	3.94025	3.96409	4.03399	4.14519	4.29010	4.45886	4.63995	4.82105	4.98981	5.13472	5.24591	5.31582	
5.28051	5.25630	5.18531	5.07239	4.92523	4.75386	4.56995	4.38605	4.21468	4.06752	3.95460	3.88361	3.85940	3.88361	3.95460	4.06752	4.21468	4.38605	4.56995	4.75386	4.92523	5.07239	5.18531	5.25630	
5.21409	5.18975	5.11841	5.00492	4.85702	4.68479	4.49995	4.31512	4.14289	3.99499	3.88150	3.81015	3.78582	3.81015	3.88150	3.99499	4.14289	4.31512	4.49995	4.68479	4.85702	5.00492	5.11841	5.18975	
5.14051	5.11630	5.04531	4.93239	4.78523	4.61386	4.42996	4.24605	4.07468	3.92752	3.81460	3.74361	3.71940	3.74361	3.81460	3.92752	4.07468	4.24605	4.42996	4.61386	4.78523	4.93239	5.04531	5.11630	
5.05966	5.03582	4.96592	4.85472	4.70981	4.54105	4.35996	4.17886	4.01010	3.86519	3.75399	3.68409	3.66025	3.68409	3.75399	3.86519	4.01010	4.17886	4.35996	4.54105	4.70981	4.85472	4.96592	5.03582	
4.97120	4.94798	4.87993	4.77167	4.63058	4.46627	4.28996	4.11364	3.94934	3.80825	3.69999	3.63193	3.60872	3.63193	3.69999	3.80825	3.94934	4.11364	4.28996	4.46627	4.63058	4.77167	4.87993	4.94798	
4.87447	4.85217	4.78678	4.68277	4.54722	4.38936	4.21996	4.05056	3.89270	3.75715	3.65313	3.58775	3.56544	3.58775	3.65313	3.75715	3.89270	4.05056	4.21996	4.38936	4.54722	4.68277	4.78678	4.85217	
4.76842	4.74734	4.68556	4.58727	4.45919	4.31003	4.14996	3.98989	3.84073	3.71264	3.61436	3.55257	3.53150	3.55257	3.61436	3.71264	3.84073	3.98989	4.14996	4.31003	4.45919	4.58727	4.68556	4.74734	
4.65127	4.63180	4.57473	4.48393	4.36561	4.22782	4.07996	3.93209	3.79431	3.67598	3.58519	3.52812	3.50865	3.52812	3.58519	3.67598	3.79431	3.93209	4.07996	4.22782	4.36561	4.48393	4.57473	4.63180	
4.51995	4.50258	4.45163	4.37058	4.26496	4.14196	4.00996	3.87796	3.75496	3.64934	3.56829	3.51734	3.49997	3.51734	3.56829	3.64934	3.75496	3.87796	4.00996	4.14196	4.26496	4.37058	4.45163	4.50258	
4.36844	4.35384	4.31104	4.24294	4.15420	4.05086	3.93996	3.82906	3.72572	3.63698	3.56889	3.52608	3.51148	3.52608	3.56889	3.63698	3.72572	3.82906	3.93996	4.05086	4.15420	4.24294	4.31104	4.35384	
4.18125	4.17064	4.13954	4.09007	4.02560	3.95053	3.86996	3.78940	3.71432	3.64985	3.60038	3.56929	3.55868	3.56929	3.60038	3.64985	3.71432	3.78940	3.86996	3.95053	4.02560	4.09007	4.13954	4.17064	
3.79996	3.79996	3.79996	3.79996	3.79996	3.79996	3.79996	3.79996	3.79996	3.79996	3.79996	3.79996	3.79996	3.79996	3.79996	3.79996	3.79996	3.79996	3.79996	3.79996	3.79996	3.79996	3.79996	3.79996	
4.59995	4.59995	4.59995	4.59995	4.59995	4.59995	4.59995	4.59995	4.59995	4.59995	4.59995	4.59995	4.59995	4.59995	4.59995	4.59995	4.59995	4.59995	4.59995	4.59995	4.59995	4.59995	4.59995	4.59995	
4.88866	4.87678	4.84194	4.78653	4.71431	4.63021	4.53995	4.44970	4.36560	4.29338	4.23796	4.20313	4.19125	4.20313	4.23796	4.29338	4.36560	4.44970	4.53995	4.63021	4.71431	4.78653	4.84194	4.87678	
4.95995	4.94359	4.89564	4.81936	4.71995	4.60419	4.47995	4.35572	4.23996	4.14055	4.06427	4.01632	3.99996	4.01632	4.06427	4.14055	4.23996	4.35572	4.47995	4.60419	4.71995	4.81936	4.89564	4.94359	
4.99126	4.97180	4.91472	4.82393	4.70561	4.56782	4.41996	4.27209	4.13430	4.01598	3.92519	3.86812	3.84865	3.86812	3.92519	4.01598	4.13430	4.27209	4.41996	4.56782	4.70561	4.82393	4.91472	4.97180	
4.99995	4.97814	4.91421	4.81250	4.67995	4.52560	4.35996	4.19431	4.03996	3.90741	3.80571	3.74177	3.71996	3.74177	3.80571	3.90741	4.03996	4.19431	4.35996	4.52560	4.67995	4.81250	4.91421	4.97814	
4.99277	4.96916	4.89995	4.78985	4.64636	4.47927	4.29996	4.12064	3.95355	3.81007	3.69996	3.63075	3.60715	3.63075	3.69996	3.81007	3.95355	4.12064	4.29996	4.47927	4.64636	4.78985	4.89995	4.96916	
4.97316	4.94818	4.87493	4.75841	4.60656	4.42972	4.23996	4.05019	3.87336	3.72151	3.60499	3.53174	3.50676	3.53174	3.60499	3.72151	3.87336	4.05019	4.23996	4.42972	4.60656	4.75841	4.87493	4.94818	
4.94310	4.91710	4.84086	4.71958	4.56153	4.37747	4.17996	3.98244	3.79839	3.64034	3.51906	3.44282	3.41682	3.44282	3.51906	3.64034	3.79839	3.98244	4.17996	4.37747	4.56153	4.71958	4.84086	4.91710	
4.90379	4.87708	4.79877	4.67421	4.51187	4.32283	4.11996	3.91709	3.72805	3.56571	3.44115	3.36284	3.33613	3.36284	3.44115	3.56571	3.72805	3.91709	4.11996	4.32283	4.51187	4.67421	4.79877	4.87708	
4.85594	4.82882	4.74930	4.62280	4.45795	4.26597	4.05996	3.85395	3.66197	3.49712	3.37062	3.29110	3.26398	3.29110	3.37062	3.49712	3.66197	3.85395	4.05996	4.26597	4.45795	4.62280	4.74930	4.82882	
4.79995	4.77269	4.69277	4.56564	4.39996	4.20701	3.99996	3.79291	3.59997	3.43428	3.30715	3.22723	3.19997	3.22723	3.30715	3.43428	3.59997	3.79291	3.99996	4.20701	4.39996	4.56564	4.69277	4.77269	
4.73594	4.70882	4.62930	4.50280	4.33795	4.14598	3.93996	3.73395	3.54197	3.37712	3.25062	3.17110	3.14398	3.17110	3.25062	3.37712	3.54197	3.73395	3.93996	4.14598	4.33795	4.50280	4.62930	4.70882	
4.66379	4.63708	4.55878	4.43421	4.27188	4.08283	3.87996	3.67709	3.48805	3.32571	3.20115	3.12284	3.09614	3.12284	3.20115	3.32571	3.48805	3.67709	3.87996	4.08283	4.27188	4.43421	4.55878	4.63708	
4.58310	4.55710	4.48086	4.35959	4.20153	4.01748	3.81996	3.62245	3.43839	3.28034	3.15906	3.08283	3.05682	3.08283	3.15906	3.28034	3.43839	3.62245	3.81996	4.01748	4.20153	4.35959	4.48086	4.55710	
4.49317	4.46818	4.39494	4.27842	4.12657	3.94973	3.75996	3.57020	3.39336	3.24151	3.12499	3.05174	3.02676	3.05174	3.12499	3.24151	3.39336	3.57020	3.75996	3.94973	4.12657	4.27842	4.39494	4.46818	
4.39278	4.36917	4.29996	4.18986	4.04637	3.87928	3.69996	3.52065	3.35356	3.21007	3.09997	3.03076	3.00715	3.03076	3.09997	3.21007	3.35356	3.52065	3.69996	3.87928	4.04637	4.18986	4.29996	4.36917	
4.27996	4.25815	4.19421	4.09251	3.95996	3.80561	3.63997	3.47432	3.31997	3.18742	3.08572	3.02178	2.99997	3.02178	3.08572	3.18742	3.31997	3.47432	3.63997	3.80561	3.95996	4.09251	4.19421	4.25815	
4.15127	4.13181	4.07473	3.98394	3.86562	3.72783	3.57997	3.43210	3.29431	3.17599	3.08520	3.02813	3.00866	3.02813	3.08520	3.17599	3.29431	3.43210	3.57997	3.72783	3.86562	3.98394	4.07473	4.13181	
3.99996	3.98361	3.93565	3.85937	3.75996	3.64420	3.51997	3.39574	3.27997	3.18056	3.10428	3.05633	3.03997	3.05633	3.10428	3.18056	3.27997	3.39574	3.51997	3.64420	3.75996	3.85937	3.93565	3.98361	
3.80868	3.79679	3.76196	3.70654	3.63432	3.55022	3.45997	3.36972	3.28561	3.21339	3.15798	3.12314	3.11126	3.12314	3.15798	3.21339	3.28561	3.36972	3.45997	3.55022	3.63432	3.70654	3.76196	3.79679	
3.39997	3.39997	3.39997	3.39997	3.39997	3.39997	3.39997	3.39997	3.39997	3.39997	3.39997	3.39997	3.39997	3.39997	3.39997	3.39997	3.39997	3.39997	3.39997	3.39997	3.39997	3.39997	3.39997	3.39997	
3.99996	3.99996	3.99996	3.99996	3.99996	3.99996	3.99996	3.99996	3.99996	3.99996	3.99996	3.99996	3.99996	3.99996	3.99996	3.99996	3.99996	3.99996	3.99996	3.99996	3.99996	3.99996	3.99996	3.99996	
4.32745	4.31459	4.27687	4.21688	4.13870	4.04766	3.94996	3.85226	3.76122	3.68304	3.62305	3.58534	3.57247	3.58534	3.62305	3.68304	3.76122	3.85226	3.94996	4.04766	4.13870	4.21688	4.27687	4.31459	
4.41957	4.40187	4.34996	4.26738	4.15977	4.03445	3.89996	3.76548	3.64016	3.53254	3.44997	3.39806	3.38035	3.39806	3.44997	3.53254	3.64016	3.76548	3.89996	4.03445	4.15977	4.26738	4.34996	4.40187	
4.46842	4.44735	4.38556	4.28728	4.15919	4.01003	3.84996	3.68989	3.54073	3.41265	3.31436	3.25258	3.23151	3.25258	3.31436	3.41265	3.54073	3.68989	3.84996	4.01003	4.15919	4.28728	4.38556	4.44735	
4.49277	4.46917	4.39996	4.28985	4.14637	3.97928	3.79996	3.62065	3.45356	3.31007	3.19997	3.13076	3.10715	3.13076	3.19997	3.31007	3.45356	3.62065	3.79996	3.97928	4.14637	4.28985	4.39996	4.46917	
4.49995	4.47440	4.39947	4.28029	4.12496	3.94408	3.74996	3.55585	3.37497	3.21964	3.10045	3.02553	2.99997	3.02553	3.10045	3.21964	3.37497	3.55585	3.74996	3.94408	4.12496	4.28029	4.39947	4.47440	
4.49368	4.46663	4.38734	4.26121	4.09682	3.90539	3.69996	3.49454	3.30311	3.13872	3.01259	2.93329	2.90625	2.93329	3.01259	3.13872	3.30311	3.49454	3.69996	3.90539	4.09682	4.26121	4.38734	4.46663	
4.47609	4.44794	4.36541	4.23412	4.06303	3.86378	3.64997	3.43615	3.23690	3.06581	2.93452	2.85199	2.82384	2.85199	2.93452	3.06581	3.23690	3.43615	3.64997	3.86378	4.06303	4.23412	4.36541	4.44794	
4.44848	4.41957	4.33480	4.19996	4.02422	3.81958	3.59997	3.38035	3.17571	2.99997	2.86513	2.78036	2.75145	2.78036	2.86513	2.99997	3.17571	3.38035	3.59997	3.81958	4.02422	4.19996	4.33480	4.41957	
4.41164	4.38228	4.29620	4.15926	3.98080	3.77298	3.54997	3.32695	3.11913	2.94067	2.80374	2.71765	2.68829	2.71765	2.80374	2.94067	3.11913	3.32695	3.54997	3.77298	3.98080	4.15926	4.29620	4.38228	
4.36598	4.33647	4.24996	4.11233	3.93297	3.72411	3.49997	3.27583	3.06696	2.88760	2.74998	2.66346	2.63395	2.66346	2.74998	2.88760	3.06696	3.27583	3.49997	3.72411	3.93297	4.11233	4.24996	4.33647	
4.31164	4.28228	4.19620	4.05926	3.88080	3.67299	3.44997	3.22695	3.01913	2.84067	2.70374	2.61766	2.58829	2.61766	2.70374	2.84067	3.01913	3.22695	3.44997	3.67299	3.88080	4.05926	4.19620	4.28228	
4.24849	4.21957	4.13481	3.99996	3.82423	3.61958	3.39997	3.18036	2.97571	2.79998	2.66513	2.58036	2.55145	2.58036	2.66513	2.79998	2.97571	3.18036	3.39997	3.61958	3.82423	3.99996	4.13481	4.21957	
4.17609	4.14794	4.06541	3.93413	3.76303	3.56379	3.34997	3.13615	2.93691	2.76581	2.63452	2.55199	2.52384	2.55199	2.63452	2.76581	2.93691	3.13615	3.34997	3.56379	3.76303	3.93413	4.06541	4.14794	
4.09369	4.06664	3.98735	3.86121	3.69683	3.50540	3.29997	3.09454	2.90311	2.73873	2.61259	2.53330	2.50625	2.53330	2.61259	2.73873	2.90311	3.09454	3.29997	3.50540	3.69683	3.86121	3.98735	4.06664	
3.99996	3.97441	3.89948	3.78029	3.62497	3.44408	3.24997	3.05586	2.87498	2.71965	2.60046	2.52554	2.49998	2.52554	2.60046	2.71965	2.87498	3.05586	3.24997	3.44408	3.62497	3.78029	3.89948	3.97441	
3.89278	3.86918	3.79996	3.68986	3.54638	3.37928	3.19997	3.02066	2.85357	2.71008	2.59998	2.53077	2.50716	2.53077	2.59998	2.71008	2.85357	3.02066	3.19997	3.37928	3.54638	3.68986	3.79996	3.86918	
3.76843	3.74736	3.68557	3.58729	3.45920	3.31004	3.14997	2.98990	2.84074	2.71266	2.61437	2.55259	2.53151	2.55259	2.61437	2.71266	2.84074	2.98990	3.14997	3.31004	3.45920	3.58729	3.68557	3.74736	
3.61958	3.60188	3.54997	3.46739	3.35978	3.23446	3.09997	2.96549	2.84017	2.73255	2.64998	2.59807	2.58036	2.59807	2.64998	2.73255	2.84017	2.96549	3.09997	3.23446	3.35978	3.46739	3.54997	3.60188	
3.42746	3.41460	3.37689	3.31690	3.23872	3.14767	3.04997	2.95227	2.86123	2.78305	2.72306	2.68535	2.67249	2.68535	2.72306	2.78305	2.86123	2.95227	3.04997	3.14767	3.23872	3.31690	3.37689	3.41460	
2.99997	2.99997	2.99997	2.99997	2.99997	2.99997	2.99997	2.99997	2.99997	2.99997	2.99997	2.99997	2.99997	2.99997	2.99997	2.99997	2.99997	2.99997	2.99997	2.99997	2.99997	2.99997	2.99997	2.99997	
3.39997	3.39997	3.39997	3.39997	3.39997	3.39997	3.39997	3.39997	3.39997	3.39997	3.39997	3.39997	3.39997	3.39997	3.39997	3.39997	3.39997	3.39997	3.39997	3.39997	3.39997	3.39997	3.39997	3.39997	
3.75946	3.74585	3.70594	3.64245	3.55972	3.46337	3.35997	3.25657	3.16022	3.07748	3.01400	2.97409	2.96047	2.97409	3.01400	3.07748	3.16022	3.25657	3.35997	3.46337	3.55972	3.64245	3.70594	3.74585	
3.86987	3.85113	3.79620	3.70881	3.59492	3.46229	3.31997	3.17764	3.04502	2.93113	2.84374	2.78881	2.77007	2.78881	2.84374	2.93113	3.04502	3.17764	3.31997	3.46229	3.59492	3.70881	3.79620	3.85113	
3.93448	3.91218	3.84680	3.74278	3.60723	3.44937	3.27997	3.11057	2.95271	2.81716	2.71314	2.64776	2.62546	2.64776	2.71314	2.81716	2.95271	3.11057	3.27997	3.44937	3.60723	3.74278	3.84680	3.91218	
3.97317	3.94819	3.87494	3.75842	3.60657	3.42974	3.23997	3.05020	2.87337	2.72152	2.60500	2.53175	2.50677	2.53175	2.60500	2.72152	2.87337	3.05020	3.23997	3.42974	3.60657	3.75842	3.87494	3.94819	
3.99369	3.96664	3.88735	3.76121	3.59683	3.40540	3.19997	2.99454	2.80311	2.63873	2.51259	2.43330	2.40626	2.43330	2.51259	2.63873	2.80311	2.99454	3.19997	3.40540	3.59683	3.76121	3.88735	3.96664	
3.99996	3.97134	3.88742	3.75393	3.57997	3.37738	3.15997	2.94257	2.73998	2.56601	2.43252	2.34860	2.31998	2.34860	2.43252	2.56601	2.73998	2.94257	3.15997	3.37738	3.57997	3.75393	3.88742	3.97134	
3.99426	3.96447	3.87713	3.73819	3.55712	3.34625	3.11997	2.89369	2.68283	2.50176	2.36282	2.27547	2.24568	2.27547	2.36282	2.50176	2.68283	2.89369	3.11997	3.34625	3.55712	3.73819	3.87713	3.96447	
3.97796	3.94736	3.85765	3.71494	3.52897	3.31239	3.07997	2.84756	2.63098	2.44500	2.30229	2.21258	2.18199	2.21258	2.30229	2.44500	2.63098	2.84756	3.07997	3.31239	3.52897	3.71494	3.85765	3.94736	
3.95188	3.92081	3.82971	3.68479	3.49593	3.27599	3.03997	2.80395	2.58402	2.39516	2.25024	2.15914	2.12806	2.15914	2.25024	2.39516	2.58402	2.80395	3.03997	3.27599	3.49593	3.68479	3.82971	3.92081	
3.91648	3.88525	3.79369	3.64804	3.45823	3.23718	2.99997	2.76277	2.54172	2.35191	2.20626	2.11470	2.08347	2.11470	2.20626	2.35191	2.54172	2.76277	2.99997	3.23718	3.45823	3.64804	3.79369	3.88525	
3.87188	3.84081	3.74971	3.60479	3.41593	3.19599	2.95997	2.72395	2.50402	2.31516	2.17024	2.07914	2.04807	2.07914	2.17024	2.31516	2.50402	2.72395	2.95997	3.19599	3.41593	3.60479	3.74971	3.84081	
3.81796	3.78736	3.69765	3.55495	3.36897	3.15239	2.91997	2.68756	2.47098	2.28500	2.14230	2.05259	2.02199	2.05259	2.14230	2.28500	2.47098	2.68756	2.91997	3.15239	3.36897	3.55495	3.69765	3.78736	
3.75426	3.72447	3.63713	3.49819	3.31712	3.10626	2.87998	2.65369	2.44283	2.26176	2.12282	2.03548	2.00569	2.03548	2.12282	2.26176	2.44283	2.65369	2.87998	3.10626	3.31712	3.49819	3.63713	3.72447	
3.67997	3.65134	3.56743	3.43394	3.25997	3.05738	2.83998	2.62257	2.41998	2.24601	2.11252	2.02861	1.99999	2.02861	2.11252	2.24601	2.41998	2.62257	2.83998	3.05738	3.25997	3.43394	3.56743	3.65134	
3.59369	3.56665	3.48735	3.36122	3.19683	3.00541	2.79998	2.59455	2.40312	2.23874	2.11260	2.03331	2.00626	2.03331	2.11260	2.23874	2.40312	2.59455	2.79998	3.00541	3.19683	3.36122	3.48735	3.56665	
3.49318	3.46820	3.39495	3.27843	3.12658	2.94974	2.75998	2.57021	2.39338	2.24152	2.12500	2.05176	2.02677	2.05176	2.12500	2.24152	2.39338	2.57021	2.75998	2.94974	3.12658	3.27843	3.39495	3.46820	
3.37449	3.35219	3.28680	3.18279	3.04723	2.88938	2.71998	2.55058	2.39272	2.25717	2.15315	2.08777	2.06546	2.08777	2.15315	2.25717	2.39272	2.55058	2.71998	2.88938	3.04723	3.18279	3.28680	3.35219	
3.22988	3.21114	3.15621	3.06882	2.95493	2.82230	2.67998	2.53765	2.40503	2.29114	2.20375	2.14881	2.13008	2.14881	2.20375	2.29114	2.40503	2.53765	2.67998	2.82230	2.95493	3.06882	3.15621	3.21114	
3.03947	3.02586	2.98595	2.92246	2.83973	2.74338	2.63998	2.53658	2.44023	2.35749	2.29401	2.25410	2.24048	2.25410	2.29401	2.35749	2.44023	2.53658	2.63998	2.74338	2.83973	2.92246	2.98595	3.02586	
2.59998	2.59998	2.59998	2.59998	2.59998	2.59998	2.59998	2.59998	2.59998	2.59998	2.59998	2.59998	2.59998	2.59998	2.59998	2.59998	2.59998	2.59998	2.59998	2.59998	2.59998	2.59998	2.59998	2.59998	
2.79998	2.79998	2.79998	2.79998	2.79998	2.79998	2.79998	2.79998	2.79998	2.79998	2.79998	2.79998	2.79998	2.79998	2.79998	2.79998	2.79998	2.79998	2.79998	2.79998	2.79998	2.79998	2.79998	2.79998	
3.18578	3.17162	3.13008	3.06400	2.97788	2.87760	2.76998	2.66236	2.56207	2.47596	2.40988	2.36834	2.35417	2.36834	2.40988	2.47596	2.56207	2.66236	2.76998	2.87760	2.97788	3.06400	3.13008	3.17162	
3.31233	3.29283	3.23565	3.14469	3.02616	2.88811	2.73998	2.59184	2.45380	2.33526	2.24430	2.18712	2.16762	2.18712	2.24430	2.33526	2.45380	2.59184	2.73998	2.88811	3.02616	3.14469	3.23565	3.29283	
3.39122	3.36800	3.29995	3.19169	3.05060	2.88630	2.70998	2.53366	2.36936	2.22827	2.12001	2.05195	2.02874	2.05195	2.12001	2.22827	2.36936	2.53366	2.70998	2.88630	3.05060	3.19169	3.29995	3.36800	
3.44312	3.41712	3.34088	3.21960	3.06155	2.87749	2.67998	2.48246	2.29841	2.14036	2.01908	1.94284	1.91684	1.94284	2.01908	2.14036	2.29841	2.48246	2.67998	2.87749	3.06155	3.21960	3.34088	3.41712	
3.47610	3.44795	3.36542	3.23414	3.06304	2.86380	2.64998	2.43616	2.23692	2.06582	1.93453	1.85200	1.82385	1.85200	1.93453	2.06582	2.23692	2.43616	2.64998	2.86380	3.06304	3.23414	3.36542	3.44795	
3.49427	3.46448	3.37713	3.23819	3.05712	2.84626	2.61998	2.39370	2.18283	2.00176	1.86282	1.77548	1.74569	1.77548	1.86282	2.00176	2.18283	2.39370	2.61998	2.84626	3.05712	3.23819	3.37713	3.46448	
3.49997	3.46896	3.37805	3.23344	3.04497	2.82550	2.58998	2.35446	2.13499	1.94652	1.80191	1.71100	1.67999	1.71100	1.80191	1.94652	2.13499	2.35446	2.58998	2.82550	3.04497	3.23344	3.37805	3.46896	
3.49463	3.46279	3.36941	3.22088	3.02731	2.80189	2.55998	2.31807	2.09265	1.89908	1.75055	1.65717	1.62533	1.65717	1.75055	1.89908	2.09265	2.31807	2.55998	2.80189	3.02731	3.22088	3.36941	3.46279	
3.47913	3.44678	3.35196	3.20113	3.00455	2.77564	2.52998	2.28432	2.05541	1.85883	1.70800	1.61318	1.58083	1.61318	1.70800	1.85883	2.05541	2.28432	2.52998	2.77564	3.00455	3.20113	3.35196	3.44678	
3.45391	3.42140	3.32611	3.17451	2.97694	2.74687	2.49998	2.25309	2.02302	1.82545	1.67386	1.57856	1.54605	1.57856	1.67386	1.82545	2.02302	2.25309	2.49998	2.74687	2.97694	3.17451	3.32611	3.42140	
3.41913	3.38678	3.29196	3.14113	2.94455	2.71564	2.46998	2.22432	1.99541	1.79883	1.64800	1.55318	1.52084	1.55318	1.64800	1.79883	1.99541	2.22432	2.46998	2.71564	2.94455	3.14113	3.29196	3.38678	
3.37463	3.34279	3.24941	3.10088	2.90731	2.68189	2.43998	2.19808	1.97265	1.77908	1.63055	1.53718	1.50533	1.53718	1.63055	1.77908	1.97265	2.19808	2.43998	2.68189	2.90731	3.10088	3.24941	3.34279	
3.31997	3.28896	3.19805	3.05344	2.86498	2.64550	2.40998	2.17446	1.95499	1.76652	1.62191	1.53100	1.49999	1.53100	1.62191	1.76652	1.95499	2.17446	2.40998	2.64550	2.86498	3.05344	3.19805	3.28896	
3.25427	3.22448	3.13714	2.99820	2.81713	2.60626	2.37998	2.15370	1.94284	1.76177	1.62283	1.53548	1.50569	1.53548	1.62283	1.76177	1.94284	2.15370	2.37998	2.60626	2.81713	2.99820	3.13714	3.22448	
3.17611	3.14796	3.06543	2.93414	2.76304	2.56380	2.34998	2.13617	1.93692	1.76582	1.63454	1.55201	1.52386	1.55201	1.63454	1.76582	1.93692	2.13617	2.34998	2.56380	2.76304	2.93414	3.06543	3.14796	
3.08312	3.05712	2.98088	2.85961	2.70155	2.51750	2.31998	2.12247	1.93841	1.78036	1.65908	1.58284	1.55684	1.58284	1.65908	1.78036	1.93841	2.12247	2.31998	2.51750	2.70155	2.85961	2.98088	3.05712	
2.97122	2.94801	2.87995	2.77169	2.63060	2.46630	2.28998	2.11367	1.94936	1.80827	1.70001	1.63196	1.60874	1.63196	1.70001	1.80827	1.94936	2.11367	2.28998	2.46630	2.63060	2.77169	2.87995	2.94801	
2.83234	2.81284	2.75566	2.66470	2.54616	2.40812	2.25998	2.11185	1.97381	1.85527	1.76431	1.70713	1.68763	1.70713	1.76431	1.85527	1.97381	2.11185	2.25998	2.40812	2.54616	2.66470	2.75566	2.81284	
2.64579	2.63162	2.59008	2.52400	2.43789	2.33760	2.22998	2.12237	2.02208	1.93596	1.86988	1.82835	1.81418	1.82835	1.86988	1.93596	2.02208	2.12237	2.22998	2.33760	2.43789	2.52400	2.59008	2.63162	
2.19998	2.19998	2.19998	2.19998	2.19998	2.19998	2.19998	2.19998	2.19998	2.19998	2.19998	2.19998	2.19998	2.19998	2.19998	2.19998	2.19998	2.19998	2.19998	2.19998	2.19998	2.19998	2.19998	2.19998	
2.19998	2.19998	2.19998	2.19998	2.19998	2.19998	2.19998	2.19998	2.19998	2.19998	2.19998	2.19998	2.19998	2.19998	2.19998	2.19998	2.19998	2.19998	2.19998	2.19998	2.19998	2.19998	2.19998	2.19998	
2.60706	2.59251	2.54984	2.48197	2.39352	2.29052	2.17998	2.06945	1.96645	1.87800	1.81012	1.76746	1.75291	1.76746	1.81012	1.87800	1.96645	2.06945	2.17998	2.29052	2.39352	2.48197	2.54984	2.59251	
2.74785	2.72782	2.66910	2.57567	2.45392	2.31214	2.15998	2.00783	1.86605	1.74430	1.65087	1.59215	1.57211	1.59215	1.65087	1.74430	1.86605	2.00783	2.15998	2.31214	2.45392	2.57567	2.66910	2.72782	
2.83969	2.81585	2.74595	2.63475	2.48984	2.32108	2.13999	1.95889	1.79013	1.64522	1.53402	1.46412	1.44028	1.46412	1.53402	1.64522	1.79013	1.95889	2.13999	2.32108	2.48984	2.63475	2.74595	2.81585	
2.90381	2.87710	2.79880	2.67423	2.51190	2.32285	2.11999	1.91712	1.72807	1.56574	1.44117	1.36287	1.33616	1.36287	1.44117	1.56574	1.72807	1.91712	2.11999	2.32285	2.51190	2.67423	2.79880	2.87710	
2.94850	2.91959	2.83482	2.69998	2.52424	2.31960	2.09999	1.88037	1.67573	1.49999	1.36515	1.28038	1.25147	1.28038	1.36515	1.49999	1.67573	1.88037	2.09999	2.31960	2.52424	2.69998	2.83482	2.91959	
2.97797	2.94737	2.85766	2.71496	2.52898	2.31240	2.07999	1.84757	1.63099	1.44501	1.30231	1.21260	1.18200	1.21260	1.30231	1.44501	1.63099	1.84757	2.07999	2.31240	2.52898	2.71496	2.85766	2.94737	
2.99464	2.96279	2.86942	2.72089	2.52731	2.30189	2.05999	1.81808	1.59266	1.39909	1.25055	1.15718	1.12533	1.15718	1.25055	1.39909	1.59266	1.81808	2.05999	2.30189	2.52731	2.72089	2.86942	2.96279	
2.99997	2.96726	2.87136	2.71880	2.51998	2.28845	2.03999	1.79152	1.55999	1.36117	1.20861	1.11271	1.08000	1.11271	1.20861	1.36117	1.55999	1.79152	2.03999	2.28845	2.51998	2.71880	2.87136	2.96726	
2.99486	2.96164	2.86425	2.70933	2.50742	2.27230	2.01999	1.76767	1.53255	1.33065	1.17572	1.07833	1.04511	1.07833	1.17572	1.33065	1.53255	1.76767	2.01999	2.27230	2.50742	2.70933	2.86425	2.96164	
2.97977	2.94638	2.84850	2.69280	2.48988	2.25357	1.99999	1.74640	1.51010	1.30718	1.15147	1.05359	1.02020	1.05359	1.15147	1.30718	1.51010	1.74640	1.99999	2.25357	2.48988	2.69280	2.84850	2.94638	
2.95486	2.92164	2.82425	2.66933	2.46742	2.23230	1.97999	1.72767	1.49255	1.29065	1.13572	1.03833	1.00512	1.03833	1.13572	1.29065	1.49255	1.72767	1.97999	2.23230	2.46742	2.66933	2.82425	2.92164	
2.91997	2.88726	2.79136	2.63880	2.43998	2.20845	1.95999	1.71152	1.47999	1.28117	1.12861	1.03271	1.00000	1.03271	1.12861	1.28117	1.47999	1.71152	1.95999	2.20845	2.43998	2.63880	2.79136	2.88726	
2.87464	2.84279	2.74942	2.60089	2.40731	2.18189	1.93999	1.69808	1.47266	1.27909	1.13055	1.03718	1.00533	1.03718	1.13055	1.27909	1.47266	1.69808	1.93999	2.18189	2.40731	2.60089	2.74942	2.84279	
2.81797	2.78738	2.69767	2.55496	2.36898	2.15240	1.91999	1.68757	1.47099	1.28502	1.14231	1.05260	1.02200	1.05260	1.14231	1.28502	1.47099	1.68757	1.91999	2.15240	2.36898	2.55496	2.69767	2.78738	
2.74851	2.71959	2.63483	2.49998	2.32425	2.11960	1.89999	1.68038	1.47573	1.30000	1.16515	1.08038	1.05147	1.08038	1.16515	1.30000	1.47573	1.68038	1.89999	2.11960	2.32425	2.49998	2.63483	2.71959	
2.66381	2.63711	2.55880	2.43424	2.27190	2.08286	1.87999	1.67712	1.48808	1.32574	1.20117	1.12287	1.09616	1.12287	1.20117	1.32574	1.48808	1.67712	1.87999	2.08286	2.27190	2.43424	2.55880	2.63711	
2.55969	2.53585	2.46595	2.35475	2.20984	2.04109	1.85999	1.67889	1.51014	1.36522	1.25403	1.18413	1.16028	1.18413	1.25403	1.36522	1.51014	1.67889	1.85999	2.04109	2.20984	2.35475	2.46595	2.53585	
2.42786	2.40783	2.34910	2.25568	2.13392	1.99214	1.83999	1.68784	1.54605	1.42430	1.33088	1.27215	1.25212	1.27215	1.33088	1.42430	1.54605	1.68784	1.83999	1.99214	2.13392	2.25568	2.34910	2.40783	
2.24707	2.23251	2.18985	2.12198	2.03353	1.93053	1.81999	1.70945	1.60645	1.51800	1.45013	1.40746	1.39291	1.40746	1.45013	1.51800	1.60645	1.70945	1.81999	1.93053	2.03353	2.12198	2.18985	2.23251	
1.79999	1.79999	1.79999	1.79999	1.79999	1.79999	1.79999	1.79999	1.79999	1.79999	1.79999	1.79999	1.79999	1.79999	1.79999	1.79999	1.79999	1.79999	1.79999	1.79999	1.79999	1.79999	1.79999	1.79999	
1.59999	1.59999	1.59999	1.59999	1.59999	1.59999	1.59999	1.59999	1.59999	1.59999	1.59999	1.59999	1.59999	1.59999	1.59999	1.59999	1.59999	1.59999	1.59999	1.59999	1.59999	1.59999	1.59999	1.59999	
2.02369	2.00891	1.96559	1.89666	1.80684	1.70224	1.58999	1.47774	1.37314	1.28332	1.21440	1.17107	1.15629	1.17107	1.21440	1.28332	1.37314	1.47774	1.58999	1.70224	1.80684	1.89666	1.96559	2.00891	
2.17698	2.15664	2.09700	2.00212	1.87848	1.73450	1.57999	1.42548	1.28150	1.15786	1.06299	1.00335	0.98301	1.00335	1.06299	1.15786	1.28150	1.42548	1.57999	1.73450	1.87848	2.00212	2.09700	2.15664	
2.28055	2.25633	2.18535	2.07243	1.92527	1.75390	1.56999	1.38609	1.21472	1.06756	0.95463	0.88365	0.85944	0.88365	0.95463	1.06756	1.21472	1.38609	1.56999	1.75390	1.92527	2.07243	2.18535	2.25633	
2.35597	2.32885	2.24933	2.12284	1.95798	1.76601	1.55999	1.35398	1.16200	0.99715	0.87065	0.79114	0.76401	0.79114	0.87065	0.99715	1.16200	1.35398	1.55999	1.76601	1.95798	2.12284	2.24933	2.32885	
2.41167	2.38231	2.29622	2.15929	1.98083	1.77301	1.54999	1.32698	1.11916	0.94070	0.80376	0.71768	0.68832	0.71768	0.80376	0.94070	1.11916	1.32698	1.54999	1.77301	1.98083	2.15929	2.29622	2.38231	
2.45190	2.42083	2.32973	2.18481	1.99595	1.77601	1.53999	1.30397	1.08404	0.89518	0.75026	0.65916	0.62808	0.65916	0.75026	0.89518	1.08404	1.30397	1.53999	1.77601	1.99595	2.18481	2.32973	2.42083	
2.47914	2.44680	2.35198	2.20114	2.00457	1.77565	1.52999	1.28434	1.05542	0.85885	0.70801	0.61319	0.58085	0.61319	0.70801	0.85885	1.05542	1.28434	1.52999	1.77565	2.00457	2.20114	2.35198	2.44680	
2.49487	2.46165	2.36426	2.20933	2.00743	1.77231	1.51999	1.26768	1.03256	0.83065	0.67573	0.57834	0.54512	0.57834	0.67573	0.83065	1.03256	1.26768	1.51999	1.77231	2.00743	2.20933	2.36426	2.46165	
2.49998	2.46625	2.36735	2.21002	2.00499	1.76622	1.50999	1.25377	1.01500	0.80997	0.65264	0.55374	0.52001	0.55374	0.65264	0.80997	1.01500	1.25377	1.50999	1.76622	2.00499	2.21002	2.36735	2.46625	
2.49497	2.46106	2.36167	2.20355	1.99748	1.75751	1.49999	1.24248	1.00251	0.79644	0.63832	0.53892	0.50502	0.53892	0.63832	0.79644	1.00251	1.24248	1.49999	1.75751	1.99748	2.20355	2.36167	2.46106	
2.47998	2.44625	2.34735	2.19002	1.98499	1.74622	1.48999	1.23377	0.99500	0.78997	0.63264	0.53374	0.50001	0.53374	0.63264	0.78997	0.99500	1.23377	1.48999	1.74622	1.98499	2.19002	2.34735	2.44625	
2.45487	2.42165	2.32426	2.16933	1.96743	1.73231	1.47999	1.22768	0.99256	0.79066	0.63573	0.53834	0.50512	0.53834	0.63573	0.79066	0.99256	1.22768	1.47999	1.73231	1.96743	2.16933	2.32426	2.42165	
2.41914	2.38680	2.29198	2.14114	1.94457	1.71565	1.46999	1.22434	0.99542	0.79885	0.64801	0.55319	0.52085	0.55319	0.64801	0.79885	0.99542	1.22434	1.46999	1.71565	1.94457	2.14114	2.29198	2.38680	
2.37190	2.34083	2.24973	2.10481	1.91595	1.69601	1.45999	1.22397	1.00404	0.81518	0.67026	0.57916	0.54808	0.57916	0.67026	0.81518	1.00404	1.22397	1.45999	1.69601	1.91595	2.10481	2.24973	2.34083	
2.31167	2.28231	2.19622	2.05929	1.88083	1.67301	1.44999	1.22698	1.01916	0.84070	0.70376	0.61768	0.58832	0.61768	0.70376	0.84070	1.01916	1.22698	1.44999	1.67301	1.88083	2.05929	2.19622	2.28231	
2.23597	2.20885	2.12933	2.00284	1.83798	1.64601	1.43999	1.23398	1.04200	0.87715	0.75066	0.67114	0.64401	0.67114	0.75066	0.87715	1.04200	1.23398	1.43999	1.64601	1.83798	2.00284	2.12933	2.20885	
2.14055	2.11634	2.04535	1.93243	1.78527	1.61390	1.42999	1.24609	1.07472	0.92756	0.81464	0.74365	0.71944	0.74365	0.81464	0.92756	1.07472	1.24609	1.42999	1.61390	1.78527	1.93243	2.04535	2.11634	
2.01698	1.99664	1.93700	1.84213	1.71849	1.57451	1.41999	1.26548	1.12150	0.99786	0.90299	0.84335	0.82301	0.84335	0.90299	0.99786	1.12150	1.26548	1.41999	1.57451	1.71849	1.84213	1.93700	1.99664	
1.84369	1.82892	1.78559	1.71667	1.62684	1.52224	1.40999	1.29775	1.19314	1.10332	1.03440	0.99107	0.97630	0.99107	1.03440	1.10332	1.19314	1.29775	1.40999	1.52224	1.62684	1.71667	1.78559	1.82892	
1.39999	1.39999	1.39999	1.39999	1.39999	1.39999	1.39999	1.39999	1.39999	1.39999	1.39999	1.39999	1.39999	1.39999	1.39999	1.39999	1.39999	1.39999	1.39999	1.39999	1.39999	1.39999	1.39999	1.39999	
1.00000	1.00000	1.00000	1.00000	1.00000	1.00000	1.00000	1.00000	1.00000	1.00000	1.00000	1.00000	1.00000	1.00000	1.00000	1.00000	1.00000	1.00000	1.00000	1.00000	1.00000	1.00000	1.00000	1.00000	
1.43588	1.42103	1.37749	1.30822	1.21794	1.11282	1.00000	0.88718	0.78206	0.69178	0.62251	0.57897	0.56412	0.57897	0.62251	0.69178	0.78206	0.88718	1.00000	1.11282	1.21794	1.30822	1.37749	1.42103	
1.59999	1.57955	1.51961	1.42426	1.30000	1.15529	1.00000	0.84471	0.70000	0.57574	0.48039	0.42045	0.40001	0.42045	0.48039	0.57574	0.70000	0.84471	1.00000	1.15529	1.30000	1.42426	1.51961	1.57955	
1.71413	1.68980	1.61846	1.50497	1.35707	1.18483	1.00000	0.81517	0.64293	0.49503	0.38154	0.31020	0.28587	0.31020	0.38154	0.49503	0.64293	0.81517	1.00000	1.18483	1.35707	1.50497	1.61846	1.68980	
1.79999	1.77273	1.69281	1.56568	1.39999	1.20705	1.00000	0.79295	0.60001	0.43432	0.30719	0.22727	0.20001	0.22727	0.30719	0.43432	0.60001	0.79295	1.00000	1.20705	1.39999	1.56568	1.69281	1.77273	
1.86601	1.83651	1.74999	1.61236	1.43301	1.22414	1.00000	0.77586	0.56699	0.38764	0.25001	0.16349	0.13399	0.16349	0.25001	0.38764	0.56699	0.77586	1.00000	1.22414	1.43301	1.61236	1.74999	1.83651	
1.91650	1.88527	1.79372	1.64807	1.45825	1.23721	1.00000	0.76279	0.54175	0.35193	0.20628	0.11473	0.08350	0.11473	0.20628	0.35193	0.54175	0.76279	1.00000	1.23721	1.45825	1.64807	1.79372	1.88527	
1.95393	1.92142	1.82612	1.67453	1.47696	1.24689	1.00000	0.75311	0.52304	0.32547	0.17388	0.07858	0.04607	0.07858	0.17388	0.32547	0.52304	0.75311	1.00000	1.24689	1.47696	1.67453	1.82612	1.92142	
1.97978	1.94640	1.84852	1.69281	1.48989	1.25359	1.00000	0.74641	0.51011	0.30719	0.15148	0.05360	0.02022	0.05360	0.15148	0.30719	0.51011	0.74641	1.00000	1.25359	1.48989	1.69281	1.84852	1.94640	
1.99497	1.96107	1.86167	1.70355	1.49749	1.25752	1.00000	0.74248	0.50251	0.29645	0.13833	0.03893	0.00503	0.03893	0.13833	0.29645	0.50251	0.74248	1.00000	1.25752	1.49749	1.70355	1.86167	1.96107	
1.99999	1.96591	1.86601	1.70710	1.49999	1.25882	1.00000	0.74118	0.50001	0.29290	0.13399	0.03409	0.00001	0.03409	0.13399	0.29290	0.50001	0.74118	1.00000	1.25882	1.49999	1.70710	1.86601	1.96591	
1.99497	1.96107	1.86167	1.70355	1.49749	1.25752	1.00000	0.74248	0.50251	0.29645	0.13833	0.03893	0.00503	0.03893	0.13833	0.29645	0.50251	0.74248	1.00000	1.25752	1.49749	1.70355	1.86167	1.96107	
1.97978	1.94640	1.84852	1.69281	1.48989	1.25359	1.00000	0.74641	0.51011	0.30719	0.15148	0.05360	0.02022	0.05360	0.15148	0.30719	0.51011	0.74641	1.00000	1.25359	1.48989	1.69281	1.84852	1.94640	
1.95393	1.92142	1.82612	1.67453	1.47696	1.24689	1.00000	0.75311	0.52304	0.32547	0.17388	0.07858	0.04607	0.07858	0.17388	0.32547	0.52304	0.75311	1.00000	1.24689	1.47696	1.67453	1.82612	1.92142	
1.91650	1.88527	1.79372	1.64807	1.45825	1.23721	1.00000	0.76279	0.54175	0.35193	0.20628	0.11473	0.08350	0.11473	0.20628	0.35193	0.54175	0.76279	1.00000	1.23721	1.45825	1.64807	1.79372	1.88527	
1.86601	1.83651	1.74999	1.61236	1.43301	1.22414	1.00000	0.77586	0.56699	0.38764	0.25001	0.16349	0.13399	0.16349	0.25001	0.38764	0.56699	0.77586	1.00000	1.22414	1.43301	1.61236	1.74999	1.83651	
1.79999	1.77273	1.69281	1.56568	1.39999	1.20705	1.00000	0.79295	0.60001	0.43432	0.30719	0.22727	0.20001	0.22727	0.30719	0.43432	0.60001	0.79295	1.00000	1.20705	1.39999	1.56568	1.69281	1.77273	
1.71413	1.68980	1.61846	1.50497	1.35707	1.18483	1.00000	0.81517	0.64293	0.49503	0.38154	0.31020	0.28587	0.31020	0.38154	0.49503	0.64293	0.81517	1.00000	1.18483	1.35707	1.50497	1.61846	1.68980	
1.59999	1.57955	1.51961	1.42426	1.30000	1.15529	1.00000	0.84471	0.70000	0.57574	0.48039	0.42045	0.40001	0.42045	0.48039	0.57574	0.70000	0.84471	1.00000	1.15529	1.30000	1.42426	1.51961	1.57955	
1.43588	1.42103	1.37749	1.30822	1.21794	1.11282	1.00000	0.88718	0.78206	0.69178	0.62251	0.57897	0.56412	0.57897	0.62251	0.69178	0.78206	0.88718	1.00000	1.11282	1.21794	1.30822	1.37749	1.42103	
1.00000	1.00000	1.00000	1.00000	1.00000	1.00000	1.00000	1.00000	1.00000	1.00000	1.00000	1.00000	1.00000	1.00000	1.00000	1.00000	1.00000	1.00000	1.00000	1.00000	1.00000	1.00000	1.00000	1.00000	
0.40001	0.40001	0.40001	0.40001	0.40001	0.40001	0.40001	0.40001	0.40001	0.40001	0.40001	0.40001	0.40001	0.40001	0.40001	0.40001	0.40001	0.40001	0.40001	0.40001	0.40001	0.40001	0.40001	0.40001	
0.84371	0.82893	0.78560	0.71668	0.62686	0.52226	0.41001	0.29776	0.19316	0.10334	0.03441	-0.00891	-0.02369	-0.00891	0.03441	0.10334	0.19316	0.29776	0.41001	0.52226	0.62686	0.71668	0.78560	0.82893	
1.01699	0.99665	0.93701	0.84214	0.71850	0.57452	0.42001	0.26550	0.12152	-0.00212	-0.09700	-0.15664	-0.17698	-0.15664	-0.09700	-0.00212	0.12152	0.26550	0.42001	0.57452	0.71850	0.84214	0.93701	0.99665	
1.14056	1.11635	1.04537	0.93244	0.78528	0.61391	0.43001	0.24610	0.07473	-0.07243	-0.18535	-0.25633	-0.28055	-0.25633	-0.18535	-0.07243	0.07473	0.24610	0.43001	0.61391	0.78528	0.93244	1.04537	1.11635	
1.23599	1.20886	1.12935	1.00285	0.83800	0.64602	0.44001	0.23399	0.04202	-0.12284	-0.24933	-0.32885	-0.35597	-0.32885	-0.24933	-0.12284	0.04202	0.23399	0.44001	0.64602	0.83800	1.00285	1.12935	1.20886	
1.31168	1.28232	1.19624	1.05930	0.88084	0.67302	0.45001	0.22699	0.01917	-0.15929	-0.29622	-0.38231	-0.41167	-0.38231	-0.29622	-0.15929	0.01917	0.22699	0.45001	0.67302	0.88084	1.05930	1.19624	1.28232	
1.37192	1.34084	1.24974	1.10482	0.91596	0.69603	0.46001	0.22399	0.00405	-0.18481	-0.32973	-0.42083	-0.45190	-0.42083	-0.32973	-0.18481	0.00405	0.22399	0.46001	0.69603	0.91596	1.10482	1.24974	1.34084	
1.41915	1.38681	1.29199	1.14115	0.94458	0.71566	0.47001	0.22435	-0.00457	-0.20114	-0.35198	-0.44680	-0.47914	-0.44680	-0.35198	-0.20114	-0.00457	0.22435	0.47001	0.71566	0.94458	1.14115	1.29199	1.38681	
1.45488	1.42166	1.32427	1.16935	0.96744	0.73232	0.48001	0.22769	-0.00743	-0.20933	-0.36426	-0.46165	-0.49487	-0.46165	-0.36426	-0.20933	-0.00743	0.22769	0.48001	0.73232	0.96744	1.16935	1.32427	1.42166	
1.47999	1.44626	1.34736	1.19003	0.98500	0.74623	0.49001	0.23378	-0.00499	-0.21002	-0.36735	-0.46625	-0.49998	-0.46625	-0.36735	-0.21002	-0.00499	0.23378	0.49001	0.74623	0.98500	1.19003	1.34736	1.44626	
1.49498	1.46108	1.36168	1.20356	0.99749	0.75752	0.50001	0.24249	0.00252	-0.20355	-0.36167	-0.46106	-0.49497	-0.46106	-0.36167	-0.20355	0.00252	0.24249	0.50001	0.75752	0.99749	1.20356	1.36168	1.46108	
1.49999	1.46626	1.36736	1.21003	1.00500	0.76623	0.51001	0.25378	0.01501	-0.19002	-0.34735	-0.44625	-0.47998	-0.44625	-0.34735	-0.19002	0.01501	0.25378	0.51001	0.76623	1.00500	1.21003	1.36736	1.46626	
1.49488	1.46166	1.36427	1.20934	1.00744	0.77232	0.52001	0.26769	0.03257	-0.16933	-0.32426	-0.42165	-0.45487	-0.42165	-0.32426	-0.16933	0.03257	0.26769	0.52001	0.77232	1.00744	1.20934	1.36427	1.46166	
1.47915	1.44681	1.35199	1.20115	1.00458	0.77566	0.53001	0.28435	0.05543	-0.14114	-0.29198	-0.38680	-0.41914	-0.38680	-0.29198	-0.14114	0.05543	0.28435	0.53001	0.77566	1.00458	1.20115	1.35199	1.44681	
1.45192	1.42084	1.32974	1.18482	0.99596	0.77603	0.54001	0.30399	0.08405	-0.10481	-0.24973	-0.34083	-0.37190	-0.34083	-0.24973	-0.10481	0.08405	0.30399	0.54001	0.77603	0.99596	1.18482	1.32974	1.42084	
1.41168	1.38232	1.29624	1.15930	0.98084	0.77302	0.55001	0.32699	0.11917	-0.05929	-0.19622	-0.28231	-0.31167	-0.28231	-0.19622	-0.05929	0.11917	0.32699	0.55001	0.77302	0.98084	1.15930	1.29624	1.38232	
1.35599	1.32886	1.24934	1.12285	0.95800	0.76602	0.56001	0.35399	0.16202	-0.00284	-0.12933	-0.20885	-0.23597	-0.20885	-0.12933	-0.00284	0.16202	0.35399	0.56001	0.76602	0.95800	1.12285	1.24934	1.32886	
1.28056	1.25635	1.18536	1.07244	0.92528	0.75391	0.57001	0.38610	0.21473	0.06757	-0.04535	-0.11634	-0.14055	-0.11634	-0.04535	0.06757	0.21473	0.38610	0.57001	0.75391	0.92528	1.07244	1.18536	1.25635	
1.17699	1.15665	1.09701	1.00214	0.87850	0.73452	0.58001	0.42549	0.28151	0.15787	0.06300	0.00336	-0.01698	0.00336	0.06300	0.15787	0.28151	0.42549	0.58001	0.73452	0.87850	1.00214	1.09701	1.15665	
1.02370	1.00893	0.96560	0.89668	0.80686	0.70225	0.59001	0.47776	0.37316	0.28333	0.21441	0.17108	0.15631	0.17108	0.21441	0.28333	0.37316	0.47776	0.59001	0.70225	0.80686	0.89668	0.96560	1.00893	
0.60001	0.60001	0.60001	0.60001	0.60001	0.60001	0.60001	0.60001	0.60001	0.60001	0.60001	0.60001	0.60001	0.60001	0.60001	0.60001	0.60001	0.60001	0.60001	0.60001	0.60001	0.60001	0.60001	0.60001	
-0.19998	-0.19998	-0.19998	-0.19998	-0.19998	-0.19998	-0.19998	-0.19998	-0.19998	-0.19998	-0.19998	-0.19998	-0.19998	-0.19998	-0.19998	-0.19998	-0.19998	-0.19998	-0.19998	-0.19998	-0.19998	-0.19998	-0.19998	-0.19998	
0.24709	0.23254	0.18988	0.12200	0.03355	-0.06945	-0.17998	-0.29052	-0.39352	-0.48197	-0.54984	-0.59251	-0.60706	-0.59251	-0.54984	-0.48197	-0.39352	-0.29052	-0.17998	-0.06945	0.03355	0.12200	0.18988	0.23254	
0.42789	0.40785	0.34913	0.25570	0.13395	-0.00783	-0.15998	-0.31214	-0.45392	-0.57567	-0.66910	-0.72782	-0.74785	-0.72782	-0.66910	-0.57567	-0.45392	-0.31214	-0.15998	-0.00783	0.13395	0.25570	0.34913	0.40785	
0.55972	0.53588	0.46598	0.35478	0.20987	0.04111	-0.13999	-0.32108	-0.48984	-0.63475	-0.74595	-0.81585	-0.83969	-0.81585	-0.74595	-0.63475	-0.48984	-0.32108	-0.13999	0.04111	0.20987	0.35478	0.46598	0.53588	
0.66384	0.63713	0.55883	0.43426	0.27193	0.08288	-0.11999	-0.32285	-0.51190	-0.67423	-0.79880	-0.87710	-0.90381	-0.87710	-0.79880	-0.67423	-0.51190	-0.32285	-0.11999	0.08288	0.27193	0.43426	0.55883	0.63713	
0.74853	0.71962	0.63485	0.50001	0.32427	0.11963	-0.09999	-0.31960	-0.52424	-0.69998	-0.83482	-0.91959	-0.94850	-0.91959	-0.83482	-0.69998	-0.52424	-0.31960	-0.09999	0.11963	0.32427	0.50001	0.63485	0.71962	
0.81800	0.78740	0.69769	0.55499	0.36901	0.15243	-0.07999	-0.31240	-0.52898	-0.71496	-0.85766	-0.94737	-0.97797	-0.94737	-0.85766	-0.71496	-0.52898	-0.31240	-0.07999	0.15243	0.36901	0.55499	0.69769	0.78740	
0.87467	0.84282	0.74945	0.60091	0.40734	0.18192	-0.05999	-0.30189	-0.52731	-0.72089	-0.86942	-0.96279	-0.99464	-0.96279	-0.86942	-0.72089	-0.52731	-0.30189	-0.05999	0.18192	0.40734	0.60091	0.74945	0.84282	
0.92000	0.88729	0.79139	0.63883	0.44001	0.20848	-0.03999	-0.28845	-0.51998	-0.71880	-0.87136	-0.96726	-0.99997	-0.96726	-0.87136	-0.71880	-0.51998	-0.28845	-0.03999	0.20848	0.44001	0.63883	0.79139	0.88729	
0.95489	0.92167	0.82428	0.66935	0.46745	0.23233	-0.01999	-0.27230	-0.50742	-0.70933	-0.86425	-0.96164	-0.99486	-0.96164	-0.86425	-0.70933	-0.50742	-0.27230	-0.01999	0.23233	0.46745	0.66935	0.82428	0.92167	
0.97980	0.94641	0.84853	0.69282	0.48990	0.25360	0.00001	-0.25357	-0.48988	-0.69280	-0.84850	-0.94638	-0.97977	-0.94638	-0.84850	-0.69280	-0.48988	-0.25357	0.00001	0.25360	0.48990	0.69282	0.84853	0.94641	
0.99488	0.96167	0.86428	0.70935	0.50745	0.27233	0.02001	-0.23230	-0.46742	-0.66933	-0.82425	-0.92164	-0.95486	-0.92164	-0.82425	-0.66933	-0.46742	-0.23230	0.02001	0.27233	0.50745	0.70935	0.86428	0.96167	
1.00000	0.96729	0.87139	0.71883	0.52001	0.28848	0.04001	-0.20845	-0.43998	-0.63880	-0.79136	-0.88726	-0.91997	-0.88726	-0.79136	-0.63880	-0.43998	-0.20845	0.04001	0.28848	0.52001	0.71883	0.87139	0.96729	
0.99467	0.96282	0.86945	0.72091	0.52734	0.30192	0.06001	-0.18189	-0.40731	-0.60089	-0.74942	-0.84279	-0.87464	-0.84279	-0.74942	-0.60089	-0.40731	-0.18189	0.06001	0.30192	0.52734	0.72091	0.86945	0.96282	
0.97800	0.94740	0.85769	0.71498	0.52901	0.31243	0.08001	-0.15240	-0.36898	-0.55496	-0.69767	-0.78738	-0.81797	-0.78738	-0.69767	-0.55496	-0.36898	-0.15240	0.08001	0.31243	0.52901	0.71498	0.85769	0.94740	
0.94853	0.91962	0.83485	0.70000	0.52427	0.31962	0.10001	-0.11960	-0.32425	-0.49998	-0.63483	-0.71959	-0.74851	-0.71959	-0.63483	-0.49998	-0.32425	-0.11960	0.10001	0.31962	0.52427	0.70000	0.83485	0.91962	
0.90384	0.87713	0.79883	0.67426	0.51192	0.32288	0.12001	-0.08286	-0.27190	-0.43424	-0.55880	-0.63711	-0.66381	-0.63711	-0.55880	-0.43424	-0.27190	-0.08286	0.12001	0.32288	0.51192	0.67426	0.79883	0.87713	
0.83972	0.81587	0.74597	0.63478	0.48986	0.32111	0.14001	-0.04109	-0.20984	-0.35475	-0.46595	-0.53585	-0.55969	-0.53585	-0.46595	-0.35475	-0.20984	-0.04109	0.14001	0.32111	0.48986	0.63478	0.74597	0.81587	
0.74788	0.72785	0.66912	0.57570	0.45395	0.31216	0.16001	0.00786	-0.13392	-0.25568	-0.34910	-0.40783	-0.42786	-0.40783	-0.34910	-0.25568	-0.13392	0.00786	0.16001	0.31216	0.45395	0.57570	0.66912	0.72785	
0.60709	0.59254	0.54987	0.48200	0.39355	0.29055	0.18001	0.06947	-0.03353	-0.12198	-0.18985	-0.23251	-0.24707	-0.23251	-0.18985	-0.12198	-0.03353	0.06947	0.18001	0.29055	0.39355	0.48200	0.54987	0.59254	
0.20001	0.20001	0.20001	0.20001	0.20001	0.20001	0.20001	0.20001	0.20001	0.20001	0.20001	0.20001	0.20001	0.20001	0.20001	0.20001	0.20001	0.20001	0.20001	0.20001	0.20001	0.20001	0.20001	0.20001	
-0.79998	-0.79998	-0.79998	-0.79998	-0.79998	-0.79998	-0.79998	-0.79998	-0.79998	-0.79998	-0.79998	-0.79998	-0.79998	-0.79998	-0.79998	-0.79998	-0.79998	-0.79998	-0.79998	-0.79998	-0.79998	-0.79998	-0.79998	-0.79998	
-0.35417	-0.36834	-0.40988	-0.47596	-0.56207	-0.66236	-0.76998	-0.87760	-0.97788	-1.06400	-1.13008	-1.17162	-1.18578	-1.17162	-1.13008	-1.06400	-0.97788	-0.87760	-0.76998	-0.66236	-0.56207	-0.47596	-0.40988	-0.36834	
-0.16762	-0.18712	-0.24430	-0.33526	-0.45380	-0.59184	-0.73998	-0.88811	-1.02616	-1.14469	-1.23565	-1.29283	-1.31233	-1.29283	-1.23565	-1.14469	-1.02616	-0.88811	-0.73998	-0.59184	-0.45380	-0.33526	-0.24430	-0.18712	
-0.02874	-0.05195	-0.12001	-0.22827	-0.36936	-0.53366	-0.70998	-0.88630	-1.05060	-1.19169	-1.29995	-1.36800	-1.39122	-1.36800	-1.29995	-1.19169	-1.05060	-0.88630	-0.70998	-0.53366	-0.36936	-0.22827	-0.12001	-0.05195	
0.08316	0.05716	-0.01908	-0.14036	-0.29841	-0.48246	-0.67998	-0.87749	-1.06155	-1.21960	-1.34088	-1.41712	-1.44312	-1.41712	-1.34088	-1.21960	-1.06155	-0.87749	-0.67998	-0.48246	-0.29841	-0.14036	-0.01908	0.05716	
0.17615	0.14800	0.06547	-0.06582	-0.23692	-0.43616	-0.64998	-0.86380	-1.06304	-1.23414	-1.36542	-1.44795	-1.47610	-1.44795	-1.36542	-1.23414	-1.06304	-0.86380	-0.64998	-0.43616	-0.23692	-0.06582	0.06547	0.14800	
0.25431	0.22452	0.13718	-0.00176	-0.18283	-0.39370	-0.61998	-0.84626	-1.05712	-1.23819	-1.37713	-1.46448	-1.49427	-1.46448	-1.37713	-1.23819	-1.05712	-0.84626	-0.61998	-0.39370	-0.18283	-0.00176	0.13718	0.22452	
0.32001	0.28900	0.19809	0.05348	-0.13499	-0.35446	-0.58998	-0.82550	-1.04497	-1.23344	-1.37805	-1.46896	-1.49997	-1.46896	-1.37805	-1.23344	-1.04497	-0.82550	-0.58998	-0.35446	-0.13499	0.05348	0.19809	0.28900	
0.37467	0.34283	0.24945	0.10092	-0.09265	-0.31807	-0.55998	-0.80189	-1.02731	-1.22088	-1.36941	-1.46279	-1.49463	-1.46279	-1.36941	-1.22088	-1.02731	-0.80189	-0.55998	-0.31807	-0.09265	0.10092	0.24945	0.34283	
0.41917	0.38682	0.29200	0.14117	-0.05541	-0.28432	-0.52998	-0.77564	-1.00455	-1.20113	-1.35196	-1.44678	-1.47913	-1.44678	-1.35196	-1.20113	-1.00455	-0.77564	-0.52998	-0.28432	-0.05541	0.14117	0.29200	0.38682	
0.45395	0.42144	0.32614	0.17455	-0.02302	-0.25309	-0.49998	-0.74687	-0.97694	-1.17451	-1.32611	-1.42140	-1.45391	-1.42140	-1.32611	-1.17451	-0.97694	-0.74687	-0.49998	-0.25309	-0.02302	0.17455	0.32614	0.42144	
0.47916	0.44682	0.35200	0.20117	0.00459	-0.22432	-0.46998	-0.71564	-0.94455	-1.14113	-1.29196	-1.38678	-1.41913	-1.38678	-1.29196	-1.14113	-0.94455	-0.71564	-0.46998	-0.22432	0.00459	0.20117	0.35200	0.44682	
0.49467	0.46282	0.36945	0.22092	0.02735	-0.19808	-0.43998	-0.68189	-0.90731	-1.10088	-1.24941	-1.34279	-1.37463	-1.34279	-1.24941	-1.10088	-0.90731	-0.68189	-0.43998	-0.19808	0.02735	0.22092	0.36945	0.46282	
0.50001	0.46900	0.37809	0.23348	0.04501	-0.17446	-0.40998	-0.64550	-0.86498	-1.05344	-1.19805	-1.28896	-1.31997	-1.28896	-1.19805	-1.05344	-0.86498	-0.64550	-0.40998	-0.17446	0.04501	0.23348	0.37809	0.46900	
0.49431	0.46452	0.37717	0.23823	0.05716	-0.15370	-0.37998	-0.60626	-0.81713	-0.99820	-1.13714	-1.22448	-1.25427	-1.22448	-1.13714	-0.99820	-0.81713	-0.60626	-0.37998	-0.15370	0.05716	0.23823	0.37717	0.46452	
0.47614	0.44799	0.36546	0.23418	0.06308	-0.13617	-0.34998	-0.56380	-0.76304	-0.93414	-1.06543	-1.14796	-1.17611	-1.14796	-1.06543	-0.93414	-0.76304	-0.56380	-0.34998	-0.13617	0.06308	0.23418	0.36546	0.44799	
0.44316	0.41716	0.34092	0.21964	0.06159	-0.12247	-0.31998	-0.51750	-0.70155	-0.85961	-0.98088	-1.05712	-1.08312	-1.05712	-0.98088	-0.85961	-0.70155	-0.51750	-0.31998	-0.12247	0.06159	0.21964	0.34092	0.41716	
0.39126	0.36804	0.29999	0.19173	0.05064	-0.11367	-0.28998	-0.46630	-0.63060	-0.77169	-0.87995	-0.94801	-0.97122	-0.94801	-0.87995	-0.77169	-0.63060	-0.46630	-0.28998	-0.11367	0.05064	0.19173	0.29999	0.36804	
0.31237	0.29287	0.23569	0.14473	0.02619	-0.11185	-0.25998	-0.40812	-0.54616	-0.66470	-0.75566	-0.81284	-0.83234	-0.81284	-0.75566	-0.66470	-0.54616	-0.40812	-0.25998	-0.11185	0.02619	0.14473	0.23569	0.29287	
0.18582	0.17165	0.13012	0.06404	-0.02208	-0.12237	-0.22998	-0.33760	-0.43789	-0.52400	-0.59008	-0.63162	-0.64579	-0.63162	-0.59008	-0.52400	-0.43789	-0.33760	-0.22998	-0.12237	-0.02208	0.06404	0.13012	0.17165	
-0.19998	-0.19998	-0.19998	-0.19998	-0.19998	-0.19998	-0.19998	-0.19998	-0.19998	-0.19998	-0.19998	-0.19998	-0.19998	-0.19998	-0.19998	-0.19998	-0.19998	-0.19998	-0.19998	-0.19998	-0.19998	-0.19998	-0.19998	-0.19998	
-1.39997	-1.39997	-1.39997	-1.39997	-1.39997	-1.39997	-1.39997	-1.39997	-1.39997	-1.39997	-1.39997	-1.39997	-1.39997	-1.39997	-1.39997	-1.39997	-1.39997	-1.39997	-1.39997	-1.39997	-1.39997	-1.39997	-1.39997	-1.39997	
-0.96047	-0.97409	-1.01400	-1.07748	-1.16022	-1.25657	-1.35997	-1.46337	-1.55972	-1.64245	-1.70594	-1.74585	-1.75946	-1.74585	-1.70594	-1.64245	-1.55972	-1.46337	-1.35997	-1.25657	-1.16022	-1.07748	-1.01400	-0.97409	
-0.77007	-0.78881	-0.84374	-0.93113	-1.04502	-1.17764	-1.31997	-1.46229	-1.59492	-1.70881	-1.79620	-1.85113	-1.86987	-1.85113	-1.79620	-1.70881	-1.59492	-1.46229	-1.31997	-1.17764	-1.04502	-0.93113	-0.84374	-0.78881	
-0.62546	-0.64776	-0.71314	-0.81716	-0.95271	-1.11057	-1.27997	-1.44937	-1.60723	-1.74278	-1.84680	-1.91218	-1.93448	-1.91218	-1.84680	-1.74278	-1.60723	-1.44937	-1.27997	-1.11057	-0.95271	-0.81716	-0.71314	-0.64776	
-0.50677	-0.53175	-0.60500	-0.72152	-0.87337	-1.05020	-1.23997	-1.42974	-1.60657	-1.75842	-1.87494	-1.94819	-1.97317	-1.94819	-1.87494	-1.75842	-1.60657	-1.42974	-1.23997	-1.05020	-0.87337	-0.72152	-0.60500	-0.53175	
-0.40626	-0.43330	-0.51259	-0.63873	-0.80311	-0.99454	-1.19997	-1.40540	-1.59683	-1.76121	-1.88735	-1.96664	-1.99369	-1.96664	-1.88735	-1.76121	-1.59683	-1.40540	-1.19997	-0.99454	-0.80311	-0.63873	-0.51259	-0.43330	
-0.31998	-0.34860	-0.43252	-0.56601	-0.73998	-0.94257	-1.15997	-1.37738	-1.57997	-1.75393	-1.88742	-1.97134	-1.99996	-1.97134	-1.88742	-1.75393	-1.57997	-1.37738	-1.15997	-0.94257	-0.73998	-0.56601	-0.43252	-0.34860	
-0.24568	-0.27547	-0.36282	-0.50176	-0.68283	-0.89369	-1.11997	-1.34625	-1.55712	-1.73819	-1.87713	-1.96447	-1.99426	-1.96447	-1.87713	-1.73819	-1.55712	-1.34625	-1.11997	-0.89369	-0.68283	-0.50176	-0.36282	-0.27547	
-0.18199	-0.21258	-0.30229	-0.44500	-0.63098	-0.84756	-1.07997	-1.31239	-1.52897	-1.71494	-1.85765	-1.94736	-1.97796	-1.94736	-1.85765	-1.71494	-1.52897	-1.31239	-1.07997	-0.84756	-0.63098	-0.44500	-0.30229	-0.21258	
-0.12806	-0.15914	-0.25024	-0.39516	-0.58402	-0.80395	-1.03997	-1.27599	-1.49593	-1.68479	-1.82971	-1.92081	-1.95188	-1.92081	-1.82971	-1.68479	-1.49593	-1.27599	-1.03997	-0.80395	-0.58402	-0.39516	-0.25024	-0.15914	
-0.08347	-0.11470	-0.20626	-0.35191	-0.54172	-0.76277	-0.99997	-1.23718	-1.45823	-1.64804	-1.79369	-1.88525	-1.91648	-1.88525	-1.79369	-1.64804	-1.45823	-1.23718	-0.99997	-0.76277	-0.54172	-0.35191	-0.20626	-0.11470	
-0.04807	-0.07914	-0.17024	-0.31516	-0.50402	-0.72395	-0.95997	-1.19599	-1.41593	-1.60479	-1.74971	-1.84081	-1.87188	-1.84081	-1.74971	-1.60479	-1.41593	-1.19599	-0.95997	-0.72395	-0.50402	-0.31516	-0.17024	-0.07914	
-0.02199	-0.05259	-0.14230	-0.28500	-0.47098	-0.68756	-0.91997	-1.15239	-1.36897	-1.55495	-1.69765	-1.78736	-1.81796	-1.78736	-1.69765	-1.55495	-1.36897	-1.15239	-0.91997	-0.68756	-0.47098	-0.28500	-0.14230	-0.05259	
-0.00569	-0.03548	-0.12282	-0.26176	-0.44283	-0.65369	-0.87998	-1.10626	-1.31712	-1.49819	-1.63713	-1.72447	-1.75426	-1.72447	-1.63713	-1.49819	-1.31712	-1.10626	-0.87998	-0.65369	-0.44283	-0.26176	-0.12282	-0.03548	
0.00001	-0.02861	-0.11252	-0.24601	-0.41998	-0.62257	-0.83998	-1.05738	-1.25997	-1.43394	-1.56743	-1.65134	-1.67997	-1.65134	-1.56743	-1.43394	-1.25997	-1.05738	-0.83998	-0.62257	-0.41998	-0.24601	-0.11252	-0.02861	
-0.00626	-0.03331	-0.11260	-0.23874	-0.40312	-0.59455	-0.79998	-1.00541	-1.19683	-1.36122	-1.48735	-1.56665	-1.59369	-1.56665	-1.48735	-1.36122	-1.19683	-1.00541	-0.79998	-0.59455	-0.40312	-0.23874	-0.11260	-0.03331	
-0.02677	-0.05176	-0.12500	-0.24152	-0.39338	-0.57021	-0.75998	-0.94974	-1.12658	-1.27843	-1.39495	-1.46820	-1.49318	-1.46820	-1.39495	-1.27843	-1.12658	-0.94974	-0.75998	-0.57021	-0.39338	-0.24152	-0.12500	-0.05176	
-0.06546	-0.08777	-0.15315	-0.25717	-0.39272	-0.55058	-0.71998	-0.88938	-1.04723	-1.18279	-1.28680	-1.35219	-1.37449	-1.35219	-1.28680	-1.18279	-1.04723	-0.88938	-0.71998	-0.55058	-0.39272	-0.25717	-0.15315	-0.08777	
-0.13008	-0.14881	-0.20375	-0.29114	-0.40503	-0.53765	-0.67998	-0.82230	-0.95493	-1.06882	-1.15621	-1.21114	-1.22988	-1.21114	-1.15621	-1.06882	-0.95493	-0.82230	-0.67998	-0.53765	-0.40503	-0.29114	-0.20375	-0.14881	
-0.24048	-0.25410	-0.29401	-0.35749	-0.44023	-0.53658	-0.63998	-0.74338	-0.83973	-0.92246	-0.98595	-1.02586	-1.03947	-1.02586	-0.98595	-0.92246	-0.83973	-0.74338	-0.63998	-0.53658	-0.44023	-0.35749	-0.29401	-0.25410	
-0.59998	-0.59998	-0.59998	-0.59998	-0.59998	-0.59998	-0.59998	-0.59998	-0.59998	-0.59998	-0.59998	-0.59998	-0.59998	-0.59998	-0.59998	-0.59998	-0.59998	-0.59998	-0.59998	-0.59998	-0.59998	-0.59998	-0.59998	-0.59998	
-1.99996	-1.99996	-1.99996	-1.99996	-1.99996	-1.99996	-1.99996	-1.99996	-1.99996	-1.99996	-1.99996	-1.99996	-1.99996	-1.99996	-1.99996	-1.99996	-1.99996	-1.99996	-1.99996	-1.99996	-1.99996	-1.99996	-1.99996	-1.99996	
-1.57247	-1.58534	-1.62305	-1.68304	-1.76122	-1.85226	-1.94996	-2.04766	-2.13870	-2.21688	-2.27687	-2.31459	-2.32745	-2.31459	-2.27687	-2.21688	-2.13870	-2.04766	-1.94996	-1.85226	-1.76122	-1.68304	-1.62305	-1.58534	
-1.38035	-1.39806	-1.44997	-1.53254	-1.64016	-1.76548	-1.89996	-2.03445	-2.15977	-2.26738	-2.34996	-2.40187	-2.41957	-2.40187	-2.34996	-2.26738	-2.15977	-2.03445	-1.89996	-1.76548	-1.64016	-1.53254	-1.44997	-1.39806	
-1.23151	-1.25258	-1.31436	-1.41265	-1.54073	-1.68989	-1.84996	-2.01003	-2.15919	-2.28728	-2.38556	-2.44735	-2.46842	-2.44735	-2.38556	-2.28728	-2.15919	-2.01003	-1.84996	-1.68989	-1.54073	-1.41265	-1.31436	-1.25258	
-1.10715	-1.13076	-1.19997	-1.31007	-1.45356	-1.62065	-1.79996	-1.97928	-2.14637	-2.28985	-2.39996	-2.46917	-2.49277	-2.46917	-2.39996	-2.28985	-2.14637	-1.97928	-1.79996	-1.62065	-1.45356	-1.31007	-1.19997	-1.13076	
-0.99997	-1.02553	-1.10045	-1.21964	-1.37497	-1.55585	-1.74996	-1.94408	-2.12496	-2.28029	-2.39947	-2.47440	-2.49995	-2.47440	-2.39947	-2.28029	-2.12496	-1.94408	-1.74996	-1.55585	-1.37497	-1.21964	-1.10045	-1.02553	
-0.90625	-0.93329	-1.01259	-1.13872	-1.30311	-1.49454	-1.69996	-1.90539	-2.09682	-2.26121	-2.38734	-2.46663	-2.49368	-2.46663	-2.38734	-2.26121	-2.09682	-1.90539	-1.69996	-1.49454	-1.30311	-1.13872	-1.01259	-0.93329	
-0.82384	-0.85199	-0.93452	-1.06581	-1.23690	-1.43615	-1.64997	-1.86378	-2.06303	-2.23412	-2.36541	-2.44794	-2.47609	-2.44794	-2.36541	-2.23412	-2.06303	-1.86378	-1.64997	-1.43615	-1.23690	-1.06581	-0.93452	-0.85199	
-0.75145	-0.78036	-0.86513	-0.99997	-1.17571	-1.38035	-1.59997	-1.81958	-2.02422	-2.19996	-2.33480	-2.41957	-2.44848	-2.41957	-2.33480	-2.19996	-2.02422	-1.81958	-1.59997	-1.38035	-1.17571	-0.99997	-0.86513	-0.78036	
-0.68829	-0.71765	-0.80374	-0.94067	-1.11913	-1.32695	-1.54997	-1.77298	-1.98080	-2.15926	-2.29620	-2.38228	-2.41164	-2.38228	-2.29620	-2.15926	-1.98080	-1.77298	-1.54997	-1.32695	-1.11913	-0.94067	-0.80374	-0.71765	
-0.63395	-0.66346	-0.74998	-0.88760	-1.06696	-1.27583	-1.49997	-1.72411	-1.93297	-2.11233	-2.24996	-2.33647	-2.36598	-2.33647	-2.24996	-2.11233	-1.93297	-1.72411	-1.49997	-1.27583	-1.06696	-0.88760	-0.74998	-0.66346	
-0.58829	-0.61766	-0.70374	-0.84067	-1.01913	-1.22695	-1.44997	-1.67299	-1.88080	-2.05926	-2.19620	-2.28228	-2.31164	-2.28228	-2.19620	-2.05926	-1.88080	-1.67299	-1.44997	-1.22695	-1.01913	-0.84067	-0.70374	-0.61766	
-0.55145	-0.58036	-0.66513	-0.79998	-0.97571	-1.18036	-1.39997	-1.61958	-1.82423	-1.99996	-2.13481	-2.21957	-2.24849	-2.21957	-2.13481	-1.99996	-1.82423	-1.61958	-1.39997	-1.18036	-0.97571	-0.79998	-0.66513	-0.58036	
-0.52384	-0.55199	-0.63452	-0.76581	-0.93691	-1.13615	-1.34997	-1.56379	-1.76303	-1.93413	-2.06541	-2.14794	-2.17609	-2.14794	-2.06541	-1.93413	-1.76303	-1.56379	-1.34997	-1.13615	-0.93691	-0.76581	-0.63452	-0.55199	
-0.50625	-0.53330	-0.61259	-0.73873	-0.90311	-1.09454	-1.29997	-1.50540	-1.69683	-1.86121	-1.98735	-2.06664	-2.09369	-2.06664	-1.98735	-1.86121	-1.69683	-1.50540	-1.29997	-1.09454	-0.90311	-0.73873	-0.61259	-0.53330	
-0.49998	-0.52554	-0.60046	-0.71965	-0.87498	-1.05586	-1.24997	-1.44408	-1.62497	-1.78029	-1.89948	-1.97441	-1.99996	-1.97441	-1.89948	-1.78029	-1.62497	-1.44408	-1.24997	-1.05586	-0.87498	-0.71965	-0.60046	-0.52554	
-0.50716	-0.53077	-0.59998	-0.71008	-0.85357	-1.02066	-1.19997	-1.37928	-1.54638	-1.68986	-1.79996	-1.86918	-1.89278	-1.86918	-1.79996	-1.68986	-1.54638	-1.37928	-1.19997	-1.02066	-0.85357	-0.71008	-0.59998	-0.53077	
-0.53151	-0.55259	-0.61437	-0.71266	-0.84074	-0.98990	-1.14997	-1.31004	-1.45920	-1.58729	-1.68557	-1.74736	-1.76843	-1.74736	-1.68557	-1.58729	-1.45920	-1.31004	-1.14997	-0.98990	-0.84074	-0.71266	-0.61437	-0.55259	
-0.58036	-0.59807	-0.64998	-0.73255	-0.84017	-0.96549	-1.09997	-1.23446	-1.35978	-1.46739	-1.54997	-1.60188	-1.61958	-1.60188	-1.54997	-1.46739	-1.35978	-1.23446	-1.09997	-0.96549	-0.84017	-0.73255	-0.64998	-0.59807	
-0.67249	-0.68535	-0.72306	-0.78305	-0.86123	-0.95227	-1.04997	-1.14767	-1.23872	-1.31690	-1.37689	-1.41460	-1.42746	-1.41460	-1.37689	-1.31690	-1.23872	-1.14767	-1.04997	-0.95227	-0.86123	-0.78305	-0.72306	-0.68535	
-0.99997	-0.99997	-0.99997	-0.99997	-0.99997	-0.99997	-0.99997	-0.99997	-0.99997	-0.99997	-0.99997	-0.99997	-0.99997	-0.99997	-0.99997	-0.99997	-0.99997	-0.99997	-0.99997	-0.99997	-0.99997	-0.99997	-0.99997	-0.99997	
-2.59995	-2.59995	-2.59995	-2.59995	-2.59995	-2.59995	-2.59995	-2.59995	-2.59995	-2.59995	-2.59995	-2.59995	-2.59995	-2.59995	-2.59995	-2.59995	-2.59995	-2.59995	-2.59995	-2.59995	-2.59995	-2.59995	-2.59995	-2.59995	
-2.19125	-2.20313	-2.23796	-2.29338	-2.36560	-2.44970	-2.53995	-2.63021	-2.71431	-2.78653	-2.84194	-2.87678	-2.88866	-2.87678	-2.84194	-2.78653	-2.71431	-2.63021	-2.53995	-2.44970	-2.36560	-2.29338	-2.23796	-2.20313	
-1.99996	-2.01632	-2.06427	-2.14055	-2.23996	-2.35572	-2.47995	-2.60419	-2.71995	-2.81936	-2.89564	-2.94359	-2.95995	-2.94359	-2.89564	-2.81936	-2.71995	-2.60419	-2.47995	-2.35572	-2.23996	-2.14055	-2.06427	-2.01632	
-1.84865	-1.86812	-1.92519	-2.01598	-2.13430	-2.27209	-2.41996	-2.56782	-2.70561	-2.82393	-2.91472	-2.97180	-2.99126	-2.97180	-2.91472	-2.82393	-2.70561	-2.56782	-2.41996	-2.27209	-2.13430	-2.01598	-1.92519	-1.86812	
-1.71996	-1.74177	-1.80571	-1.90741	-2.03996	-2.19431	-2.35996	-2.52560	-2.67995	-2.81250	-2.91421	-2.97814	-2.99995	-2.97814	-2.91421	-2.81250	-2.67995	-2.52560	-2.35996	-2.19431	-2.03996	-1.90741	-1.80571	-1.74177	
-1.60715	-1.63075	-1.69996	-1.81007	-1.95355	-2.12064	-2.29996	-2.47927	-2.64636	-2.78985	-2.89995	-2.96916	-2.99277	-2.96916	-2.89995	-2.78985	-2.64636	-2.47927	-2.29996	-2.12064	-1.95355	-1.81007	-1.69996	-1.63075	
-1.50676	-1.53174	-1.60499	-1.72151	-1.87336	-2.05019	-2.23996	-2.42972	-2.60656	-2.75841	-2.87493	-2.94818	-2.97316	-2.94818	-2.87493	-2.75841	-2.60656	-2.42972	-2.23996	-2.05019	-1.87336	-1.72151	-1.60499	-1.53174	
-1.41682	-1.44282	-1.51906	-1.64034	-1.79839	-1.98244	-2.17996	-2.37747	-2.56153	-2.71958	-2.84086	-2.91710	-2.94310	-2.91710	-2.84086	-2.71958	-2.56153	-2.37747	-2.17996	-1.98244	-1.79839	-1.64034	-1.51906	-1.44282	
-1.33613	-1.36284	-1.44115	-1.56571	-1.72805	-1.91709	-2.11996	-2.32283	-2.51187	-2.67421	-2.79877	-2.87708	-2.90379	-2.87708	-2.79877	-2.67421	-2.51187	-2.32283	-2.11996	-1.91709	-1.72805	-1.56571	-1.44115	-1.36284	
-1.26398	-1.29110	-1.37062	-1.49712	-1.66197	-1.85395	-2.05996	-2.26597	-2.45795	-2.62280	-2.74930	-2.82882	-2.85594	-2.82882	-2.74930	-2.62280	-2.45795	-2.26597	-2.05996	-1.85395	-1.66197	-1.49712	-1.37062	-1.29110	
-1.19997	-1.22723	-1.30715	-1.43428	-1.59997	-1.79291	-1.99996	-2.20701	-2.39996	-2.56564	-2.69277	-2.77269	-2.79995	-2.77269	-2.69277	-2.56564	-2.39996	-2.20701	-1.99996	-1.79291	-1.59997	-1.43428	-1.30715	-1.22723	
-1.14398	-1.17110	-1.25062	-1.37712	-1.54197	-1.73395	-1.93996	-2.14598	-2.33795	-2.50280	-2.62930	-2.70882	-2.73594	-2.70882	-2.62930	-2.50280	-2.33795	-2.14598	-1.93996	-1.73395	-1.54197	-1.37712	-1.25062	-1.17110	
-1.09614	-1.12284	-1.20115	-1.32571	-1.48805	-1.67709	-1.87996	-2.08283	-2.27188	-2.43421	-2.55878	-2.63708	-2.66379	-2.63708	-2.55878	-2.43421	-2.27188	-2.08283	-1.87996	-1.67709	-1.48805	-1.32571	-1.20115	-1.12284	
-1.05682	-1.08283	-1.15906	-1.28034	-1.43839	-1.62245	-1.81996	-2.01748	-2.20153	-2.35959	-2.48086	-2.55710	-2.58310	-2.55710	-2.48086	-2.35959	-2.20153	-2.01748	-1.81996	-1.62245	-1.43839	-1.28034	-1.15906	-1.08283	
-1.02676	-1.05174	-1.12499	-1.24151	-1.39336	-1.57020	-1.75996	-1.94973	-2.12657	-2.27842	-2.39494	-2.46818	-2.49317	-2.46818	-2.39494	-2.27842	-2.12657	-1.94973	-1.75996	-1.57020	-1.39336	-1.24151	-1.12499	-1.05174	
-1.00715	-1.03076	-1.09997	-1.21007	-1.35356	-1.52065	-1.69996	-1.87928	-2.04637	-2.18986	-2.29996	-2.36917	-2.39278	-2.36917	-2.29996	-2.18986	-2.04637	-1.87928	-1.69996	-1.52065	-1.35356	-1.21007	-1.09997	-1.03076	
-0.99997	-1.02178	-1.08572	-1.18742	-1.31997	-1.47432	-1.63997	-1.80561	-1.95996	-2.09251	-2.19421	-2.25815	-2.27996	-2.25815	-2.19421	-2.09251	-1.95996	-1.80561	-1.63997	-1.47432	-1.31997	-1.18742	-1.08572	-1.02178	
-1.00866	-1.02813	-1.08520	-1.17599	-1.29431	-1.43210	-1.57997	-1.72783	-1.86562	-1.98394	-2.07473	-2.13181	-2.15127	-2.13181	-2.07473	-1.98394	-1.86562	-1.72783	-1.57997	-1.43210	-1.29431	-1.17599	-1.08520	-1.02813	
-1.03997	-1.05633	-1.10428	-1.18056	-1.27997	-1.39574	-1.51997	-1.64420	-1.75996	-1.85937	-1.93565	-1.98361	-1.99996	-1.98361	-1.93565	-1.85937	-1.75996	-1.64420	-1.51997	-1.39574	-1.27997	-1.18056	-1.10428	-1.05633	
-1.11126	-1.12314	-1.15798	-1.21339	-1.28561	-1.36972	-1.45997	-1.55022	-1.63432	-1.70654	-1.76196	-1.79679	-1.80868	-1.79679	-1.76196	-1.70654	-1.63432	-1.55022	-1.45997	-1.36972	-1.28561	-1.21339	-1.15798	-1.12314	
-1.39997	-1.39997	-1.39997	-1.39997	-1.39997	-1.39997	-1.39997	-1.39997	-1.39997	-1.39997	-1.39997	-1.39997	-1.39997	-1.39997	-1.39997	-1.39997	-1.39997	-1.39997	-1.39997	-1.39997	-1.39997	-1.39997	-1.39997	-1.39997	
-3.19995	-3.19995	-3.19995	-3.19995	-3.19995	-3.19995	-3.19995	-3.19995	-3.19995	-3.19995	-3.19995	-3.19995	-3.19995	-3.19995	-3.19995	-3.19995	-3.19995	-3.19995	-3.19995	-3.19995	-3.19995	-3.19995	-3.19995	-3.19995	
-2.81866	-2.82927	-2.86037	-2.90984	-2.97430	-3.04938	-3.12995	-3.21051	-3.28559	-3.35006	-3.39953	-3.43062	-3.44123	-3.43062	-3.39953	-3.35006	-3.28559	-3.21051	-3.12995	-3.04938	-2.97430	-2.90984	-2.86037	-2.82927	
-2.63147	-2.64607	-2.68887	-2.75697	-2.84571	-2.94905	-3.05995	-3.17085	-3.27419	-3.36293	-3.43102	-3.47383	-3.48843	-3.47383	-3.43102	-3.36293	-3.27419	-3.17085	-3.05995	-2.94905	-2.84571	-2.75697	-2.68887	-2.64607	
-2.47995	-2.49733	-2.54828	-2.62933	-2.73495	-2.85795	-2.98995	-3.12194	-3.24494	-3.35057	-3.43162	-3.48256	-3.49994	-3.48256	-3.43162	-3.35057	-3.24494	-3.12194	-2.98995	-2.85795	-2.73495	-2.62933	-2.54828	-2.49733	
-2.34864	-2.36811	-2.42518	-2.51597	-2.63430	-2.77208	-2.91995	-3.06781	-3.20560	-3.32392	-3.41472	-3.47179	-3.49126	-3.47179	-3.41472	-3.32392	-3.20560	-3.06781	-2.91995	-2.77208	-2.63430	-2.51597	-2.42518	-2.36811	
-2.23149	-2.25257	-2.31435	-2.41263	-2.54072	-2.68988	-2.84995	-3.01002	-3.15918	-3.28727	-3.38555	-3.44733	-3.46841	-3.44733	-3.38555	-3.28727	-3.15918	-3.01002	-2.84995	-2.68988	-2.54072	-2.41263	-2.31435	-2.25257	
-2.12544	-2.14774	-2.21312	-2.31714	-2.45269	-2.61055	-2.77995	-2.94935	-3.10721	-3.24276	-3.34678	-3.41216	-3.43446	-3.41216	-3.34678	-3.24276	-3.10721	-2.94935	-2.77995	-2.61055	-2.45269	-2.31714	-2.21312	-2.14774	
-2.02871	-2.05192	-2.11998	-2.22824	-2.36933	-2.53363	-2.70995	-2.88627	-3.05057	-3.19166	-3.29992	-3.36798	-3.39119	-3.36798	-3.29992	-3.19166	-3.05057	-2.88627	-2.70995	-2.53363	-2.36933	-2.22824	-2.11998	-2.05192	
-1.94025	-1.96409	-2.03399	-2.14519	-2.29010	-2.45886	-2.63995	-2.82105	-2.98981	-3.13472	-3.24591	-3.31582	-3.33966	-3.31582	-3.24591	-3.13472	-2.98981	-2.82105	-2.63995	-2.45886	-2.29010	-2.14519	-2.03399	-1.96409	
-1.85940	-1.88361	-1.95460	-2.06752	-2.21468	-2.38605	-2.56995	-2.75386	-2.92523	-3.07239	-3.18531	-3.25630	-3.28051	-3.25630	-3.18531	-3.07239	-2.92523	-2.75386	-2.56995	-2.38605	-2.21468	-2.06752	-1.95460	-1.88361	
-1.78582	-1.81015	-1.88150	-1.99499	-2.14289	-2.31512	-2.49995	-2.68479	-2.85702	-3.00492	-3.11841	-3.18975	-3.21409	-3.18975	-3.11841	-3.00492	-2.85702	-2.68479	-2.49995	-2.31512	-2.14289	-1.99499	-1.88150	-1.81015	
-1.71940	-1.74361	-1.81460	-1.92752	-2.07468	-2.24605	-2.42996	-2.61386	-2.78523	-2.93239	-3.04531	-3.11630	-3.14051	-3.11630	-3.04531	-2.93239	-2.78523	-2.61386	-2.42996	-2.24605	-2.07468	-1.92752	-1.81460	-1.74361	
-1.66025	-1.68409	-1.75399	-1.86519	-2.01010	-2.17886	-2.35996	-2.54105	-2.70981	-2.85472	-2.96592	-3.03582	-3.05966	-3.03582	-2.96592	-2.85472	-2.70981	-2.54105	-2.35996	-2.17886	-2.01010	-1.86519	-1.75399	-1.68409	
-1.60872	-1.63193	-1.69999	-1.80825	-1.94934	-2.11364	-2.28996	-2.46627	-2.63058	-2.77167	-2.87993	-2.94798	-2.97120	-2.94798	-2.87993	-2.77167	-2.63058	-2.46627	-2.28996	-2.11364	-1.94934	-1.80825	-1.69999	-1.63193	
-1.56544	-1.58775	-1.65313	-1.75715	-1.89270	-2.05056	-2.21996	-2.38936	-2.54722	-2.68277	-2.78678	-2.85217	-2.87447	-2.85217	-2.78678	-2.68277	-2.54722	-2.38936	-2.21996	-2.05056	-1.89270	-1.75715	-1.65313	-1.58775	
-1.53150	-1.55257	-1.61436	-1.71264	-1.84073	-1.98989	-2.14996	-2.31003	-2.45919	-2.58727	-2.68556	-2.74734	-2.76842	-2.74734	-2.68556	-2.58727	-2.45919	-2.31003	-2.14996	-1.98989	-1.84073	-1.71264	-1.61436	-1.55257	
-1.50865	-1.52812	-1.58519	-1.67598	-1.79431	-1.93209	-2.07996	-2.22782	-2.36561	-2.48393	-2.57473	-2.63180	-2.65127	-2.63180	-2.57473	-2.48393	-2.36561	-2.22782	-2.07996	-1.93209	-1.79431	-1.67598	-1.58519	-1.52812	
-1.49997	-1.51734	-1.56829	-1.64934	-1.75496	-1.87796	-2.00996	-2.14196	-2.26496	-2.37058	-2.45163	-2.50258	-2.51995	-2.50258	-2.45163	-2.37058	-2.26496	-2.14196	-2.00996	-1.87796	-1.75496	-1.64934	-1.56829	-1.51734	
-1.51148	-1.52608	-1.56889	-1.63698	-1.72572	-1.82906	-1.93996	-2.05086	-2.15420	-2.24294	-2.31104	-2.35384	-2.36844	-2.35384	-2.31104	-2.24294	-2.15420	-2.05086	-1.93996	-1.82906	-1.72572	-1.63698	-1.56889	-1.52608	
-1.55868	-1.56929	-1.60038	-1.64985	-1.71432	-1.78940	-1.86996	-1.95053	-2.02560	-2.09007	-2.13954	-2.17064	-2.18125	-2.17064	-2.13954	-2.09007	-2.02560	-1.95053	-1.86996	-1.78940	-1.71432	-1.64985	-1.60038	-1.56929	
-1.79996	-1.79996	-1.79996	-1.79996	-1.79996	-1.79996	-1.79996	-1.79996	-1.79996	-1.79996	-1.79996	-1.79996	-1.79996	-1.79996	-1.79996	-1.79996	-1.79996	-1.79996	-1.79996	-1.79996	-1.79996	-1.79996	-1.79996	-1.79996	
-3.79994	-3.79994	-3.79994	-3.79994	-3.79994	-3.79994	-3.79994	-3.79994	-3.79994	-3.79994	-3.79994	-3.79994	-3.79994	-3.79994	-3.79994	-3.79994	-3.79994	-3.79994	-3.79994	-3.79994	-3.79994	-3.79994	-3.79994	-3.79994	
-3.45841	-3.46732	-3.49345	-3.53501	-3.58917	-3.65225	-3.71994	-3.78763	-3.85070	-3.90487	-3.94643	-3.97256	-3.98147	-3.97256	-3.94643	-3.90487	-3.85070	-3.78763	-3.71994	-3.65225	-3.58917	-3.53501	-3.49345	-3.46732	
-3.27994	-3.29221	-3.32817	-3.38538	-3.45994	-3.54677	-3.63994	-3.73311	-3.81994	-3.89449	-3.95170	-3.98767	-3.99993	-3.98767	-3.95170	-3.89449	-3.81994	-3.73311	-3.63994	-3.54677	-3.45994	-3.38538	-3.32817	-3.29221	
-3.13146	-3.14606	-3.18887	-3.25696	-3.34570	-3.44904	-3.55994	-3.67084	-3.77418	-3.86292	-3.93102	-3.97382	-3.98842	-3.97382	-3.93102	-3.86292	-3.77418	-3.67084	-3.55994	-3.44904	-3.34570	-3.25696	-3.18887	-3.14606	
-2.99995	-3.01630	-3.06425	-3.14053	-3.23994	-3.35571	-3.47994	-3.60417	-3.71994	-3.81935	-3.89563	-3.94358	-3.95994	-3.94358	-3.89563	-3.81935	-3.71994	-3.60417	-3.47994	-3.35571	-3.23994	-3.14053	-3.06425	-3.01630	
-2.88033	-2.89804	-2.94995	-3.03252	-3.14014	-3.26546	-3.39994	-3.53443	-3.65975	-3.76736	-3.84994	-3.90185	-3.91955	-3.90185	-3.84994	-3.76736	-3.65975	-3.53443	-3.39994	-3.26546	-3.14014	-3.03252	-2.94995	-2.89804	
-2.77004	-2.78878	-2.84371	-2.93110	-3.04499	-3.17762	-3.31994	-3.46227	-3.59489	-3.70878	-3.79617	-3.85111	-3.86985	-3.85111	-3.79617	-3.70878	-3.59489	-3.46227	-3.31994	-3.17762	-3.04499	-2.93110	-2.84371	-2.78878	
-2.66759	-2.68709	-2.74427	-2.83523	-2.95377	-3.09181	-3.23994	-3.38808	-3.52612	-3.64466	-3.73562	-3.79280	-3.81230	-3.79280	-3.73562	-3.64466	-3.52612	-3.38808	-3.23994	-3.09181	-2.95377	-2.83523	-2.74427	-2.68709	
-2.57208	-2.59211	-2.65084	-2.74426	-2.86601	-3.00779	-3.15995	-3.31210	-3.45388	-3.57563	-3.66906	-3.72778	-3.74782	-3.72778	-3.66906	-3.57563	-3.45388	-3.31210	-3.15995	-3.00779	-2.86601	-2.74426	-2.65084	-2.59211	
-2.48296	-2.50330	-2.56294	-2.65781	-2.78145	-2.92544	-3.07995	-3.23446	-3.37844	-3.50208	-3.59695	-3.65659	-3.67693	-3.65659	-3.59695	-3.50208	-3.37844	-3.23446	-3.07995	-2.92544	-2.78145	-2.65781	-2.56294	-2.50330	
-2.39996	-2.42040	-2.48034	-2.57569	-2.69995	-2.84466	-2.99995	-3.15524	-3.29994	-3.42421	-3.51956	-3.57950	-3.59994	-3.57950	-3.51956	-3.42421	-3.29994	-3.15524	-2.99995	-2.84466	-2.69995	-2.57569	-2.48034	-2.42040	
-2.32296	-2.34331	-2.40294	-2.49782	-2.62146	-2.76544	-2.91995	-3.07446	-3.21844	-3.34208	-3.43695	-3.49659	-3.51693	-3.49659	-3.43695	-3.34208	-3.21844	-3.07446	-2.91995	-2.76544	-2.62146	-2.49782	-2.40294	-2.34331	
-2.25208	-2.27211	-2.33084	-2.42426	-2.54601	-2.68780	-2.83995	-2.99210	-3.13388	-3.25564	-3.34906	-3.40779	-3.42782	-3.40779	-3.34906	-3.25564	-3.13388	-2.99210	-2.83995	-2.68780	-2.54601	-2.42426	-2.33084	-2.27211	
-2.18759	-2.20710	-2.26428	-2.35523	-2.47377	-2.61181	-2.75995	-2.90809	-3.04613	-3.16467	-3.25563	-3.31280	-3.33231	-3.31280	-3.25563	-3.16467	-3.04613	-2.90809	-2.75995	-2.61181	-2.47377	-2.35523	-2.26428	-2.20710	
-2.13005	-2.14879	-2.20372	-2.29111	-2.40500	-2.53763	-2.67995	-2.82228	-2.95490	-3.06879	-3.15618	-3.21112	-3.22985	-3.21112	-3.15618	-3.06879	-2.95490	-2.82228	-2.67995	-2.53763	-2.40500	-2.29111	-2.20372	-2.14879	
-2.08034	-2.09805	-2.14996	-2.23253	-2.34015	-2.46547	-2.59995	-2.73444	-2.85976	-2.96737	-3.04995	-3.10186	-3.11956	-3.10186	-3.04995	-2.96737	-2.85976	-2.73444	-2.59995	-2.46547	-2.34015	-2.23253	-2.14996	-2.09805	
-2.03996	-2.05632	-2.10427	-2.18055	-2.27996	-2.39572	-2.51995	-2.64419	-2.75995	-2.85936	-2.93564	-2.98359	-2.99995	-2.98359	-2.93564	-2.85936	-2.75995	-2.64419	-2.51995	-2.39572	-2.27996	-2.18055	-2.10427	-2.05632	
-2.01147	-2.02608	-2.06888	-2.13697	-2.22572	-2.32906	-2.43996	-2.55085	-2.65420	-2.74294	-2.81103	-2.85384	-2.86844	-2.85384	-2.81103	-2.74294	-2.65420	-2.55085	-2.43996	-2.32906	-2.22572	-2.13697	-2.06888	-2.02608	
-1.99996	-2.01223	-2.04819	-2.10540	-2.17996	-2.26678	-2.35996	-2.45313	-2.53995	-2.61451	-2.67172	-2.70768	-2.71995	-2.70768	-2.67172	-2.61451	-2.53995	-2.45313	-2.35996	-2.26678	-2.17996	-2.10540	-2.04819	-2.01223	
-2.01843	-2.02734	-2.05347	-2.09503	-2.14919	-2.21227	-2.27996	-2.34765	-2.41072	-2.46489	-2.50645	-2.53258	-2.54149	-2.53258	-2.50645	-2.46489	-2.41072	-2.34765	-2.27996	-2.21227	-2.14919	-2.09503	-2.05347	-2.02734	
-2.19996	-2.19996	-2.19996	-2.19996	-2.19996	-2.19996	-2.19996	-2.19996	-2.19996	-2.19996	-2.19996	-2.19996	-2.19996	-2.19996	-2.19996	-2.19996	-2.19996	-2.19996	-2.19996	-2.19996	-2.19996	-2.19996	-2.19996	-2.19996	
-4.39993	-4.39993	-4.39993	-4.39993	-4.39993	-4.39993	-4.39993	-4.39993	-4.39993	-4.39993	-4.39993	-4.39993	-4.39993	-4.39993	-4.39993	-4.39993	-4.39993	-4.39993	-4.39993	-4.39993	-4.39993	-4.39993	-4.39993	-4.39993	
-4.11993	-4.12641	-4.14539	-4.17558	-4.21493	-4.26076	-4.30993	-4.35911	-4.40493	-4.44428	-4.47447	-4.49345	-4.49993	-4.49345	-4.47447	-4.44428	-4.40493	-4.35911	-4.30993	-4.26076	-4.21493	-4.17558	-4.14539	-4.12641	
-3.95840	-3.96731	-3.99344	-4.03500	-4.08917	-4.15224	-4.21993	-4.28762	-4.35070	-4.40486	-4.44642	-4.47255	-4.48146	-4.47255	-4.44642	-4.40486	-4.35070	-4.28762	-4.21993	-4.15224	-4.08917	-4.03500	-3.99344	-3.96731	
-3.81865	-3.82926	-3.86035	-3.90982	-3.97429	-4.04937	-4.12993	-4.21050	-4.28557	-4.35004	-4.39951	-4.43061	-4.44122	-4.43061	-4.39951	-4.35004	-4.28557	-4.21050	-4.12993	-4.04937	-3.97429	-3.90982	-3.86035	-3.82926	
-3.69123	-3.70311	-3.73794	-3.79336	-3.86558	-3.94968	-4.03993	-4.13019	-4.21429	-4.28651	-4.34192	-4.37676	-4.38864	-4.37676	-4.34192	-4.28651	-4.21429	-4.13019	-4.03993	-3.94968	-3.86558	-3.79336	-3.73794	-3.70311	
-3.57245	-3.58531	-3.62302	-3.68301	-3.76119	-3.85223	-3.94994	-4.04764	-4.13868	-4.21686	-4.27685	-4.31456	-4.32742	-4.31456	-4.27685	-4.21686	-4.13868	-4.04764	-3.94994	-3.85223	-3.76119	-3.68301	-3.62302	-3.58531	
-3.46044	-3.47405	-3.51396	-3.57745	-3.66019	-3.75654	-3.85994	-3.96333	-4.05968	-4.14242	-4.20591	-4.24582	-4.25943	-4.24582	-4.20591	-4.14242	-4.05968	-3.96333	-3.85994	-3.75654	-3.66019	-3.57745	-3.51396	-3.47405	
-3.35413	-3.36830	-3.40984	-3.47592	-3.56203	-3.66232	-3.76994	-3.87756	-3.97784	-4.06396	-4.13004	-4.17158	-4.18574	-4.17158	-4.13004	-4.06396	-3.97784	-3.87756	-3.76994	-3.66232	-3.56203	-3.47592	-3.40984	-3.36830	
-3.25286	-3.26741	-3.31008	-3.37795	-3.46640	-3.56940	-3.67994	-3.79047	-3.89348	-3.98193	-4.04980	-4.09246	-4.10702	-4.09246	-4.04980	-3.98193	-3.89348	-3.79047	-3.67994	-3.56940	-3.46640	-3.37795	-3.31008	-3.26741	
-3.15624	-3.17102	-3.21435	-3.28327	-3.37309	-3.47769	-3.58994	-3.70219	-3.80679	-3.89661	-3.96553	-4.00886	-4.02364	-4.00886	-3.96553	-3.89661	-3.80679	-3.70219	-3.58994	-3.47769	-3.37309	-3.28327	-3.21435	-3.17102	
-3.06406	-3.07891	-3.12245	-3.19172	-3.28200	-3.38713	-3.49994	-3.61276	-3.71788	-3.80816	-3.87743	-3.92097	-3.93583	-3.92097	-3.87743	-3.80816	-3.71788	-3.61276	-3.49994	-3.38713	-3.28200	-3.19172	-3.12245	-3.07891	
-2.97624	-2.99102	-3.03435	-3.10327	-3.19309	-3.29769	-3.40994	-3.52219	-3.62679	-3.71661	-3.78554	-3.82886	-3.84364	-3.82886	-3.78554	-3.71661	-3.62679	-3.52219	-3.40994	-3.29769	-3.19309	-3.10327	-3.03435	-2.99102	
-2.89287	-2.90742	-2.95008	-3.01795	-3.10640	-3.20941	-3.31994	-3.43048	-3.53348	-3.62193	-3.68980	-3.73247	-3.74702	-3.73247	-3.68980	-3.62193	-3.53348	-3.43048	-3.31994	-3.20941	-3.10640	-3.01795	-2.95008	-2.90742	
-2.81414	-2.82831	-2.86985	-2.93592	-3.02204	-3.12233	-3.22994	-3.33756	-3.43785	-3.52396	-3.59004	-3.63158	-3.64575	-3.63158	-3.59004	-3.52396	-3.43785	-3.33756	-3.22994	-3.12233	-3.02204	-2.93592	-2.86985	-2.82831	
-2.74045	-2.75406	-2.79397	-2.85746	-2.94020	-3.03655	-3.13995	-3.24334	-3.33969	-3.42243	-3.48592	-3.52583	-3.53944	-3.52583	-3.48592	-3.42243	-3.33969	-3.24334	-3.13995	-3.03655	-2.94020	-2.85746	-2.79397	-2.75406	
-2.67246	-2.68532	-2.72303	-2.78302	-2.86120	-2.95225	-3.04995	-3.14765	-3.23869	-3.31687	-3.37686	-3.41457	-3.42743	-3.41457	-3.37686	-3.31687	-3.23869	-3.14765	-3.04995	-2.95225	-2.86120	-2.78302	-2.72303	-2.68532	
-2.61124	-2.62312	-2.65796	-2.71337	-2.78559	-2.86970	-2.95995	-3.05020	-3.13430	-3.20652	-3.26194	-3.29677	-3.30866	-3.29677	-3.26194	-3.20652	-3.13430	-3.05020	-2.95995	-2.86970	-2.78559	-2.71337	-2.65796	-2.62312	
-2.55867	-2.56927	-2.60037	-2.64984	-2.71431	-2.78938	-2.86995	-2.95052	-3.02559	-3.09006	-3.13953	-3.17063	-3.18123	-3.17063	-3.13953	-3.09006	-3.02559	-2.95052	-2.86995	-2.78938	-2.71431	-2.64984	-2.60037	-2.56927	
-2.51842	-2.52733	-2.55346	-2.59502	-2.64919	-2.71226	-2.77995	-2.84764	-2.91072	-2.96488	-3.00644	-3.03257	-3.04148	-3.03257	-3.00644	-2.96488	-2.91072	-2.84764	-2.77995	-2.71226	-2.64919	-2.59502	-2.55346	-2.52733	
-2.49995	-2.50643	-2.52541	-2.55560	-2.59495	-2.64078	-2.68995	-2.73913	-2.78495	-2.82430	-2.85449	-2.87348	-2.87995	-2.87348	-2.85449	-2.82430	-2.78495	-2.73913	-2.68995	-2.64078	-2.59495	-2.55560	-2.52541	-2.50643	
-2.59995	-2.59995	-2.59995	-2.59995	-2.59995	-2.59995	-2.59995	-2.59995	-2.59995	-2.59995	-2.59995	-2.59995	-2.59995	-2.59995	-2.59995	-2.59995	-2.59995	-2.59995	-2.59995	-2.59995	-2.59995	-2.59995	-2.59995	-2.59995	
-4.99992	-4.99992	-4.99992	-4.99992	-4.99992	-4.99992	-4.99992	-4.99992	-4.99992	-4.99992	-4.99992	-4.99992	-4.99992	-4.99992	-4.99992	-4.99992	-4.99992	-4.99992	-4.99992	-4.99992	-4.99992	-4.99992	-4.99992	-4.99992	
-4.89992	-4.89992	-4.89992	-4.89992	-4.89992	-4.89992	-4.89992	-4.89992	-4.89992	-4.89992	-4.89992	-4.89992	-4.89992	-4.89992	-4.89992	-4.89992	-4.89992	-4.89992	-4.89992	-4.89992	-4.89992	-4.89992	-4.89992	-4.89992	
-4.79992	-4.79992	-4.79992	-4.79992	-4.79992	-4.79992	-4.79992	-4.79992	-4.79992	-4.79992	-4.79992	-4.79992	-4.79992	-4.79992	-4.79992	-4.79992	-4.79992	-4.79992	-4.79992	-4.79992	-4.79992	-4.79992	-4.79992	-4.79992	
-4.69993	-4.69993	-4.69993	-4.69993	-4.69993	-4.69993	-4.69993	-4.69993	-4.69993	-4.69993	-4.69993	-4.69993	-4.69993	-4.69993	-4.69993	-4.69993	-4.69993	-4.69993	-4.69993	-4.69993	-4.69993	-4.69993	-4.69993	-4.69993	
-4.59993	-4.59993	-4.59993	-4.59993	-4.59993	-4.59993	-4.59993	-4.59993	-4.59993	-4.59993	-4.59993	-4.59993	-4.59993	-4.59993	-4.59993	-4.59993	-4.59993	-4.59993	-4.59993	-4.59993	-4.59993	-4.59993	-4.59993	-4.59993	
-4.49993	-4.49993	-4.49993	-4.49993	-4.49993	-4.49993	-4.49993	-4.49993	-4.49993	-4.49993	-4.49993	-4.49993	-4.49993	-4.49993	-4.49993	-4.49993	-4.49993	-4.49993	-4.49993	-4.49993	-4.49993	-4.49993	-4.49993	-4.49993	
-4.39993	-4.39993	-4.39993	-4.39993	-4.39993	-4.39993	-4.39993	-4.39993	-4.39993	-4.39993	-4.39993	-4.39993	-4.39993	-4.39993	-4.39993	-4.39993	-4.39993	-4.39993	-4.39993	-4.39993	-4.39993	-4.39993	-4.39993	-4.39993	
-4.29993	-4.29993	-4.29993	-4.29993	-4.29993	-4.29993	-4.29993	-4.29993	-4.29993	-4.29993	-4.29993	-4.29993	-4.29993	-4.29993	-4.29993	-4.29993	-4.29993	-4.29993	-4.29993	-4.29993	-4.29993	-4.29993	-4.29993	-4.29993	
-4.19993	-4.19993	-4.19993	-4.19993	-4.19993	-4.19993	-4.19993	-4.19993	-4.19993	-4.19993	-4.19993	-4.19993	-4.19993	-4.19993	-4.19993	-4.19993	-4.19993	-4.19993	-4.19993	-4.19993	-4.19993	-4.19993	-4.19993	-4.19993	
-4.09993	-4.09993	-4.09993	-4.09993	-4.09993	-4.09993	-4.09993	-4.09993	-4.09993	-4.09993	-4.09993	-4.09993	-4.09993	-4.09993	-4.09993	-4.09993	-4.09993	-4.09993	-4.09993	-4.09993	-4.09993	-4.09993	-4.09993	-4.09993	
-3.99993	-3.99993	-3.99993	-3.99993	-3.99993	-3.99993	-3.99993	-3.99993	-3.99993	-3.99993	-3.99993	-3.99993	-3.99993	-3.99993	-3.99993	-3.99993	-3.99993	-3.99993	-3.99993	-3.99993	-3.99993	-3.99993	-3.99993	-3.99993	
-3.89994	-3.89994	-3.89994	-3.89994	-3.89994	-3.89994	-3.89994	-3.89994	-3.89994	-3.89994	-3.89994	-3.89994	-3.89994	-3.89994	-3.89994	-3.89994	-3.89994	-3.89994	-3.89994	-3.89994	-3.89994	-3.89994	-3.89994	-3.89994	
-3.79994	-3.79994	-3.79994	-3.79994	-3.79994	-3.79994	-3.79994	-3.79994	-3.79994	-3.79994	-3.79994	-3.79994	-3.79994	-3.79994	-3.79994	-3.79994	-3.79994	-3.79994	-3.79994	-3.79994	-3.79994	-3.79994	-3.79994	-3.79994	
-3.69994	-3.69994	-3.69994	-3.69994	-3.69994	-3.69994	-3.69994	-3.69994	-3.69994	-3.69994	-3.69994	-3.69994	-3.69994	-3.69994	-3.69994	-3.69994	-3.69994	-3.69994	-3.69994	-3.69994	-3.69994	-3.69994	-3.69994	-3.69994	
-3.59994	-3.59994	-3.59994	-3.59994	-3.59994	-3.59994	-3.59994	-3.59994	-3.59994	-3.59994	-3.59994	-3.59994	-3.59994	-3.59994	-3.59994	-3.59994	-3.59994	-3.59994	-3.59994	-3.59994	-3.59994	-3.59994	-3.59994	-3.59994	
-3.49994	-3.49994	-3.49994	-3.49994	-3.49994	-3.49994	-3.49994	-3.49994	-3.49994	-3.49994	-3.49994	-3.49994	-3.49994	-3.49994	-3.49994	-3.49994	-3.49994	-3.49994	-3.49994	-3.49994	-3.49994	-3.49994	-3.49994	-3.49994	
-3.39994	-3.39994	-3.39994	-3.39994	-3.39994	-3.39994	-3.39994	-3.39994	-3.39994	-3.39994	-3.39994	-3.39994	-3.39994	-3.39994	-3.39994	-3.39994	-3.39994	-3.39994	-3.39994	-3.39994	-3.39994	-3.39994	-3.39994	-3.39994	
-3.29994	-3.29994	-3.29994	-3.29994	-3.29994	-3.29994	-3.29994	-3.29994	-3.29994	-3.29994	-3.29994	-3.29994	-3.29994	-3.29994	-3.29994	-3.29994	-3.29994	-3.29994	-3.29994	-3.29994	-3.29994	-3.29994	-3.29994	-3.29994	
-3.19995	-3.19995	-3.19995	-3.19995	-3.19995	-3.19995	-3.19995	-3.19995	-3.19995	-3.19995	-3.19995	-3.19995	-3.19995	-3.19995	-3.19995	-3.19995	-3.19995	-3.19995	-3.19995	-3.19995	-3.19995	-3.19995	-3.19995	-3.19995	
-3.09995	-3.09995	-3.09995	-3.09995	-3.09995	-3.09995	-3.09995	-3.09995	-3.09995	-3.09995	-3.09995	-3.09995	-3.09995	-3.09995	-3.09995	-3.09995	-3.09995	-3.09995	-3.09995	-3.09995	-3.09995	-3.09995	-3.09995	-3.09995	
-2.99995	-2.99995	-2.99995	-2.99995	-2.99995	-2.99995	-2.99995	-2.99995	-2.99995	-2.99995	-2.99995	-2.99995	-2.99995	-2.99995	-2.99995	-2.99995	-2.99995	-2.99995	-2.99995	-2.99995	-2.99995	-2.99995	-2.99995	-2.99995	
