2.09999	2.09999	2.09999	2.09999	2.09999	2.09999	2.09999	2.09999	2.09999	2.09999	2.09999	2.09999	2.09999	2.09999	2.09999	2.09999	2.09999	2.09999	2.09999	2.09999	2.09999	2.09999	2.09999	2.09999	
1.99999	1.99999	1.99999	1.99999	1.99999	1.99999	1.99999	1.99999	1.99999	1.99999	1.99999	1.99999	1.99999	1.99999	1.99999	1.99999	1.99999	1.99999	1.99999	1.99999	1.99999	1.99999	1.99999	1.99999	
1.89999	1.89999	1.89999	1.89999	1.89999	1.89999	1.89999	1.89999	1.89999	1.89999	1.89999	1.89999	1.89999	1.89999	1.89999	1.89999	1.89999	1.89999	1.89999	1.89999	1.89999	1.89999	1.89999	1.89999	
1.79999	1.79999	1.79999	1.79999	1.79999	1.79999	1.79999	1.79999	1.79999	1.79999	1.79999	1.79999	1.79999	1.79999	1.79999	1.79999	1.79999	1.79999	1.79999	1.79999	1.79999	1.79999	1.79999	1.79999	
1.69999	1.69999	1.69999	1.69999	1.69999	1.69999	1.69999	1.69999	1.69999	1.69999	1.69999	1.69999	1.69999	1.69999	1.69999	1.69999	1.69999	1.69999	1.69999	1.69999	1.69999	1.69999	1.69999	1.69999	
1.59999	1.59999	1.59999	1.59999	1.59999	1.59999	1.59999	1.59999	1.59999	1.59999	1.59999	1.59999	1.59999	1.59999	1.59999	1.59999	1.59999	1.59999	1.59999	1.59999	1.59999	1.59999	1.59999	1.59999	
1.49999	1.49999	1.49999	1.49999	1.49999	1.49999	1.49999	1.49999	1.49999	1.49999	1.49999	1.49999	1.49999	1.49999	1.49999	1.49999	1.49999	1.49999	1.49999	1.49999	1.49999	1.49999	1.49999	1.49999	
1.39999	1.39999	1.39999	1.39999	1.39999	1.39999	1.39999	1.39999	1.39999	1.39999	1.39999	1.39999	1.39999	1.39999	1.39999	1.39999	1.39999	1.39999	1.39999	1.39999	1.39999	1.39999	1.39999	1.39999	
1.30000	1.30000	1.30000	1.30000	1.30000	1.30000	1.30000	1.30000	1.30000	1.30000	1.30000	1.30000	1.30000	1.30000	1.30000	1.30000	1.30000	1.30000	1.30000	1.30000	1.30000	1.30000	1.30000	1.30000	
1.20000	1.20000	1.20000	1.20000	1.20000	1.20000	1.20000	1.20000	1.20000	1.20000	1.20000	1.20000	1.20000	1.20000	1.20000	1.20000	1.20000	1.20000	1.20000	1.20000	1.20000	1.20000	1.20000	1.20000	
1.10000	1.10000	1.10000	1.10000	1.10000	1.10000	1.10000	1.10000	1.10000	1.10000	1.10000	1.10000	1.10000	1.10000	1.10000	1.10000	1.10000	1.10000	1.10000	1.10000	1.10000	1.10000	1.10000	1.10000	
1.00000	1.00000	1.00000	1.00000	1.00000	1.00000	1.00000	1.00000	1.00000	1.00000	1.00000	1.00000	1.00000	1.00000	1.00000	1.00000	1.00000	1.00000	1.00000	1.00000	1.00000	1.00000	1.00000	1.00000	
0.90000	0.90000	0.90000	0.90000	0.90000	0.90000	0.90000	0.90000	0.90000	0.90000	0.90000	0.90000	0.90000	0.90000	0.90000	0.90000	0.90000	0.90000	0.90000	0.90000	0.90000	0.90000	0.90000	0.90000	
0.80000	0.80000	0.80000	0.80000	0.80000	0.80000	0.80000	0.80000	0.80000	0.80000	0.80000	0.80000	0.80000	0.80000	0.80000	0.80000	0.80000	0.80000	0.80000	0.80000	0.80000	0.80000	0.80000	0.80000	
0.70000	0.70000	0.70000	0.70000	0.70000	0.70000	0.70000	0.70000	0.70000	0.70000	0.70000	0.70000	0.70000	0.70000	0.70000	0.70000	0.70000	0.70000	0.70000	0.70000	0.70000	0.70000	0.70000	0.70000	
0.60001	0.60001	0.60001	0.60001	0.60001	0.60001	0.60001	0.60001	0.60001	0.60001	0.60001	0.60001	0.60001	0.60001	0.60001	0.60001	0.60001	0.60001	0.60001	0.60001	0.60001	0.60001	0.60001	0.60001	
0.50001	0.50001	0.50001	0.50001	0.50001	0.50001	0.50001	0.50001	0.50001	0.50001	0.50001	0.50001	0.50001	0.50001	0.50001	0.50001	0.50001	0.50001	0.50001	0.50001	0.50001	0.50001	0.50001	0.50001	
0.40001	0.40001	0.40001	0.40001	0.40001	0.40001	0.40001	0.40001	0.40001	0.40001	0.40001	0.40001	0.40001	0.40001	0.40001	0.40001	0.40001	0.40001	0.40001	0.40001	0.40001	0.40001	0.40001	0.40001	
0.30001	0.30001	0.30001	0.30001	0.30001	0.30001	0.30001	0.30001	0.30001	0.30001	0.30001	0.30001	0.30001	0.30001	0.30001	0.30001	0.30001	0.30001	0.30001	0.30001	0.30001	0.30001	0.30001	0.30001	
0.20001	0.20001	0.20001	0.20001	0.20001	0.20001	0.20001	0.20001	0.20001	0.20001	0.20001	0.20001	0.20001	0.20001	0.20001	0.20001	0.20001	0.20001	0.20001	0.20001	0.20001	0.20001	0.20001	0.20001	
0.10001	0.10001	0.10001	0.10001	0.10001	0.10001	0.10001	0.10001	0.10001	0.10001	0.10001	0.10001	0.10001	0.10001	0.10001	0.10001	0.10001	0.10001	0.10001	0.10001	0.10001	0.10001	0.10001	0.10001	
1.98999	1.98999	1.98999	1.98999	1.98999	1.98999	1.98999	1.98999	1.98999	1.98999	1.98999	1.98999	1.98999	1.98999	1.98999	1.98999	1.98999	1.98999	1.98999	1.98999	1.98999	1.98999	1.98999	1.98999	
2.08999	2.08351	2.06453	2.03434	1.99499	1.94916	1.89999	1.85081	1.80499	1.76564	1.73545	1.71646	1.70999	1.71646	1.73545	1.76564	1.80499	1.85081	1.89999	1.94916	1.99499	2.03434	2.06453	2.08351	
2.07152	2.06261	2.03648	1.99492	1.94075	1.87768	1.80999	1.74230	1.67922	1.62506	1.58350	1.55737	1.54846	1.55737	1.58350	1.62506	1.67922	1.74230	1.80999	1.87768	1.94075	1.99492	2.03648	2.06261	
2.03127	2.02067	1.98957	1.94010	1.87563	1.80056	1.71999	1.63942	1.56435	1.49988	1.45041	1.41931	1.40871	1.41931	1.45041	1.49988	1.56435	1.63942	1.71999	1.80056	1.87563	1.94010	1.98957	2.02067	
1.97870	1.96682	1.93198	1.87657	1.80435	1.72024	1.62999	1.53974	1.45564	1.38342	1.32800	1.29317	1.28128	1.29317	1.32800	1.38342	1.45564	1.53974	1.62999	1.72024	1.80435	1.87657	1.93198	1.96682	
1.91748	1.90462	1.86691	1.80692	1.72874	1.63769	1.53999	1.44229	1.35125	1.27307	1.21308	1.17537	1.16251	1.17537	1.21308	1.27307	1.35125	1.44229	1.53999	1.63769	1.72874	1.80692	1.86691	1.90462	
1.84949	1.83588	1.79597	1.73248	1.64974	1.55339	1.44999	1.34660	1.25025	1.16751	1.10402	1.06411	1.05050	1.06411	1.10402	1.16751	1.25025	1.34660	1.44999	1.55339	1.64974	1.73248	1.79597	1.83588	
1.77580	1.76163	1.72009	1.65402	1.56790	1.46761	1.36000	1.25238	1.15209	1.06598	0.99990	0.95836	0.94419	0.95836	0.99990	1.06598	1.15209	1.25238	1.36000	1.46761	1.56790	1.65402	1.72009	1.76163	
1.69707	1.68252	1.63986	1.57199	1.48354	1.38053	1.27000	1.15946	1.05646	0.96801	0.90014	0.85747	0.84292	0.85747	0.90014	0.96801	1.05646	1.15946	1.27000	1.38053	1.48354	1.57199	1.63986	1.68252	
1.61370	1.59892	1.55559	1.48667	1.39685	1.29225	1.18000	1.06775	0.96315	0.87333	0.80440	0.76108	0.74630	0.76108	0.80440	0.87333	0.96315	1.06775	1.18000	1.29225	1.39685	1.48667	1.55559	1.59892	
1.52588	1.51103	1.46749	1.39822	1.30794	1.20281	1.09000	0.97718	0.87206	0.78178	0.71251	0.66897	0.65411	0.66897	0.71251	0.78178	0.87206	0.97718	1.09000	1.20281	1.30794	1.39822	1.46749	1.51103	
1.43370	1.41892	1.37559	1.30667	1.21685	1.11225	1.00000	0.88775	0.78315	0.69333	0.62441	0.58108	0.56630	0.58108	0.62441	0.69333	0.78315	0.88775	1.00000	1.11225	1.21685	1.30667	1.37559	1.41892	
1.33708	1.32253	1.27986	1.21199	1.12354	1.02054	0.91000	0.79947	0.69646	0.60801	0.54014	0.49748	0.48292	0.49748	0.54014	0.60801	0.69646	0.79947	0.91000	1.02054	1.12354	1.21199	1.27986	1.32253	
1.23581	1.22164	1.18010	1.11402	1.02791	0.92762	0.82000	0.71238	0.61210	0.52598	0.45990	0.41836	0.40420	0.41836	0.45990	0.52598	0.61210	0.71238	0.82000	0.92762	1.02791	1.11402	1.18010	1.22164	
1.12950	1.11589	1.07598	1.01249	0.92975	0.83340	0.73000	0.62661	0.53026	0.44752	0.38403	0.34412	0.33051	0.34412	0.38403	0.44752	0.53026	0.62661	0.73000	0.83340	0.92975	1.01249	1.07598	1.11589	
1.01749	1.00463	0.96692	0.90693	0.82875	0.73771	0.64000	0.54230	0.45126	0.37308	0.31309	0.27538	0.26252	0.27538	0.31309	0.37308	0.45126	0.54230	0.64000	0.73771	0.82875	0.90693	0.96692	1.00463	
0.89871	0.88683	0.85200	0.79658	0.72436	0.64026	0.55001	0.45975	0.37565	0.30343	0.24802	0.21318	0.20130	0.21318	0.24802	0.30343	0.37565	0.45975	0.55001	0.64026	0.72436	0.79658	0.85200	0.88683	
0.77129	0.76068	0.72959	0.68012	0.61565	0.54057	0.46001	0.37944	0.30437	0.23990	0.19043	0.15933	0.14872	0.15933	0.19043	0.23990	0.30437	0.37944	0.46001	0.54057	0.61565	0.68012	0.72959	0.76068	
0.63154	0.62263	0.59650	0.55494	0.50077	0.43770	0.37001	0.30232	0.23924	0.18508	0.14352	0.11739	0.10848	0.11739	0.14352	0.18508	0.23924	0.30232	0.37001	0.43770	0.50077	0.55494	0.59650	0.62263	
0.47001	0.46353	0.44455	0.41436	0.37501	0.32918	0.28001	0.23083	0.18501	0.14566	0.11547	0.09649	0.09001	0.09649	0.11547	0.14566	0.18501	0.23083	0.28001	0.32918	0.37501	0.41436	0.44455	0.46353	
0.19001	0.19001	0.19001	0.19001	0.19001	0.19001	0.19001	0.19001	0.19001	0.19001	0.19001	0.19001	0.19001	0.19001	0.19001	0.19001	0.19001	0.19001	0.19001	0.19001	0.19001	0.19001	0.19001	0.19001	
1.87999	1.87999	1.87999	1.87999	1.87999	1.87999	1.87999	1.87999	1.87999	1.87999	1.87999	1.87999	1.87999	1.87999	1.87999	1.87999	1.87999	1.87999	1.87999	1.87999	1.87999	1.87999	1.87999	1.87999	
2.06152	2.05261	2.02648	1.98492	1.93075	1.86768	1.79999	1.73230	1.66922	1.61506	1.57350	1.54737	1.53846	1.54737	1.57350	1.61506	1.66922	1.73230	1.79999	1.86768	1.93075	1.98492	2.02648	2.05261	
2.07999	2.06772	2.03176	1.97455	1.89999	1.81316	1.71999	1.62682	1.53999	1.46544	1.40823	1.37226	1.36000	1.37226	1.40823	1.46544	1.53999	1.62682	1.71999	1.81316	1.89999	1.97455	2.03176	2.06772	
2.06847	2.05387	2.01107	1.94297	1.85423	1.75089	1.63999	1.52909	1.42575	1.33701	1.26892	1.22611	1.21151	1.22611	1.26892	1.33701	1.42575	1.52909	1.63999	1.75089	1.85423	1.94297	2.01107	2.05387	
2.03999	2.02363	1.97568	1.89940	1.79999	1.68422	1.55999	1.43576	1.32000	1.22059	1.14431	1.09635	1.08000	1.09635	1.14431	1.22059	1.32000	1.43576	1.55999	1.68422	1.79999	1.89940	1.97568	2.02363	
1.99960	1.98190	1.92999	1.84741	1.73980	1.61448	1.47999	1.34551	1.22019	1.11258	1.03000	0.97809	0.96039	0.97809	1.03000	1.11258	1.22019	1.34551	1.47999	1.61448	1.73980	1.84741	1.92999	1.98190	
1.94990	1.93116	1.87622	1.78883	1.67495	1.54232	1.39999	1.25767	1.12504	1.01116	0.92377	0.86883	0.85009	0.86883	0.92377	1.01116	1.12504	1.25767	1.39999	1.54232	1.67495	1.78883	1.87622	1.93116	
1.89235	1.87285	1.81567	1.72471	1.60617	1.46813	1.32000	1.17186	1.03382	0.91528	0.82432	0.76714	0.74764	0.76714	0.82432	0.91528	1.03382	1.17186	1.32000	1.46813	1.60617	1.72471	1.81567	1.87285	
1.82787	1.80784	1.74911	1.65568	1.53393	1.39215	1.24000	1.08784	0.94606	0.82431	0.73089	0.67216	0.65213	0.67216	0.73089	0.82431	0.94606	1.08784	1.24000	1.39215	1.53393	1.65568	1.74911	1.80784	
1.75698	1.73664	1.67700	1.58213	1.45849	1.31451	1.16000	1.00549	0.86151	0.73787	0.64299	0.58336	0.56301	0.58336	0.64299	0.73787	0.86151	1.00549	1.16000	1.31451	1.45849	1.58213	1.67700	1.73664	
1.67999	1.65955	1.59961	1.50426	1.38000	1.23529	1.08000	0.92471	0.78000	0.65574	0.56039	0.50045	0.48001	0.50045	0.56039	0.65574	0.78000	0.92471	1.08000	1.23529	1.38000	1.50426	1.59961	1.65955	
1.59698	1.57664	1.51700	1.42213	1.29849	1.15451	1.00000	0.84549	0.70151	0.57787	0.48300	0.42336	0.40302	0.42336	0.48300	0.57787	0.70151	0.84549	1.00000	1.15451	1.29849	1.42213	1.51700	1.57664	
1.50787	1.48784	1.42911	1.33569	1.21394	1.07215	0.92000	0.76785	0.62607	0.50431	0.41089	0.35216	0.33213	0.35216	0.41089	0.50431	0.62607	0.76785	0.92000	1.07215	1.21394	1.33569	1.42911	1.48784	
1.41236	1.39286	1.33568	1.24472	1.12618	0.98814	0.84000	0.69187	0.55382	0.43529	0.34433	0.28715	0.26765	0.28715	0.34433	0.43529	0.55382	0.69187	0.84000	0.98814	1.12618	1.24472	1.33568	1.39286	
1.30991	1.29117	1.23623	1.14884	1.03495	0.90233	0.76000	0.61768	0.48505	0.37116	0.28377	0.22884	0.21010	0.22884	0.28377	0.37116	0.48505	0.61768	0.76000	0.90233	1.03495	1.14884	1.23623	1.29117	
1.19961	1.18191	1.13000	1.04742	0.93981	0.81449	0.68000	0.54552	0.42020	0.31259	0.23001	0.17810	0.16040	0.17810	0.23001	0.31259	0.42020	0.54552	0.68000	0.81449	0.93981	1.04742	1.13000	1.18191	
1.08000	1.06364	1.01569	0.93941	0.84000	0.72424	0.60001	0.47577	0.36001	0.26060	0.18432	0.13637	0.12001	0.13637	0.18432	0.26060	0.36001	0.47577	0.60001	0.72424	0.84000	0.93941	1.01569	1.06364	
0.94849	0.93389	0.89108	0.82299	0.73425	0.63091	0.52001	0.40911	0.30577	0.21703	0.14893	0.10613	0.09153	0.10613	0.14893	0.21703	0.30577	0.40911	0.52001	0.63091	0.73425	0.82299	0.89108	0.93389	
0.80000	0.78774	0.75177	0.69456	0.62000	0.53318	0.44001	0.34683	0.26001	0.18545	0.12824	0.09228	0.08001	0.09228	0.12824	0.18545	0.26001	0.34683	0.44001	0.53318	0.62000	0.69456	0.75177	0.78774	
0.62154	0.61263	0.58650	0.54494	0.49077	0.42770	0.36001	0.29232	0.22924	0.17508	0.13352	0.10739	0.09848	0.10739	0.13352	0.17508	0.22924	0.29232	0.36001	0.42770	0.49077	0.54494	0.58650	0.61263	
0.28001	0.28001	0.28001	0.28001	0.28001	0.28001	0.28001	0.28001	0.28001	0.28001	0.28001	0.28001	0.28001	0.28001	0.28001	0.28001	0.28001	0.28001	0.28001	0.28001	0.28001	0.28001	0.28001	0.28001	
1.76999	1.76999	1.76999	1.76999	1.76999	1.76999	1.76999	1.76999	1.76999	1.76999	1.76999	1.76999	1.76999	1.76999	1.76999	1.76999	1.76999	1.76999	1.76999	1.76999	1.76999	1.76999	1.76999	1.76999	
2.01127	2.00067	1.96957	1.92010	1.85563	1.78056	1.69999	1.61942	1.54435	1.47988	1.43041	1.39931	1.38871	1.39931	1.43041	1.47988	1.54435	1.61942	1.69999	1.78056	1.85563	1.92010	1.96957	2.00067	
2.05847	2.04387	2.00107	1.93297	1.84423	1.74089	1.62999	1.51909	1.41575	1.32701	1.25892	1.21611	1.20151	1.21611	1.25892	1.32701	1.41575	1.51909	1.62999	1.74089	1.84423	1.93297	2.00107	2.04387	
2.06999	2.05261	2.00166	1.92061	1.81499	1.69199	1.55999	1.42800	1.30500	1.19937	1.11833	1.06738	1.05000	1.06738	1.11833	1.19937	1.30500	1.42800	1.55999	1.69199	1.81499	1.92061	2.00166	2.05261	
2.06130	2.04183	1.98476	1.89397	1.77565	1.63786	1.48999	1.34213	1.20434	1.08602	0.99523	0.93815	0.91869	0.93815	0.99523	1.08602	1.20434	1.34213	1.48999	1.63786	1.77565	1.89397	1.98476	2.04183	
2.03845	2.01738	1.95559	1.85731	1.72922	1.58006	1.41999	1.25993	1.11077	0.98268	0.88439	0.82261	0.80154	0.82261	0.88439	0.98268	1.11077	1.25993	1.41999	1.58006	1.72922	1.85731	1.95559	2.01738	
2.00451	1.98221	1.91682	1.81281	1.67725	1.51940	1.35000	1.18059	1.02274	0.88718	0.78317	0.71778	0.69548	0.71778	0.78317	0.88718	1.02274	1.18059	1.35000	1.51940	1.67725	1.81281	1.91682	1.98221	
1.96124	1.93802	1.86997	1.76171	1.62062	1.45631	1.28000	1.10368	0.93938	0.79829	0.69003	0.62197	0.59876	0.62197	0.69003	0.79829	0.93938	1.10368	1.28000	1.45631	1.62062	1.76171	1.86997	1.93802	
1.90970	1.88586	1.81596	1.70476	1.55985	1.39109	1.21000	1.02890	0.86014	0.71523	0.60403	0.53413	0.51029	0.53413	0.60403	0.71523	0.86014	1.02890	1.21000	1.39109	1.55985	1.70476	1.81596	1.88586	
1.85055	1.82634	1.75536	1.64244	1.49528	1.32390	1.14000	0.95609	0.78472	0.63756	0.52464	0.45366	0.42944	0.45366	0.52464	0.63756	0.78472	0.95609	1.14000	1.32390	1.49528	1.64244	1.75536	1.82634	
1.78413	1.75980	1.68846	1.57497	1.42707	1.25483	1.07000	0.88517	0.71293	0.56503	0.45154	0.38020	0.35587	0.38020	0.45154	0.56503	0.71293	0.88517	1.07000	1.25483	1.42707	1.57497	1.68846	1.75980	
1.71055	1.68634	1.61536	1.50244	1.35528	1.18390	1.00000	0.81610	0.64472	0.49756	0.38464	0.31366	0.28945	0.31366	0.38464	0.49756	0.64472	0.81610	1.00000	1.18390	1.35528	1.50244	1.61536	1.68634	
1.62971	1.60586	1.53596	1.42477	1.27985	1.11110	0.93000	0.74890	0.58015	0.43523	0.32404	0.25414	0.23030	0.25414	0.32404	0.43523	0.58015	0.74890	0.93000	1.11110	1.27985	1.42477	1.53596	1.60586	
1.54124	1.51803	1.44997	1.34171	1.20062	1.03632	0.86000	0.68368	0.51938	0.37829	0.27003	0.20197	0.17876	0.20197	0.27003	0.37829	0.51938	0.68368	0.86000	1.03632	1.20062	1.34171	1.44997	1.51803	
1.44452	1.42221	1.35683	1.25281	1.11726	0.95940	0.79000	0.62060	0.46275	0.32719	0.22318	0.15779	0.13549	0.15779	0.22318	0.32719	0.46275	0.62060	0.79000	0.95940	1.11726	1.25281	1.35683	1.42221	
1.33846	1.31739	1.25560	1.15732	1.02923	0.88007	0.72000	0.55994	0.41077	0.28269	0.18440	0.12262	0.10155	0.12262	0.18440	0.28269	0.41077	0.55994	0.72000	0.88007	1.02923	1.15732	1.25560	1.31739	
1.22131	1.20184	1.14477	1.05398	0.93566	0.79787	0.65000	0.50214	0.36435	0.24603	0.15524	0.09816	0.07870	0.09816	0.15524	0.24603	0.36435	0.50214	0.65000	0.79787	0.93566	1.05398	1.14477	1.20184	
1.09000	1.07262	1.02167	0.94063	0.83500	0.71200	0.58001	0.44801	0.32501	0.21939	0.13834	0.08739	0.07001	0.08739	0.13834	0.21939	0.32501	0.44801	0.58001	0.71200	0.83500	0.94063	1.02167	1.07262	
0.93849	0.92389	0.88108	0.81299	0.72425	0.62091	0.51001	0.39911	0.29577	0.20703	0.13893	0.09613	0.08153	0.09613	0.13893	0.20703	0.29577	0.39911	0.51001	0.62091	0.72425	0.81299	0.88108	0.92389	
0.75129	0.74068	0.70959	0.66012	0.59565	0.52057	0.44001	0.35944	0.28437	0.21990	0.17043	0.13933	0.12872	0.13933	0.17043	0.21990	0.28437	0.35944	0.44001	0.52057	0.59565	0.66012	0.70959	0.74068	
0.37001	0.37001	0.37001	0.37001	0.37001	0.37001	0.37001	0.37001	0.37001	0.37001	0.37001	0.37001	0.37001	0.37001	0.37001	0.37001	0.37001	0.37001	0.37001	0.37001	0.37001	0.37001	0.37001	0.37001	
1.65999	1.65999	1.65999	1.65999	1.65999	1.65999	1.65999	1.65999	1.65999	1.65999	1.65999	1.65999	1.65999	1.65999	1.65999	1.65999	1.65999	1.65999	1.65999	1.65999	1.65999	1.65999	1.65999	1.65999	
1.94870	1.93682	1.90198	1.84657	1.77435	1.69024	1.59999	1.50974	1.42564	1.35342	1.29800	1.26317	1.25128	1.26317	1.29800	1.35342	1.42564	1.50974	1.59999	1.69024	1.77435	1.84657	1.90198	1.93682	
2.01999	2.00363	1.95568	1.87940	1.77999	1.66422	1.53999	1.41576	1.30000	1.20059	1.12431	1.07635	1.06000	1.07635	1.12431	1.20059	1.30000	1.41576	1.53999	1.66422	1.77999	1.87940	1.95568	2.00363	
2.05130	2.03183	1.97476	1.88397	1.76565	1.62786	1.47999	1.33213	1.19434	1.07602	0.98523	0.92815	0.90869	0.92815	0.98523	1.07602	1.19434	1.33213	1.47999	1.62786	1.76565	1.88397	1.97476	2.03183	
2.05999	2.03818	1.97424	1.87254	1.73999	1.58564	1.41999	1.25435	1.10000	0.96745	0.86575	0.80181	0.78000	0.80181	0.86575	0.96745	1.10000	1.25435	1.41999	1.58564	1.73999	1.87254	1.97424	2.03818	
2.05281	2.02920	1.95999	1.84989	1.70640	1.53931	1.36000	1.18068	1.01359	0.87010	0.76000	0.69079	0.66718	0.69079	0.76000	0.87010	1.01359	1.18068	1.36000	1.53931	1.70640	1.84989	1.95999	2.02920	
2.03320	2.00822	1.93497	1.81845	1.66660	1.48976	1.30000	1.11023	0.93339	0.78154	0.66502	0.59178	0.56679	0.59178	0.66502	0.78154	0.93339	1.11023	1.30000	1.48976	1.66660	1.81845	1.93497	2.00822	
2.00314	1.97713	1.90090	1.77962	1.62157	1.43751	1.24000	1.04248	0.85843	0.70037	0.57910	0.50286	0.47686	0.50286	0.57910	0.70037	0.85843	1.04248	1.24000	1.43751	1.62157	1.77962	1.90090	1.97713	
1.96382	1.93712	1.85881	1.73425	1.57191	1.38287	1.18000	0.97713	0.78808	0.62575	0.50118	0.42288	0.39617	0.42288	0.50118	0.62575	0.78808	0.97713	1.18000	1.38287	1.57191	1.73425	1.85881	1.93712	
1.91598	1.88886	1.80934	1.68284	1.51799	1.32601	1.12000	0.91398	0.72201	0.55716	0.43066	0.35114	0.32402	0.35114	0.43066	0.55716	0.72201	0.91398	1.12000	1.32601	1.51799	1.68284	1.80934	1.88886	
1.85999	1.83273	1.75281	1.62568	1.45999	1.26705	1.06000	0.85295	0.66000	0.49432	0.36719	0.28727	0.26001	0.28727	0.36719	0.49432	0.66000	0.85295	1.06000	1.26705	1.45999	1.62568	1.75281	1.83273	
1.79598	1.76886	1.68934	1.56284	1.39799	1.20601	1.00000	0.79399	0.60201	0.43716	0.31066	0.23114	0.20402	0.23114	0.31066	0.43716	0.60201	0.79399	1.00000	1.20601	1.39799	1.56284	1.68934	1.76886	
1.72383	1.69712	1.61881	1.49425	1.33191	1.14287	0.94000	0.73713	0.54809	0.38575	0.26119	0.18288	0.15617	0.18288	0.26119	0.38575	0.54809	0.73713	0.94000	1.14287	1.33191	1.49425	1.61881	1.69712	
1.64314	1.61714	1.54090	1.41962	1.26157	1.07752	0.88000	0.68249	0.49843	0.34038	0.21910	0.14286	0.11686	0.14286	0.21910	0.34038	0.49843	0.68249	0.88000	1.07752	1.26157	1.41962	1.54090	1.61714	
1.55320	1.52822	1.45497	1.33845	1.18660	1.00977	0.82000	0.63024	0.45340	0.30155	0.18503	0.11178	0.08680	0.11178	0.18503	0.30155	0.45340	0.63024	0.82000	1.00977	1.18660	1.33845	1.45497	1.52822	
1.45281	1.42921	1.36000	1.24989	1.10641	0.93932	0.76000	0.58069	0.41360	0.27011	0.16001	0.09080	0.06719	0.09080	0.16001	0.27011	0.41360	0.58069	0.76000	0.93932	1.10641	1.24989	1.36000	1.42921	
1.34000	1.31819	1.25425	1.15255	1.02000	0.86565	0.70000	0.53436	0.38001	0.24746	0.14575	0.08182	0.06001	0.08182	0.14575	0.24746	0.38001	0.53436	0.70000	0.86565	1.02000	1.15255	1.25425	1.31819	
1.21131	1.19184	1.13477	1.04398	0.92566	0.78787	0.64000	0.49214	0.35435	0.23603	0.14524	0.08816	0.06870	0.08816	0.14524	0.23603	0.35435	0.49214	0.64000	0.78787	0.92566	1.04398	1.13477	1.19184	
1.06000	1.04364	0.99569	0.91941	0.82000	0.70424	0.58001	0.45577	0.34001	0.24060	0.16432	0.11637	0.10001	0.11637	0.16432	0.24060	0.34001	0.45577	0.58001	0.70424	0.82000	0.91941	0.99569	1.04364	
0.86871	0.85683	0.82200	0.76658	0.69436	0.61026	0.52001	0.42975	0.34565	0.27343	0.21802	0.18318	0.17130	0.18318	0.21802	0.27343	0.34565	0.42975	0.52001	0.61026	0.69436	0.76658	0.82200	0.85683	
0.46001	0.46001	0.46001	0.46001	0.46001	0.46001	0.46001	0.46001	0.46001	0.46001	0.46001	0.46001	0.46001	0.46001	0.46001	0.46001	0.46001	0.46001	0.46001	0.46001	0.46001	0.46001	0.46001	0.46001	
1.54999	1.54999	1.54999	1.54999	1.54999	1.54999	1.54999	1.54999	1.54999	1.54999	1.54999	1.54999	1.54999	1.54999	1.54999	1.54999	1.54999	1.54999	1.54999	1.54999	1.54999	1.54999	1.54999	1.54999	
1.87748	1.86462	1.82691	1.76692	1.68874	1.59769	1.49999	1.40229	1.31125	1.23307	1.17308	1.13537	1.12251	1.13537	1.17308	1.23307	1.31125	1.40229	1.49999	1.59769	1.68874	1.76692	1.82691	1.86462	
1.96960	1.95190	1.89999	1.81741	1.70980	1.58448	1.44999	1.31551	1.19019	1.08258	1.00000	0.94809	0.93039	0.94809	1.00000	1.08258	1.19019	1.31551	1.44999	1.58448	1.70980	1.81741	1.89999	1.95190	
2.01845	1.99738	1.93559	1.83731	1.70922	1.56006	1.39999	1.23993	1.09077	0.96268	0.86439	0.80261	0.78154	0.80261	0.86439	0.96268	1.09077	1.23993	1.39999	1.56006	1.70922	1.83731	1.93559	1.99738	
2.04281	2.01920	1.94999	1.83989	1.69640	1.52931	1.35000	1.17068	1.00359	0.86010	0.75000	0.68079	0.65718	0.68079	0.75000	0.86010	1.00359	1.17068	1.35000	1.52931	1.69640	1.83989	1.94999	2.01920	
2.04999	2.02443	1.94951	1.83032	1.67499	1.49411	1.30000	1.10588	0.92500	0.76967	0.65049	0.57556	0.55001	0.57556	0.65049	0.76967	0.92500	1.10588	1.30000	1.49411	1.67499	1.83032	1.94951	2.02443	
2.04371	2.01667	1.93737	1.81124	1.64685	1.45543	1.25000	1.04457	0.85314	0.68876	0.56262	0.48333	0.45628	0.48333	0.56262	0.68876	0.85314	1.04457	1.25000	1.45543	1.64685	1.81124	1.93737	2.01667	
2.02612	1.99797	1.91544	1.78416	1.61306	1.41381	1.20000	0.98618	0.78693	0.61584	0.48455	0.40202	0.37387	0.40202	0.48455	0.61584	0.78693	0.98618	1.20000	1.41381	1.61306	1.78416	1.91544	1.99797	
1.99852	1.96960	1.88484	1.74999	1.57426	1.36961	1.15000	0.93039	0.72574	0.55001	0.41516	0.33039	0.30148	0.33039	0.41516	0.55001	0.72574	0.93039	1.15000	1.36961	1.57426	1.74999	1.88484	1.96960	
1.96167	1.93231	1.84623	1.70929	1.53084	1.32302	1.10000	0.87698	0.66916	0.49070	0.35377	0.26769	0.23833	0.26769	0.35377	0.49070	0.66916	0.87698	1.10000	1.32302	1.53084	1.70929	1.84623	1.93231	
1.91601	1.88650	1.79999	1.66236	1.48301	1.27414	1.05000	0.82586	0.61699	0.43763	0.30001	0.21349	0.18399	0.21349	0.30001	0.43763	0.61699	0.82586	1.05000	1.27414	1.48301	1.66236	1.79999	1.88650	
1.86167	1.83231	1.74623	1.60929	1.43084	1.22302	1.00000	0.77698	0.56916	0.39071	0.25377	0.16769	0.13833	0.16769	0.25377	0.39071	0.56916	0.77698	1.00000	1.22302	1.43084	1.60929	1.74623	1.83231	
1.79852	1.76961	1.68484	1.54999	1.37426	1.16961	0.95000	0.73039	0.52574	0.35001	0.21516	0.13040	0.10148	0.13040	0.21516	0.35001	0.52574	0.73039	0.95000	1.16961	1.37426	1.54999	1.68484	1.76961	
1.72613	1.69798	1.61545	1.48416	1.31306	1.11382	0.90000	0.68618	0.48694	0.31584	0.18456	0.10203	0.07388	0.10203	0.18456	0.31584	0.48694	0.68618	0.90000	1.11382	1.31306	1.48416	1.61545	1.69798	
1.64372	1.61667	1.53738	1.41124	1.24686	1.05543	0.85000	0.64457	0.45314	0.28876	0.16262	0.08333	0.05629	0.08333	0.16262	0.28876	0.45314	0.64457	0.85000	1.05543	1.24686	1.41124	1.53738	1.61667	
1.54999	1.52444	1.44951	1.33033	1.17500	0.99411	0.80000	0.60589	0.42501	0.26968	0.15049	0.07557	0.05001	0.07557	0.15049	0.26968	0.42501	0.60589	0.80000	0.99411	1.17500	1.33033	1.44951	1.52444	
1.44281	1.41921	1.35000	1.23989	1.09641	0.92932	0.75000	0.57069	0.40360	0.26011	0.15001	0.08080	0.05719	0.08080	0.15001	0.26011	0.40360	0.57069	0.75000	0.92932	1.09641	1.23989	1.35000	1.41921	
1.31846	1.29739	1.23560	1.13732	1.00923	0.86007	0.70000	0.53994	0.39078	0.26269	0.16440	0.10262	0.08155	0.10262	0.16440	0.26269	0.39078	0.53994	0.70000	0.86007	1.00923	1.13732	1.23560	1.29739	
1.16961	1.15191	1.10000	1.01742	0.90981	0.78449	0.65000	0.51552	0.39020	0.28259	0.20001	0.14810	0.13040	0.14810	0.20001	0.28259	0.39020	0.51552	0.65000	0.78449	0.90981	1.01742	1.10000	1.15191	
0.97749	0.96463	0.92692	0.86693	0.78875	0.69771	0.60001	0.50230	0.41126	0.33308	0.27309	0.23538	0.22252	0.23538	0.27309	0.33308	0.41126	0.50230	0.60001	0.69771	0.78875	0.86693	0.92692	0.96463	
0.55001	0.55001	0.55001	0.55001	0.55001	0.55001	0.55001	0.55001	0.55001	0.55001	0.55001	0.55001	0.55001	0.55001	0.55001	0.55001	0.55001	0.55001	0.55001	0.55001	0.55001	0.55001	0.55001	0.55001	
1.43999	1.43999	1.43999	1.43999	1.43999	1.43999	1.43999	1.43999	1.43999	1.43999	1.43999	1.43999	1.43999	1.43999	1.43999	1.43999	1.43999	1.43999	1.43999	1.43999	1.43999	1.43999	1.43999	1.43999	
1.79949	1.78588	1.74597	1.68248	1.59974	1.50339	1.39999	1.29660	1.20025	1.11751	1.05402	1.01411	1.00050	1.01411	1.05402	1.11751	1.20025	1.29660	1.39999	1.50339	1.59974	1.68248	1.74597	1.78588	
1.90990	1.89116	1.83622	1.74883	1.63495	1.50232	1.36000	1.21767	1.08504	0.97116	0.88377	0.82883	0.81009	0.82883	0.88377	0.97116	1.08504	1.21767	1.36000	1.50232	1.63495	1.74883	1.83622	1.89116	
1.97451	1.95221	1.88682	1.78281	1.64725	1.48940	1.32000	1.15060	0.99274	0.85718	0.75317	0.68778	0.66548	0.68778	0.75317	0.85718	0.99274	1.15060	1.32000	1.48940	1.64725	1.78281	1.88682	1.95221	
2.01320	1.98822	1.91497	1.79845	1.64660	1.46976	1.28000	1.09023	0.91340	0.76154	0.64502	0.57178	0.54679	0.57178	0.64502	0.76154	0.91340	1.09023	1.28000	1.46976	1.64660	1.79845	1.91497	1.98822	
2.03371	2.00667	1.92737	1.80124	1.63685	1.44543	1.24000	1.03457	0.84314	0.67876	0.55262	0.47333	0.44628	0.47333	0.55262	0.67876	0.84314	1.03457	1.24000	1.44543	1.63685	1.80124	1.92737	2.00667	
2.03999	2.01136	1.92745	1.79396	1.61999	1.41740	1.20000	0.98259	0.78000	0.60604	0.47255	0.38863	0.36001	0.38863	0.47255	0.60604	0.78000	0.98259	1.20000	1.41740	1.61999	1.79396	1.92745	2.01136	
2.03429	2.00450	1.91715	1.77821	1.59714	1.38628	1.16000	0.93372	0.72285	0.54178	0.40284	0.31550	0.28571	0.31550	0.40284	0.54178	0.72285	0.93372	1.16000	1.38628	1.59714	1.77821	1.91715	2.00450	
2.01798	1.98739	1.89768	1.75497	1.56899	1.35241	1.12000	0.88758	0.67101	0.48503	0.34232	0.25261	0.22201	0.25261	0.34232	0.48503	0.67101	0.88758	1.12000	1.35241	1.56899	1.75497	1.89768	1.98739	
1.99191	1.96084	1.86974	1.72482	1.53595	1.31602	1.08000	0.84398	0.62404	0.43518	0.29026	0.19916	0.16809	0.19916	0.29026	0.43518	0.62404	0.84398	1.08000	1.31602	1.53595	1.72482	1.86974	1.96084	
1.95650	1.92527	1.83371	1.68807	1.49825	1.27721	1.04000	0.80279	0.58175	0.39193	0.24628	0.15473	0.12350	0.15473	0.24628	0.39193	0.58175	0.80279	1.04000	1.27721	1.49825	1.68807	1.83371	1.92527	
1.91191	1.88084	1.78974	1.64482	1.45595	1.23602	1.00000	0.76398	0.54405	0.35518	0.21026	0.11916	0.08809	0.11916	0.21026	0.35518	0.54405	0.76398	1.00000	1.23602	1.45595	1.64482	1.78974	1.88084	
1.85799	1.82739	1.73768	1.59497	1.40899	1.19242	0.96000	0.72758	0.51101	0.32503	0.18232	0.09261	0.06201	0.09261	0.18232	0.32503	0.51101	0.72758	0.96000	1.19242	1.40899	1.59497	1.73768	1.82739	
1.79429	1.76450	1.67716	1.53822	1.35715	1.14628	0.92000	0.69372	0.48286	0.30179	0.16285	0.07550	0.04571	0.07550	0.16285	0.30179	0.48286	0.69372	0.92000	1.14628	1.35715	1.53822	1.67716	1.76450	
1.71999	1.69137	1.60745	1.47396	1.30000	1.09741	0.88000	0.66260	0.46001	0.28604	0.15255	0.06863	0.04001	0.06863	0.15255	0.28604	0.46001	0.66260	0.88000	1.09741	1.30000	1.47396	1.60745	1.69137	
1.63372	1.60667	1.52738	1.40124	1.23686	1.04543	0.84000	0.63457	0.44314	0.27876	0.15262	0.07333	0.04629	0.07333	0.15262	0.27876	0.44314	0.63457	0.84000	1.04543	1.23686	1.40124	1.52738	1.60667	
1.53321	1.50822	1.43497	1.31846	1.16660	0.98977	0.80000	0.61024	0.43340	0.28155	0.16503	0.09178	0.06680	0.09178	0.16503	0.28155	0.43340	0.61024	0.80000	0.98977	1.16660	1.31846	1.43497	1.50822	
1.41452	1.39222	1.32683	1.22281	1.08726	0.92940	0.76000	0.59060	0.43275	0.29719	0.19318	0.12779	0.10549	0.12779	0.19318	0.29719	0.43275	0.59060	0.76000	0.92940	1.08726	1.22281	1.32683	1.39222	
1.26991	1.25117	1.19623	1.10884	0.99495	0.86233	0.72000	0.57768	0.44505	0.33116	0.24377	0.18884	0.17010	0.18884	0.24377	0.33116	0.44505	0.57768	0.72000	0.86233	0.99495	1.10884	1.19623	1.25117	
1.07950	1.06589	1.02598	0.96249	0.87975	0.78340	0.68000	0.57661	0.48026	0.39752	0.33403	0.29412	0.28051	0.29412	0.33403	0.39752	0.48026	0.57661	0.68000	0.78340	0.87975	0.96249	1.02598	1.06589	
0.64000	0.64000	0.64000	0.64000	0.64000	0.64000	0.64000	0.64000	0.64000	0.64000	0.64000	0.64000	0.64000	0.64000	0.64000	0.64000	0.64000	0.64000	0.64000	0.64000	0.64000	0.64000	0.64000	0.64000	
1.33000	1.33000	1.33000	1.33000	1.33000	1.33000	1.33000	1.33000	1.33000	1.33000	1.33000	1.33000	1.33000	1.33000	1.33000	1.33000	1.33000	1.33000	1.33000	1.33000	1.33000	1.33000	1.33000	1.33000	
1.71580	1.70163	1.66010	1.59402	1.50790	1.40761	1.30000	1.19238	1.09209	1.00598	0.93990	0.89836	0.88419	0.89836	0.93990	1.00598	1.09209	1.19238	1.30000	1.40761	1.50790	1.59402	1.66010	1.70163	
1.84235	1.82285	1.76567	1.67471	1.55617	1.41813	1.27000	1.12186	0.98382	0.86528	0.77432	0.71714	0.69764	0.71714	0.77432	0.86528	0.98382	1.12186	1.27000	1.41813	1.55617	1.67471	1.76567	1.82285	
1.92124	1.89802	1.82997	1.72171	1.58062	1.41631	1.24000	1.06368	0.89938	0.75829	0.65003	0.58197	0.55876	0.58197	0.65003	0.75829	0.89938	1.06368	1.24000	1.41631	1.58062	1.72171	1.82997	1.89802	
1.97314	1.94714	1.87090	1.74962	1.59157	1.40751	1.21000	1.01248	0.82843	0.67037	0.54910	0.47286	0.44686	0.47286	0.54910	0.67037	0.82843	1.01248	1.21000	1.40751	1.59157	1.74962	1.87090	1.94714	
2.00612	1.97797	1.89544	1.76416	1.59306	1.39381	1.18000	0.96618	0.76694	0.59584	0.46455	0.38202	0.35387	0.38202	0.46455	0.59584	0.76694	0.96618	1.18000	1.39381	1.59306	1.76416	1.89544	1.97797	
2.02429	1.99450	1.90715	1.76821	1.58714	1.37628	1.15000	0.92372	0.71285	0.53178	0.39284	0.30550	0.27571	0.30550	0.39284	0.53178	0.71285	0.92372	1.15000	1.37628	1.58714	1.76821	1.90715	1.99450	
2.02999	1.99898	1.90807	1.76346	1.57499	1.35552	1.12000	0.88448	0.66500	0.47654	0.33193	0.24102	0.21001	0.24102	0.33193	0.47654	0.66500	0.88448	1.12000	1.35552	1.57499	1.76346	1.90807	1.99898	
2.02465	1.99280	1.89943	1.75090	1.55733	1.33190	1.09000	0.84809	0.62267	0.42910	0.28057	0.18719	0.15535	0.18719	0.28057	0.42910	0.62267	0.84809	1.09000	1.33190	1.55733	1.75090	1.89943	1.99280	
2.00914	1.97680	1.88198	1.73115	1.53457	1.30566	1.06000	0.81434	0.58543	0.38885	0.23802	0.14320	0.11085	0.14320	0.23802	0.38885	0.58543	0.81434	1.06000	1.30566	1.53457	1.73115	1.88198	1.97680	
1.98393	1.95142	1.85612	1.70453	1.50696	1.27689	1.03000	0.78311	0.55304	0.35547	0.20387	0.10858	0.07607	0.10858	0.20387	0.35547	0.55304	0.78311	1.03000	1.27689	1.50696	1.70453	1.85612	1.95142	
1.94915	1.91680	1.82198	1.67115	1.47457	1.24566	1.00000	0.75434	0.52543	0.32885	0.17802	0.08320	0.05085	0.08320	0.17802	0.32885	0.52543	0.75434	1.00000	1.24566	1.47457	1.67115	1.82198	1.91680	
1.90465	1.87281	1.77943	1.63090	1.43733	1.21191	0.97000	0.72809	0.50267	0.30910	0.16057	0.06719	0.03535	0.06719	0.16057	0.30910	0.50267	0.72809	0.97000	1.21191	1.43733	1.63090	1.77943	1.87281	
1.84999	1.81898	1.72807	1.58346	1.39499	1.17552	0.94000	0.70448	0.48501	0.29654	0.15193	0.06102	0.03001	0.06102	0.15193	0.29654	0.48501	0.70448	0.94000	1.17552	1.39499	1.58346	1.72807	1.81898	
1.78429	1.75450	1.66716	1.52822	1.34715	1.13628	0.91000	0.68372	0.47286	0.29179	0.15285	0.06550	0.03571	0.06550	0.15285	0.29179	0.47286	0.68372	0.91000	1.13628	1.34715	1.52822	1.66716	1.75450	
1.70613	1.67798	1.59545	1.46416	1.29306	1.09382	0.88000	0.66618	0.46694	0.29584	0.16456	0.08203	0.05388	0.08203	0.16456	0.29584	0.46694	0.66618	0.88000	1.09382	1.29306	1.46416	1.59545	1.67798	
1.61314	1.58714	1.51090	1.38962	1.23157	1.04752	0.85000	0.65249	0.46843	0.31038	0.18910	0.11286	0.08686	0.11286	0.18910	0.31038	0.46843	0.65249	0.85000	1.04752	1.23157	1.38962	1.51090	1.58714	
1.50124	1.47803	1.40997	1.30171	1.16062	0.99632	0.82000	0.64368	0.47938	0.33829	0.23003	0.16198	0.13876	0.16198	0.23003	0.33829	0.47938	0.64368	0.82000	0.99632	1.16062	1.30171	1.40997	1.47803	
1.36236	1.34286	1.28568	1.19472	1.07618	0.93814	0.79000	0.64187	0.50382	0.38529	0.29433	0.23715	0.21765	0.23715	0.29433	0.38529	0.50382	0.64187	0.79000	0.93814	1.07618	1.19472	1.28568	1.34286	
1.17581	1.16164	1.12010	1.05402	0.96791	0.86762	0.76000	0.65238	0.55210	0.46598	0.39990	0.35836	0.34420	0.35836	0.39990	0.46598	0.55210	0.65238	0.76000	0.86762	0.96791	1.05402	1.12010	1.16164	
0.73000	0.73000	0.73000	0.73000	0.73000	0.73000	0.73000	0.73000	0.73000	0.73000	0.73000	0.73000	0.73000	0.73000	0.73000	0.73000	0.73000	0.73000	0.73000	0.73000	0.73000	0.73000	0.73000	0.73000	
1.22000	1.22000	1.22000	1.22000	1.22000	1.22000	1.22000	1.22000	1.22000	1.22000	1.22000	1.22000	1.22000	1.22000	1.22000	1.22000	1.22000	1.22000	1.22000	1.22000	1.22000	1.22000	1.22000	1.22000	
1.62707	1.61252	1.56986	1.50199	1.41354	1.31053	1.20000	1.08946	0.98646	0.89801	0.83014	0.78747	0.77292	0.78747	0.83014	0.89801	0.98646	1.08946	1.20000	1.31053	1.41354	1.50199	1.56986	1.61252	
1.76787	1.74784	1.68911	1.59568	1.47393	1.33215	1.18000	1.02785	0.88606	0.76431	0.67089	0.61216	0.59213	0.61216	0.67089	0.76431	0.88606	1.02785	1.18000	1.33215	1.47393	1.59568	1.68911	1.74784	
1.85970	1.83586	1.76596	1.65476	1.50985	1.34109	1.16000	0.97890	0.81015	0.66523	0.55404	0.48413	0.46029	0.48413	0.55404	0.66523	0.81015	0.97890	1.16000	1.34109	1.50985	1.65476	1.76596	1.83586	
1.92382	1.89712	1.81881	1.69425	1.53191	1.34287	1.14000	0.93713	0.74808	0.58575	0.46118	0.38288	0.35617	0.38288	0.46118	0.58575	0.74808	0.93713	1.14000	1.34287	1.53191	1.69425	1.81881	1.89712	
1.96852	1.93960	1.85484	1.71999	1.54426	1.33961	1.12000	0.90039	0.69574	0.52001	0.38516	0.30039	0.27148	0.30039	0.38516	0.52001	0.69574	0.90039	1.12000	1.33961	1.54426	1.71999	1.85484	1.93960	
1.99798	1.96739	1.87768	1.73497	1.54899	1.33241	1.10000	0.86758	0.65101	0.46503	0.32232	0.23261	0.20201	0.23261	0.32232	0.46503	0.65101	0.86758	1.10000	1.33241	1.54899	1.73497	1.87768	1.96739	
2.01465	1.98280	1.88943	1.74090	1.54733	1.32191	1.08000	0.83809	0.61267	0.41910	0.27057	0.17719	0.14535	0.17719	0.27057	0.41910	0.61267	0.83809	1.08000	1.32191	1.54733	1.74090	1.88943	1.98280	
2.01999	1.98728	1.89137	1.73881	1.53999	1.30846	1.06000	0.81154	0.58001	0.38119	0.22863	0.13272	0.10001	0.13272	0.22863	0.38119	0.58001	0.81154	1.06000	1.30846	1.53999	1.73881	1.89137	1.98728	
2.01487	1.98165	1.88426	1.72934	1.52744	1.29231	1.04000	0.78768	0.55256	0.35066	0.19574	0.09835	0.06513	0.09835	0.19574	0.35066	0.55256	0.78768	1.04000	1.29231	1.52744	1.72934	1.88426	1.98165	
1.99978	1.96640	1.86852	1.71281	1.50989	1.27359	1.02000	0.76641	0.53011	0.32719	0.17148	0.07360	0.04022	0.07360	0.17148	0.32719	0.53011	0.76641	1.02000	1.27359	1.50989	1.71281	1.86852	1.96640	
1.97487	1.94165	1.84426	1.68934	1.48744	1.25232	1.00000	0.74768	0.51256	0.31066	0.15574	0.05835	0.02513	0.05835	0.15574	0.31066	0.51256	0.74768	1.00000	1.25232	1.48744	1.68934	1.84426	1.94165	
1.93999	1.90728	1.81137	1.65881	1.45999	1.22846	0.98000	0.73154	0.50001	0.30119	0.14863	0.05272	0.02001	0.05272	0.14863	0.30119	0.50001	0.73154	0.98000	1.22846	1.45999	1.65881	1.81137	1.90728	
1.89465	1.86281	1.76943	1.62090	1.42733	1.20191	0.96000	0.71809	0.49267	0.29910	0.15057	0.05719	0.02535	0.05719	0.15057	0.29910	0.49267	0.71809	0.96000	1.20191	1.42733	1.62090	1.76943	1.86281	
1.83799	1.80739	1.71768	1.57497	1.38899	1.17242	0.94000	0.70758	0.49101	0.30503	0.16232	0.07261	0.04201	0.07261	0.16232	0.30503	0.49101	0.70758	0.94000	1.17242	1.38899	1.57497	1.71768	1.80739	
1.76852	1.73961	1.65484	1.51999	1.34426	1.13961	0.92000	0.70039	0.49574	0.32001	0.18516	0.10040	0.07148	0.10040	0.18516	0.32001	0.49574	0.70039	0.92000	1.13961	1.34426	1.51999	1.65484	1.73961	
1.68383	1.65712	1.57881	1.45425	1.29191	1.10287	0.90000	0.69713	0.50809	0.34575	0.22119	0.14288	0.11617	0.14288	0.22119	0.34575	0.50809	0.69713	0.90000	1.10287	1.29191	1.45425	1.57881	1.65712	
1.57971	1.55586	1.48596	1.37477	1.22985	1.06110	0.88000	0.69890	0.53015	0.38524	0.27404	0.20414	0.18030	0.20414	0.27404	0.38524	0.53015	0.69890	0.88000	1.06110	1.22985	1.37477	1.48596	1.55586	
1.44787	1.42784	1.36911	1.27569	1.15394	1.01215	0.86000	0.70785	0.56607	0.44432	0.35089	0.29216	0.27213	0.29216	0.35089	0.44432	0.56607	0.70785	0.86000	1.01215	1.15394	1.27569	1.36911	1.42784	
1.26708	1.25253	1.20986	1.14199	1.05354	0.95054	0.84000	0.72947	0.62646	0.53801	0.47014	0.42748	0.41292	0.42748	0.47014	0.53801	0.62646	0.72947	0.84000	0.95054	1.05354	1.14199	1.20986	1.25253	
0.82000	0.82000	0.82000	0.82000	0.82000	0.82000	0.82000	0.82000	0.82000	0.82000	0.82000	0.82000	0.82000	0.82000	0.82000	0.82000	0.82000	0.82000	0.82000	0.82000	0.82000	0.82000	0.82000	0.82000	
1.11000	1.11000	1.11000	1.11000	1.11000	1.11000	1.11000	1.11000	1.11000	1.11000	1.11000	1.11000	1.11000	1.11000	1.11000	1.11000	1.11000	1.11000	1.11000	1.11000	1.11000	1.11000	1.11000	1.11000	
1.53370	1.51892	1.47559	1.40667	1.31685	1.21225	1.10000	0.98775	0.88315	0.79333	0.72440	0.68108	0.66630	0.68108	0.72440	0.79333	0.88315	0.98775	1.10000	1.21225	1.31685	1.40667	1.47559	1.51892	
1.68698	1.66664	1.60700	1.51213	1.38849	1.24451	1.09000	0.93549	0.79151	0.66787	0.57299	0.51336	0.49301	0.51336	0.57299	0.66787	0.79151	0.93549	1.09000	1.24451	1.38849	1.51213	1.60700	1.66664	
1.79055	1.76634	1.69536	1.58244	1.43528	1.26390	1.08000	0.89609	0.72472	0.57756	0.46464	0.39366	0.36945	0.39366	0.46464	0.57756	0.72472	0.89609	1.08000	1.26390	1.43528	1.58244	1.69536	1.76634	
1.86598	1.83886	1.75934	1.63284	1.46799	1.27601	1.07000	0.86398	0.67201	0.50716	0.38066	0.30114	0.27402	0.30114	0.38066	0.50716	0.67201	0.86398	1.07000	1.27601	1.46799	1.63284	1.75934	1.83886	
1.92167	1.89231	1.80623	1.66929	1.49084	1.28302	1.06000	0.83698	0.62916	0.45070	0.31377	0.22769	0.19833	0.22769	0.31377	0.45070	0.62916	0.83698	1.06000	1.28302	1.49084	1.66929	1.80623	1.89231	
1.96191	1.93084	1.83974	1.69482	1.50595	1.28602	1.05000	0.81398	0.59404	0.40518	0.26026	0.16916	0.13809	0.16916	0.26026	0.40518	0.59404	0.81398	1.05000	1.28602	1.50595	1.69482	1.83974	1.93084	
1.98914	1.95680	1.86198	1.71115	1.51457	1.28566	1.04000	0.79434	0.56543	0.36885	0.21802	0.12320	0.09085	0.12320	0.21802	0.36885	0.56543	0.79434	1.04000	1.28566	1.51457	1.71115	1.86198	1.95680	
2.00487	1.97165	1.87426	1.71934	1.51744	1.28232	1.03000	0.77768	0.54256	0.34066	0.18574	0.08835	0.05513	0.08835	0.18574	0.34066	0.54256	0.77768	1.03000	1.28232	1.51744	1.71934	1.87426	1.97165	
2.00999	1.97625	1.87735	1.72003	1.51499	1.27623	1.02000	0.76377	0.52501	0.31997	0.16265	0.06375	0.03001	0.06375	0.16265	0.31997	0.52501	0.76377	1.02000	1.27623	1.51499	1.72003	1.87735	1.97625	
2.00497	1.97107	1.87167	1.71355	1.50749	1.26752	1.01000	0.75248	0.51251	0.30645	0.14833	0.04893	0.01503	0.04893	0.14833	0.30645	0.51251	0.75248	1.01000	1.26752	1.50749	1.71355	1.87167	1.97107	
1.98999	1.95625	1.85735	1.70003	1.49499	1.25623	1.00000	0.74377	0.50501	0.29997	0.14265	0.04375	0.01001	0.04375	0.14265	0.29997	0.50501	0.74377	1.00000	1.25623	1.49499	1.70003	1.85735	1.95625	
1.96487	1.93165	1.83426	1.67934	1.47744	1.24232	0.99000	0.73768	0.50256	0.30066	0.14574	0.04835	0.01513	0.04835	0.14574	0.30066	0.50256	0.73768	0.99000	1.24232	1.47744	1.67934	1.83426	1.93165	
1.92915	1.89680	1.80198	1.65115	1.45457	1.22566	0.98000	0.73434	0.50543	0.30885	0.15802	0.06320	0.03086	0.06320	0.15802	0.30885	0.50543	0.73434	0.98000	1.22566	1.45457	1.65115	1.80198	1.89680	
1.88191	1.85084	1.75974	1.61482	1.42595	1.20602	0.97000	0.73398	0.51405	0.32518	0.18026	0.08916	0.05809	0.08916	0.18026	0.32518	0.51405	0.73398	0.97000	1.20602	1.42595	1.61482	1.75974	1.85084	
1.82167	1.79231	1.70623	1.56930	1.39084	1.18302	0.96000	0.73698	0.52916	0.35071	0.21377	0.12769	0.09833	0.12769	0.21377	0.35071	0.52916	0.73698	0.96000	1.18302	1.39084	1.56930	1.70623	1.79231	
1.74598	1.71886	1.63934	1.51284	1.34799	1.15602	0.95000	0.74399	0.55201	0.38716	0.26066	0.18114	0.15402	0.18114	0.26066	0.38716	0.55201	0.74399	0.95000	1.15602	1.34799	1.51284	1.63934	1.71886	
1.65055	1.62634	1.55536	1.44244	1.29528	1.12391	0.94000	0.75610	0.58472	0.43756	0.32464	0.25366	0.22945	0.25366	0.32464	0.43756	0.58472	0.75610	0.94000	1.12391	1.29528	1.44244	1.55536	1.62634	
1.52699	1.50664	1.44700	1.35213	1.22849	1.08451	0.93000	0.77549	0.63151	0.50787	0.41300	0.35336	0.33302	0.35336	0.41300	0.50787	0.63151	0.77549	0.93000	1.08451	1.22849	1.35213	1.44700	1.50664	
1.35370	1.33892	1.29560	1.22667	1.13685	1.03225	0.92000	0.80775	0.70315	0.61333	0.54441	0.50108	0.48630	0.50108	0.54441	0.61333	0.70315	0.80775	0.92000	1.03225	1.13685	1.22667	1.29560	1.33892	
0.91000	0.91000	0.91000	0.91000	0.91000	0.91000	0.91000	0.91000	0.91000	0.91000	0.91000	0.91000	0.91000	0.91000	0.91000	0.91000	0.91000	0.91000	0.91000	0.91000	0.91000	0.91000	0.91000	0.91000	
1.00000	1.00000	1.00000	1.00000	1.00000	1.00000	1.00000	1.00000	1.00000	1.00000	1.00000	1.00000	1.00000	1.00000	1.00000	1.00000	1.00000	1.00000	1.00000	1.00000	1.00000	1.00000	1.00000	1.00000	
1.43588	1.42103	1.37749	1.30822	1.21794	1.11282	1.00000	0.88718	0.78206	0.69178	0.62251	0.57897	0.56412	0.57897	0.62251	0.69178	0.78206	0.88718	1.00000	1.11282	1.21794	1.30822	1.37749	1.42103	
1.59999	1.57955	1.51961	1.42426	1.30000	1.15529	1.00000	0.84471	0.70000	0.57574	0.48039	0.42045	0.40001	0.42045	0.48039	0.57574	0.70000	0.84471	1.00000	1.15529	1.30000	1.42426	1.51961	1.57955	
1.71413	1.68980	1.61846	1.50497	1.35707	1.18483	1.00000	0.81517	0.64293	0.49503	0.38154	0.31020	0.28587	0.31020	0.38154	0.49503	0.64293	0.81517	1.00000	1.18483	1.35707	1.50497	1.61846	1.68980	
1.79999	1.77273	1.69281	1.56568	1.39999	1.20705	1.00000	0.79295	0.60001	0.43432	0.30719	0.22727	0.20001	0.22727	0.30719	0.43432	0.60001	0.79295	1.00000	1.20705	1.39999	1.56568	1.69281	1.77273	
1.86601	1.83651	1.74999	1.61236	1.43301	1.22414	1.00000	0.77586	0.56699	0.38764	0.25001	0.16349	0.13399	0.16349	0.25001	0.38764	0.56699	0.77586	1.00000	1.22414	1.43301	1.61236	1.74999	1.83651	
1.91650	1.88527	1.79372	1.64807	1.45825	1.23721	1.00000	0.76279	0.54175	0.35193	0.20628	0.11473	0.08350	0.11473	0.20628	0.35193	0.54175	0.76279	1.00000	1.23721	1.45825	1.64807	1.79372	1.88527	
1.95393	1.92142	1.82612	1.67453	1.47696	1.24689	1.00000	0.75311	0.52304	0.32547	0.17388	0.07858	0.04607	0.07858	0.17388	0.32547	0.52304	0.75311	1.00000	1.24689	1.47696	1.67453	1.82612	1.92142	
1.97978	1.94640	1.84852	1.69281	1.48989	1.25359	1.00000	0.74641	0.51011	0.30719	0.15148	0.05360	0.02022	0.05360	0.15148	0.30719	0.51011	0.74641	1.00000	1.25359	1.48989	1.69281	1.84852	1.94640	
1.99497	1.96107	1.86167	1.70355	1.49749	1.25752	1.00000	0.74248	0.50251	0.29645	0.13833	0.03893	0.00503	0.03893	0.13833	0.29645	0.50251	0.74248	1.00000	1.25752	1.49749	1.70355	1.86167	1.96107	
1.99999	1.96591	1.86601	1.70710	1.49999	1.25882	1.00000	0.74118	0.50001	0.29290	0.13399	0.03409	0.00001	0.03409	0.13399	0.29290	0.50001	0.74118	1.00000	1.25882	1.49999	1.70710	1.86601	1.96591	
1.99497	1.96107	1.86167	1.70355	1.49749	1.25752	1.00000	0.74248	0.50251	0.29645	0.13833	0.03893	0.00503	0.03893	0.13833	0.29645	0.50251	0.74248	1.00000	1.25752	1.49749	1.70355	1.86167	1.96107	
1.97978	1.94640	1.84852	1.69281	1.48989	1.25359	1.00000	0.74641	0.51011	0.30719	0.15148	0.05360	0.02022	0.05360	0.15148	0.30719	0.51011	0.74641	1.00000	1.25359	1.48989	1.69281	1.84852	1.94640	
1.95393	1.92142	1.82612	1.67453	1.47696	1.24689	1.00000	0.75311	0.52304	0.32547	0.17388	0.07858	0.04607	0.07858	0.17388	0.32547	0.52304	0.75311	1.00000	1.24689	1.47696	1.67453	1.82612	1.92142	
1.91650	1.88527	1.79372	1.64807	1.45825	1.23721	1.00000	0.76279	0.54175	0.35193	0.20628	0.11473	0.08350	0.11473	0.20628	0.35193	0.54175	0.76279	1.00000	1.23721	1.45825	1.64807	1.79372	1.88527	
1.86601	1.83651	1.74999	1.61236	1.43301	1.22414	1.00000	0.77586	0.56699	0.38764	0.25001	0.16349	0.13399	0.16349	0.25001	0.38764	0.56699	0.77586	1.00000	1.22414	1.43301	1.61236	1.74999	1.83651	
1.79999	1.77273	1.69281	1.56568	1.39999	1.20705	1.00000	0.79295	0.60001	0.43432	0.30719	0.22727	0.20001	0.22727	0.30719	0.43432	0.60001	0.79295	1.00000	1.20705	1.39999	1.56568	1.69281	1.77273	
1.71413	1.68980	1.61846	1.50497	1.35707	1.18483	1.00000	0.81517	0.64293	0.49503	0.38154	0.31020	0.28587	0.31020	0.38154	0.49503	0.64293	0.81517	1.00000	1.18483	1.35707	1.50497	1.61846	1.68980	
1.59999	1.57955	1.51961	1.42426	1.30000	1.15529	1.00000	0.84471	0.70000	0.57574	0.48039	0.42045	0.40001	0.42045	0.48039	0.57574	0.70000	0.84471	1.00000	1.15529	1.30000	1.42426	1.51961	1.57955	
1.43588	1.42103	1.37749	1.30822	1.21794	1.11282	1.00000	0.88718	0.78206	0.69178	0.62251	0.57897	0.56412	0.57897	0.62251	0.69178	0.78206	0.88718	1.00000	1.11282	1.21794	1.30822	1.37749	1.42103	
1.00000	1.00000	1.00000	1.00000	1.00000	1.00000	1.00000	1.00000	1.00000	1.00000	1.00000	1.00000	1.00000	1.00000	1.00000	1.00000	1.00000	1.00000	1.00000	1.00000	1.00000	1.00000	1.00000	1.00000	
0.89000	0.89000	0.89000	0.89000	0.89000	0.89000	0.89000	0.89000	0.89000	0.89000	0.89000	0.89000	0.89000	0.89000	0.89000	0.89000	0.89000	0.89000	0.89000	0.89000	0.89000	0.89000	0.89000	0.89000	
1.33370	1.31892	1.27560	1.20667	1.11685	1.01225	0.90000	0.78775	0.68315	0.59333	0.52441	0.48108	0.46630	0.48108	0.52441	0.59333	0.68315	0.78775	0.90000	1.01225	1.11685	1.20667	1.27560	1.31892	
1.50699	1.48664	1.42701	1.33213	1.20849	1.06451	0.91000	0.75549	0.61151	0.48787	0.39300	0.33336	0.31302	0.33336	0.39300	0.48787	0.61151	0.75549	0.91000	1.06451	1.20849	1.33213	1.42701	1.48664	
1.63055	1.60634	1.53536	1.42244	1.27528	1.10391	0.92000	0.73610	0.56472	0.41756	0.30464	0.23366	0.20945	0.23366	0.30464	0.41756	0.56472	0.73610	0.92000	1.10391	1.27528	1.42244	1.53536	1.60634	
1.72598	1.69886	1.61934	1.49284	1.32799	1.13602	0.93000	0.72399	0.53201	0.36716	0.24066	0.16114	0.13402	0.16114	0.24066	0.36716	0.53201	0.72399	0.93000	1.13602	1.32799	1.49284	1.61934	1.69886	
1.80167	1.77231	1.68623	1.54930	1.37084	1.16302	0.94000	0.71698	0.50916	0.33071	0.19377	0.10769	0.07833	0.10769	0.19377	0.33071	0.50916	0.71698	0.94000	1.16302	1.37084	1.54930	1.68623	1.77231	
1.86191	1.83084	1.73974	1.59482	1.40596	1.18602	0.95000	0.71398	0.49405	0.30518	0.16026	0.06916	0.03809	0.06916	0.16026	0.30518	0.49405	0.71398	0.95000	1.18602	1.40596	1.59482	1.73974	1.83084	
1.90915	1.87680	1.78198	1.63115	1.43457	1.20566	0.96000	0.71434	0.48543	0.28885	0.13802	0.04320	0.01086	0.04320	0.13802	0.28885	0.48543	0.71434	0.96000	1.20566	1.43457	1.63115	1.78198	1.87680	
1.94487	1.91165	1.81426	1.65934	1.45744	1.22232	0.97000	0.71768	0.48256	0.28066	0.12574	0.02835	-0.00487	0.02835	0.12574	0.28066	0.48256	0.71768	0.97000	1.22232	1.45744	1.65934	1.81426	1.91165	
1.96999	1.93625	1.83735	1.68003	1.47499	1.23623	0.98000	0.72377	0.48501	0.27997	0.12265	0.02375	-0.00999	0.02375	0.12265	0.27997	0.48501	0.72377	0.98000	1.23623	1.47499	1.68003	1.83735	1.93625	
1.98497	1.95107	1.85167	1.69355	1.48749	1.24752	0.99000	0.73248	0.49251	0.28645	0.12833	0.02893	-0.00497	0.02893	0.12833	0.28645	0.49251	0.73248	0.99000	1.24752	1.48749	1.69355	1.85167	1.95107	
1.98999	1.95625	1.85735	1.70003	1.49499	1.25623	1.00000	0.74377	0.50501	0.29997	0.14265	0.04375	0.01001	0.04375	0.14265	0.29997	0.50501	0.74377	1.00000	1.25623	1.49499	1.70003	1.85735	1.95625	
1.98487	1.95165	1.85426	1.69934	1.49744	1.26232	1.01000	0.75768	0.52256	0.32066	0.16574	0.06835	0.03513	0.06835	0.16574	0.32066	0.52256	0.75768	1.01000	1.26232	1.49744	1.69934	1.85426	1.95165	
1.96914	1.93680	1.84198	1.69115	1.49457	1.26566	1.02000	0.77434	0.54543	0.34885	0.19802	0.10320	0.07085	0.10320	0.19802	0.34885	0.54543	0.77434	1.02000	1.26566	1.49457	1.69115	1.84198	1.93680	
1.94191	1.91084	1.81974	1.67482	1.48595	1.26602	1.03000	0.79398	0.57405	0.38518	0.24026	0.14916	0.11809	0.14916	0.24026	0.38518	0.57405	0.79398	1.03000	1.26602	1.48595	1.67482	1.81974	1.91084	
1.90167	1.87231	1.78623	1.64929	1.47084	1.26302	1.04000	0.81698	0.60916	0.43070	0.29377	0.20769	0.17833	0.20769	0.29377	0.43070	0.60916	0.81698	1.04000	1.26302	1.47084	1.64929	1.78623	1.87231	
1.84598	1.81886	1.73934	1.61284	1.44799	1.25601	1.05000	0.84398	0.65201	0.48716	0.36066	0.28114	0.25402	0.28114	0.36066	0.48716	0.65201	0.84398	1.05000	1.25601	1.44799	1.61284	1.73934	1.81886	
1.77055	1.74634	1.67536	1.56244	1.41528	1.24390	1.06000	0.87609	0.70472	0.55756	0.44464	0.37366	0.34945	0.37366	0.44464	0.55756	0.70472	0.87609	1.06000	1.24390	1.41528	1.56244	1.67536	1.74634	
1.66698	1.64664	1.58700	1.49213	1.36849	1.22451	1.07000	0.91549	0.77151	0.64787	0.55300	0.49336	0.47301	0.49336	0.55300	0.64787	0.77151	0.91549	1.07000	1.22451	1.36849	1.49213	1.58700	1.64664	
1.51370	1.49892	1.45559	1.38667	1.29685	1.19225	1.08000	0.96775	0.86315	0.77333	0.70440	0.66108	0.64630	0.66108	0.70440	0.77333	0.86315	0.96775	1.08000	1.19225	1.29685	1.38667	1.45559	1.49892	
1.09000	1.09000	1.09000	1.09000	1.09000	1.09000	1.09000	1.09000	1.09000	1.09000	1.09000	1.09000	1.09000	1.09000	1.09000	1.09000	1.09000	1.09000	1.09000	1.09000	1.09000	1.09000	1.09000	1.09000	
0.78000	0.78000	0.78000	0.78000	0.78000	0.78000	0.78000	0.78000	0.78000	0.78000	0.78000	0.78000	0.78000	0.78000	0.78000	0.78000	0.78000	0.78000	0.78000	0.78000	0.78000	0.78000	0.78000	0.78000	
1.22708	1.21253	1.16986	1.10199	1.01354	0.91054	0.80000	0.68947	0.58646	0.49801	0.43014	0.38748	0.37293	0.38748	0.43014	0.49801	0.58646	0.68947	0.80000	0.91054	1.01354	1.10199	1.16986	1.21253	
1.40787	1.38784	1.32911	1.23569	1.11394	0.97215	0.82000	0.66785	0.52607	0.40432	0.31089	0.25216	0.23213	0.25216	0.31089	0.40432	0.52607	0.66785	0.82000	0.97215	1.11394	1.23569	1.32911	1.38784	
1.53971	1.51587	1.44596	1.33477	1.18985	1.02110	0.84000	0.65891	0.49015	0.34524	0.23404	0.16414	0.14030	0.16414	0.23404	0.34524	0.49015	0.65891	0.84000	1.02110	1.18985	1.33477	1.44596	1.51587	
1.64383	1.61712	1.53882	1.41425	1.25192	1.06287	0.86000	0.65713	0.46809	0.30575	0.18119	0.10288	0.07618	0.10288	0.18119	0.30575	0.46809	0.65713	0.86000	1.06287	1.25192	1.41425	1.53882	1.61712	
1.72852	1.69961	1.61484	1.47999	1.30426	1.09961	0.88000	0.66039	0.45574	0.28001	0.14516	0.06040	0.03148	0.06040	0.14516	0.28001	0.45574	0.66039	0.88000	1.09961	1.30426	1.47999	1.61484	1.69961	
1.79799	1.76739	1.67768	1.53497	1.34899	1.13242	0.90000	0.66759	0.45101	0.26503	0.12232	0.03261	0.00202	0.03261	0.12232	0.26503	0.45101	0.66759	0.90000	1.13242	1.34899	1.53497	1.67768	1.76739	
1.85465	1.82281	1.72943	1.58090	1.38733	1.16191	0.92000	0.67809	0.45267	0.25910	0.11057	0.01720	-0.01465	0.01720	0.11057	0.25910	0.45267	0.67809	0.92000	1.16191	1.38733	1.58090	1.72943	1.82281	
1.89999	1.86728	1.77137	1.61881	1.41999	1.18846	0.94000	0.69154	0.46001	0.26119	0.10863	0.01272	-0.01999	0.01272	0.10863	0.26119	0.46001	0.69154	0.94000	1.18846	1.41999	1.61881	1.77137	1.86728	
1.93487	1.90165	1.80426	1.64934	1.44744	1.21232	0.96000	0.70769	0.47256	0.27066	0.11574	0.01835	-0.01487	0.01835	0.11574	0.27066	0.47256	0.70769	0.96000	1.21232	1.44744	1.64934	1.80426	1.90165	
1.95978	1.92640	1.82852	1.67281	1.46989	1.23359	0.98000	0.72641	0.49011	0.28719	0.13148	0.03360	0.00022	0.03360	0.13148	0.28719	0.49011	0.72641	0.98000	1.23359	1.46989	1.67281	1.82852	1.92640	
1.97487	1.94165	1.84426	1.68934	1.48744	1.25232	1.00000	0.74768	0.51256	0.31066	0.15574	0.05835	0.02513	0.05835	0.15574	0.31066	0.51256	0.74768	1.00000	1.25232	1.48744	1.68934	1.84426	1.94165	
1.97999	1.94728	1.85137	1.69881	1.49999	1.26846	1.02000	0.77154	0.54001	0.34119	0.18863	0.09272	0.06001	0.09272	0.18863	0.34119	0.54001	0.77154	1.02000	1.26846	1.49999	1.69881	1.85137	1.94728	
1.97465	1.94281	1.84943	1.70090	1.50733	1.28191	1.04000	0.79809	0.57267	0.37910	0.23057	0.13719	0.10535	0.13719	0.23057	0.37910	0.57267	0.79809	1.04000	1.28191	1.50733	1.70090	1.84943	1.94281	
1.95799	1.92739	1.83768	1.69497	1.50899	1.29242	1.06000	0.82758	0.61101	0.42503	0.28232	0.19261	0.16201	0.19261	0.28232	0.42503	0.61101	0.82758	1.06000	1.29242	1.50899	1.69497	1.83768	1.92739	
1.92852	1.89960	1.81484	1.67999	1.50426	1.29961	1.08000	0.86039	0.65574	0.48001	0.34516	0.26039	0.23148	0.26039	0.34516	0.48001	0.65574	0.86039	1.08000	1.29961	1.50426	1.67999	1.81484	1.89960	
1.88383	1.85712	1.77881	1.65425	1.49191	1.30287	1.10000	0.89713	0.70809	0.54575	0.42119	0.34288	0.31617	0.34288	0.42119	0.54575	0.70809	0.89713	1.10000	1.30287	1.49191	1.65425	1.77881	1.85712	
1.81970	1.79586	1.72596	1.61476	1.46985	1.30110	1.12000	0.93890	0.77015	0.62523	0.51404	0.44414	0.42029	0.44414	0.51404	0.62523	0.77015	0.93890	1.12000	1.30110	1.46985	1.61476	1.72596	1.79586	
1.72787	1.70784	1.64911	1.55568	1.43393	1.29215	1.14000	0.98785	0.84606	0.72431	0.63089	0.57216	0.55213	0.57216	0.63089	0.72431	0.84606	0.98785	1.14000	1.29215	1.43393	1.55568	1.64911	1.70784	
1.58708	1.57252	1.52986	1.46199	1.37354	1.27053	1.16000	1.04946	0.94646	0.85801	0.79014	0.74747	0.73292	0.74747	0.79014	0.85801	0.94646	1.04946	1.16000	1.27053	1.37354	1.46199	1.52986	1.57252	
1.18000	1.18000	1.18000	1.18000	1.18000	1.18000	1.18000	1.18000	1.18000	1.18000	1.18000	1.18000	1.18000	1.18000	1.18000	1.18000	1.18000	1.18000	1.18000	1.18000	1.18000	1.18000	1.18000	1.18000	
0.67000	0.67000	0.67000	0.67000	0.67000	0.67000	0.67000	0.67000	0.67000	0.67000	0.67000	0.67000	0.67000	0.67000	0.67000	0.67000	0.67000	0.67000	0.67000	0.67000	0.67000	0.67000	0.67000	0.67000	
1.11581	1.10164	1.06010	0.99402	0.90791	0.80762	0.70000	0.59239	0.49210	0.40598	0.33990	0.29837	0.28420	0.29837	0.33990	0.40598	0.49210	0.59239	0.70000	0.80762	0.90791	0.99402	1.06010	1.10164	
1.30236	1.28286	1.22568	1.13472	1.01618	0.87814	0.73000	0.58187	0.44383	0.32529	0.23433	0.17715	0.15765	0.17715	0.23433	0.32529	0.44383	0.58187	0.73000	0.87814	1.01618	1.13472	1.22568	1.28286	
1.44124	1.41803	1.34997	1.24171	1.10062	0.93632	0.76000	0.58369	0.41938	0.27829	0.17003	0.10198	0.07876	0.10198	0.17003	0.27829	0.41938	0.58369	0.76000	0.93632	1.10062	1.24171	1.34997	1.41803	
1.55314	1.52714	1.45090	1.32963	1.17157	0.98752	0.79000	0.59249	0.40843	0.25038	0.12910	0.05286	0.02686	0.05286	0.12910	0.25038	0.40843	0.59249	0.79000	0.98752	1.17157	1.32963	1.45090	1.52714	
1.64613	1.61798	1.53545	1.40416	1.23306	1.03382	0.82000	0.60619	0.40694	0.23584	0.10456	0.02203	-0.00612	0.02203	0.10456	0.23584	0.40694	0.60619	0.82000	1.03382	1.23306	1.40416	1.53545	1.61798	
1.72429	1.69450	1.60716	1.46822	1.28715	1.07628	0.85000	0.62372	0.41286	0.23179	0.09285	0.00550	-0.02429	0.00550	0.09285	0.23179	0.41286	0.62372	0.85000	1.07628	1.28715	1.46822	1.60716	1.69450	
1.78999	1.75898	1.66807	1.52346	1.33500	1.11552	0.88000	0.64448	0.42501	0.23654	0.09193	0.00102	-0.02999	0.00102	0.09193	0.23654	0.42501	0.64448	0.88000	1.11552	1.33500	1.52346	1.66807	1.75898	
1.84465	1.81281	1.71943	1.57090	1.37733	1.15191	0.91000	0.66810	0.44267	0.24910	0.10057	0.00720	-0.02465	0.00720	0.10057	0.24910	0.44267	0.66810	0.91000	1.15191	1.37733	1.57090	1.71943	1.81281	
1.88915	1.85680	1.76198	1.61115	1.41457	1.18566	0.94000	0.69434	0.46543	0.26885	0.11802	0.02320	-0.00914	0.02320	0.11802	0.26885	0.46543	0.69434	0.94000	1.18566	1.41457	1.61115	1.76198	1.85680	
1.92393	1.89142	1.79613	1.64453	1.44696	1.21689	0.97000	0.72311	0.49304	0.29547	0.14388	0.04858	0.01607	0.04858	0.14388	0.29547	0.49304	0.72311	0.97000	1.21689	1.44696	1.64453	1.79613	1.89142	
1.94915	1.91680	1.82198	1.67115	1.47457	1.24566	1.00000	0.75434	0.52543	0.32885	0.17802	0.08320	0.05085	0.08320	0.17802	0.32885	0.52543	0.75434	1.00000	1.24566	1.47457	1.67115	1.82198	1.91680	
1.96465	1.93281	1.83943	1.69090	1.49733	1.27191	1.03000	0.78809	0.56267	0.36910	0.22057	0.12719	0.09535	0.12719	0.22057	0.36910	0.56267	0.78809	1.03000	1.27191	1.49733	1.69090	1.83943	1.93281	
1.96999	1.93898	1.84807	1.70346	1.51499	1.29552	1.06000	0.82448	0.60501	0.41654	0.27193	0.18102	0.15001	0.18102	0.27193	0.41654	0.60501	0.82448	1.06000	1.29552	1.51499	1.70346	1.84807	1.93898	
1.96429	1.93450	1.84715	1.70821	1.52714	1.31628	1.09000	0.86372	0.65285	0.47178	0.33284	0.24550	0.21571	0.24550	0.33284	0.47178	0.65285	0.86372	1.09000	1.31628	1.52714	1.70821	1.84715	1.93450	
1.94612	1.91797	1.83544	1.70416	1.53306	1.33382	1.12000	0.90618	0.70694	0.53584	0.40455	0.32202	0.29387	0.32202	0.40455	0.53584	0.70694	0.90618	1.12000	1.33382	1.53306	1.70416	1.83544	1.91797	
1.91314	1.88714	1.81090	1.68962	1.53157	1.34751	1.15000	0.95248	0.76843	0.61038	0.48910	0.41286	0.38686	0.41286	0.48910	0.61038	0.76843	0.95248	1.15000	1.34751	1.53157	1.68962	1.81090	1.88714	
1.86124	1.83802	1.76997	1.66171	1.52062	1.35632	1.18000	1.00368	0.83938	0.69829	0.59003	0.52197	0.49876	0.52197	0.59003	0.69829	0.83938	1.00368	1.18000	1.35632	1.52062	1.66171	1.76997	1.83802	
1.78235	1.76285	1.70567	1.61471	1.49618	1.35813	1.21000	1.06186	0.92382	0.80528	0.71432	0.65714	0.63764	0.65714	0.71432	0.80528	0.92382	1.06186	1.21000	1.35813	1.49618	1.61471	1.70567	1.76285	
1.65580	1.64164	1.60010	1.53402	1.44790	1.34762	1.24000	1.13238	1.03209	0.94598	0.87990	0.83836	0.82419	0.83836	0.87990	0.94598	1.03209	1.13238	1.24000	1.34762	1.44790	1.53402	1.60010	1.64164	
1.27000	1.27000	1.27000	1.27000	1.27000	1.27000	1.27000	1.27000	1.27000	1.27000	1.27000	1.27000	1.27000	1.27000	1.27000	1.27000	1.27000	1.27000	1.27000	1.27000	1.27000	1.27000	1.27000	1.27000	
0.56001	0.56001	0.56001	0.56001	0.56001	0.56001	0.56001	0.56001	0.56001	0.56001	0.56001	0.56001	0.56001	0.56001	0.56001	0.56001	0.56001	0.56001	0.56001	0.56001	0.56001	0.56001	0.56001	0.56001	
0.99950	0.98589	0.94598	0.88249	0.79975	0.70340	0.60001	0.49661	0.40026	0.31752	0.25403	0.21412	0.20051	0.21412	0.25403	0.31752	0.40026	0.49661	0.60001	0.70340	0.79975	0.88249	0.94598	0.98589	
1.18991	1.17117	1.11623	1.02884	0.91496	0.78233	0.64000	0.49768	0.36505	0.25117	0.16378	0.10884	0.09010	0.10884	0.16378	0.25117	0.36505	0.49768	0.64000	0.78233	0.91496	1.02884	1.11623	1.17117	
1.33452	1.31222	1.24683	1.14282	1.00726	0.84940	0.68000	0.51060	0.35275	0.21719	0.11318	0.04779	0.02549	0.04779	0.11318	0.21719	0.35275	0.51060	0.68000	0.84940	1.00726	1.14282	1.24683	1.31222	
1.45321	1.42822	1.35498	1.23846	1.08660	0.90977	0.72000	0.53024	0.35340	0.20155	0.08503	0.01178	-0.01320	0.01178	0.08503	0.20155	0.35340	0.53024	0.72000	0.90977	1.08660	1.23846	1.35498	1.42822	
1.55372	1.52667	1.44738	1.32124	1.15686	0.96543	0.76000	0.55457	0.36315	0.19876	0.07263	-0.00667	-0.03371	-0.00667	0.07263	0.19876	0.36315	0.55457	0.76000	0.96543	1.15686	1.32124	1.44738	1.52667	
1.63999	1.61137	1.52745	1.39396	1.22000	1.01741	0.80000	0.58260	0.38001	0.20604	0.07255	-0.01136	-0.03999	-0.01136	0.07255	0.20604	0.38001	0.58260	0.80000	1.01741	1.22000	1.39396	1.52745	1.61137	
1.71429	1.68450	1.59716	1.45822	1.27715	1.06628	0.84000	0.61372	0.40286	0.22179	0.08285	-0.00450	-0.03429	-0.00450	0.08285	0.22179	0.40286	0.61372	0.84000	1.06628	1.27715	1.45822	1.59716	1.68450	
1.77799	1.74739	1.65768	1.51497	1.32899	1.11242	0.88000	0.64759	0.43101	0.24503	0.10232	0.01261	-0.01798	0.01261	0.10232	0.24503	0.43101	0.64759	0.88000	1.11242	1.32899	1.51497	1.65768	1.74739	
1.83191	1.80084	1.70974	1.56482	1.37596	1.15602	0.92000	0.68398	0.46405	0.27518	0.13026	0.03916	0.00809	0.03916	0.13026	0.27518	0.46405	0.68398	0.92000	1.15602	1.37596	1.56482	1.70974	1.80084	
1.87650	1.84527	1.75372	1.60807	1.41825	1.19721	0.96000	0.72279	0.50175	0.31193	0.16629	0.07473	0.04350	0.07473	0.16629	0.31193	0.50175	0.72279	0.96000	1.19721	1.41825	1.60807	1.75372	1.84527	
1.91191	1.88084	1.78974	1.64482	1.45595	1.23602	1.00000	0.76398	0.54405	0.35518	0.21026	0.11916	0.08809	0.11916	0.21026	0.35518	0.54405	0.76398	1.00000	1.23602	1.45595	1.64482	1.78974	1.88084	
1.93799	1.90739	1.81768	1.67497	1.48899	1.27242	1.04000	0.80758	0.59101	0.40503	0.26232	0.17261	0.14201	0.17261	0.26232	0.40503	0.59101	0.80758	1.04000	1.27242	1.48899	1.67497	1.81768	1.90739	
1.95429	1.92450	1.83715	1.69821	1.51714	1.30628	1.08000	0.85372	0.64285	0.46178	0.32284	0.23550	0.20571	0.23550	0.32284	0.46178	0.64285	0.85372	1.08000	1.30628	1.51714	1.69821	1.83715	1.92450	
1.95999	1.93137	1.84745	1.71396	1.53999	1.33740	1.12000	0.90259	0.70000	0.52604	0.39255	0.30863	0.28001	0.30863	0.39255	0.52604	0.70000	0.90259	1.12000	1.33740	1.53999	1.71396	1.84745	1.93137	
1.95371	1.92667	1.84738	1.72124	1.55686	1.36543	1.16000	0.95457	0.76314	0.59876	0.47262	0.39333	0.36628	0.39333	0.47262	0.59876	0.76314	0.95457	1.16000	1.36543	1.55686	1.72124	1.84738	1.92667	
1.93320	1.90822	1.83497	1.71845	1.56660	1.38976	1.20000	1.01023	0.83340	0.68154	0.56503	0.49178	0.46679	0.49178	0.56503	0.68154	0.83340	1.01023	1.20000	1.38976	1.56660	1.71845	1.83497	1.90822	
1.89451	1.87221	1.80682	1.70281	1.56725	1.40940	1.24000	1.07060	0.91274	0.77719	0.67317	0.60778	0.58548	0.60778	0.67317	0.77719	0.91274	1.07060	1.24000	1.40940	1.56725	1.70281	1.80682	1.87221	
1.82990	1.81116	1.75623	1.66884	1.55495	1.42232	1.28000	1.13767	1.00505	0.89116	0.80377	0.74883	0.73009	0.74883	0.80377	0.89116	1.00505	1.13767	1.28000	1.42232	1.55495	1.66884	1.75623	1.81116	
1.71949	1.70588	1.66597	1.60248	1.51974	1.42339	1.32000	1.21660	1.12025	1.03751	0.97402	0.93411	0.92050	0.93411	0.97402	1.03751	1.12025	1.21660	1.32000	1.42339	1.51974	1.60248	1.66597	1.70588	
1.36000	1.36000	1.36000	1.36000	1.36000	1.36000	1.36000	1.36000	1.36000	1.36000	1.36000	1.36000	1.36000	1.36000	1.36000	1.36000	1.36000	1.36000	1.36000	1.36000	1.36000	1.36000	1.36000	1.36000	
0.45001	0.45001	0.45001	0.45001	0.45001	0.45001	0.45001	0.45001	0.45001	0.45001	0.45001	0.45001	0.45001	0.45001	0.45001	0.45001	0.45001	0.45001	0.45001	0.45001	0.45001	0.45001	0.45001	0.45001	
0.87749	0.86463	0.82692	0.76693	0.68875	0.59771	0.50001	0.40231	0.31126	0.23308	0.17309	0.13538	0.12252	0.13538	0.17309	0.23308	0.31126	0.40231	0.50001	0.59771	0.68875	0.76693	0.82692	0.86463	
1.06961	1.05191	1.00000	0.91742	0.80981	0.68449	0.55001	0.41552	0.29020	0.18259	0.10001	0.04810	0.03040	0.04810	0.10001	0.18259	0.29020	0.41552	0.55001	0.68449	0.80981	0.91742	1.00000	1.05191	
1.21846	1.19739	1.13561	1.03732	0.90923	0.76007	0.60001	0.43994	0.29078	0.16269	0.06441	0.00262	-0.01845	0.00262	0.06441	0.16269	0.29078	0.43994	0.60001	0.76007	0.90923	1.03732	1.13561	1.19739	
1.34282	1.31921	1.25000	1.13990	0.99641	0.82932	0.65000	0.47069	0.30360	0.16011	0.05001	-0.01920	-0.04281	-0.01920	0.05001	0.16011	0.30360	0.47069	0.65000	0.82932	0.99641	1.13990	1.25000	1.31921	
1.44999	1.42444	1.34951	1.23033	1.07500	0.89412	0.70000	0.50589	0.32501	0.16968	0.05049	-0.02443	-0.04999	-0.02443	0.05049	0.16968	0.32501	0.50589	0.70000	0.89412	1.07500	1.23033	1.34951	1.42444	
1.54372	1.51667	1.43738	1.31124	1.14686	0.95543	0.75000	0.54457	0.35315	0.18876	0.06263	-0.01667	-0.04371	-0.01667	0.06263	0.18876	0.35315	0.54457	0.75000	0.95543	1.14686	1.31124	1.43738	1.51667	
1.62613	1.59798	1.51545	1.38416	1.21307	1.01382	0.80000	0.58619	0.38694	0.21584	0.08456	0.00203	-0.02612	0.00203	0.08456	0.21584	0.38694	0.58619	0.80000	1.01382	1.21307	1.38416	1.51545	1.59798	
1.69852	1.66961	1.58484	1.44999	1.27426	1.06961	0.85000	0.63039	0.42574	0.25001	0.11516	0.03040	0.00148	0.03040	0.11516	0.25001	0.42574	0.63039	0.85000	1.06961	1.27426	1.44999	1.58484	1.66961	
1.76167	1.73231	1.64623	1.50930	1.33084	1.12302	0.90000	0.67698	0.46916	0.29071	0.15377	0.06769	0.03833	0.06769	0.15377	0.29071	0.46916	0.67698	0.90000	1.12302	1.33084	1.50930	1.64623	1.73231	
1.81601	1.78651	1.69999	1.56237	1.38301	1.17414	0.95000	0.72586	0.51699	0.33764	0.20001	0.11350	0.08399	0.11350	0.20001	0.33764	0.51699	0.72586	0.95000	1.17414	1.38301	1.56237	1.69999	1.78651	
1.86167	1.83231	1.74623	1.60929	1.43084	1.22302	1.00000	0.77698	0.56916	0.39071	0.25377	0.16769	0.13833	0.16769	0.25377	0.39071	0.56916	0.77698	1.00000	1.22302	1.43084	1.60929	1.74623	1.83231	
1.89852	1.86960	1.78484	1.64999	1.47426	1.26961	1.05000	0.83039	0.62574	0.45001	0.31516	0.23039	0.20148	0.23039	0.31516	0.45001	0.62574	0.83039	1.05000	1.26961	1.47426	1.64999	1.78484	1.86960	
1.92612	1.89797	1.81544	1.68416	1.51306	1.31382	1.10000	0.88618	0.68694	0.51584	0.38455	0.30202	0.27387	0.30202	0.38455	0.51584	0.68694	0.88618	1.10000	1.31382	1.51306	1.68416	1.81544	1.89797	
1.94371	1.91667	1.83738	1.71124	1.54686	1.35543	1.15000	0.94457	0.75314	0.58876	0.46262	0.38333	0.35628	0.38333	0.46262	0.58876	0.75314	0.94457	1.15000	1.35543	1.54686	1.71124	1.83738	1.91667	
1.94999	1.92443	1.84951	1.73032	1.57499	1.39411	1.20000	1.00589	0.82500	0.66967	0.55049	0.47556	0.45001	0.47556	0.55049	0.66967	0.82500	1.00589	1.20000	1.39411	1.57499	1.73032	1.84951	1.92443	
1.94281	1.91920	1.84999	1.73989	1.59640	1.42931	1.25000	1.07068	0.90359	0.76011	0.65000	0.58079	0.55719	0.58079	0.65000	0.76011	0.90359	1.07068	1.25000	1.42931	1.59640	1.73989	1.84999	1.91920	
1.91845	1.89738	1.83560	1.73731	1.60922	1.46006	1.30000	1.13993	0.99077	0.86268	0.76440	0.70261	0.68154	0.70261	0.76440	0.86268	0.99077	1.13993	1.30000	1.46006	1.60922	1.73731	1.83560	1.89738	
1.86960	1.85190	1.79999	1.71741	1.60980	1.48448	1.35000	1.21551	1.09019	0.98258	0.90000	0.84809	0.83039	0.84809	0.90000	0.98258	1.09019	1.21551	1.35000	1.48448	1.60980	1.71741	1.79999	1.85190	
1.77748	1.76462	1.72691	1.66692	1.58874	1.49770	1.39999	1.30229	1.21125	1.13307	1.07308	1.03537	1.02251	1.03537	1.07308	1.13307	1.21125	1.30229	1.39999	1.49770	1.58874	1.66692	1.72691	1.76462	
1.44999	1.44999	1.44999	1.44999	1.44999	1.44999	1.44999	1.44999	1.44999	1.44999	1.44999	1.44999	1.44999	1.44999	1.44999	1.44999	1.44999	1.44999	1.44999	1.44999	1.44999	1.44999	1.44999	1.44999	
0.34001	0.34001	0.34001	0.34001	0.34001	0.34001	0.34001	0.34001	0.34001	0.34001	0.34001	0.34001	0.34001	0.34001	0.34001	0.34001	0.34001	0.34001	0.34001	0.34001	0.34001	0.34001	0.34001	0.34001	
0.74872	0.73683	0.70200	0.64658	0.57436	0.49026	0.40001	0.30976	0.22565	0.15343	0.09802	0.06318	0.05130	0.06318	0.09802	0.15343	0.22565	0.30976	0.40001	0.49026	0.57436	0.64658	0.70200	0.73683	
0.94000	0.92365	0.87569	0.79941	0.70000	0.58424	0.46001	0.33578	0.22001	0.12060	0.04432	-0.00363	-0.01999	-0.00363	0.04432	0.12060	0.22001	0.33578	0.46001	0.58424	0.70000	0.79941	0.87569	0.92365	
1.09131	1.07185	1.01477	0.92398	0.80566	0.66787	0.52001	0.37214	0.23435	0.11603	0.02524	-0.03183	-0.05130	-0.03183	0.02524	0.11603	0.23435	0.37214	0.52001	0.66787	0.80566	0.92398	1.01477	1.07185	
1.22000	1.19819	1.13425	1.03255	0.90000	0.74565	0.58001	0.41436	0.26001	0.12746	0.02576	-0.03818	-0.05999	-0.03818	0.02576	0.12746	0.26001	0.41436	0.58001	0.74565	0.90000	1.03255	1.13425	1.19819	
1.33282	1.30921	1.24000	1.12990	0.98641	0.81932	0.64000	0.46069	0.29360	0.15011	0.04001	-0.02920	-0.05281	-0.02920	0.04001	0.15011	0.29360	0.46069	0.64000	0.81932	0.98641	1.12990	1.24000	1.30921	
1.43321	1.40822	1.33498	1.21846	1.06661	0.88977	0.70000	0.51024	0.33340	0.18155	0.06503	-0.00822	-0.03320	-0.00822	0.06503	0.18155	0.33340	0.51024	0.70000	0.88977	1.06661	1.21846	1.33498	1.40822	
1.52314	1.49714	1.42090	1.29963	1.14157	0.95752	0.76000	0.56249	0.37843	0.22038	0.09910	0.02287	-0.00314	0.02287	0.09910	0.22038	0.37843	0.56249	0.76000	0.95752	1.14157	1.29963	1.42090	1.49714	
1.60383	1.57712	1.49882	1.37425	1.21192	1.02287	0.82000	0.61713	0.42809	0.26575	0.14119	0.06288	0.03618	0.06288	0.14119	0.26575	0.42809	0.61713	0.82000	1.02287	1.21192	1.37425	1.49882	1.57712	
1.67598	1.64886	1.56934	1.44284	1.27799	1.08602	0.88000	0.67399	0.48201	0.31716	0.19066	0.11114	0.08402	0.11114	0.19066	0.31716	0.48201	0.67399	0.88000	1.08602	1.27799	1.44284	1.56934	1.64886	
1.73999	1.71273	1.63281	1.50568	1.34000	1.14705	0.94000	0.73295	0.54001	0.37432	0.24719	0.16727	0.14001	0.16727	0.24719	0.37432	0.54001	0.73295	0.94000	1.14705	1.34000	1.50568	1.63281	1.71273	
1.79598	1.76886	1.68934	1.56284	1.39799	1.20601	1.00000	0.79399	0.60201	0.43716	0.31066	0.23114	0.20402	0.23114	0.31066	0.43716	0.60201	0.79399	1.00000	1.20601	1.39799	1.56284	1.68934	1.76886	
1.84383	1.81712	1.73881	1.61425	1.45191	1.26287	1.06000	0.85713	0.66809	0.50575	0.38119	0.30288	0.27617	0.30288	0.38119	0.50575	0.66809	0.85713	1.06000	1.26287	1.45191	1.61425	1.73881	1.81712	
1.88314	1.85714	1.78090	1.65962	1.50157	1.31751	1.12000	0.92248	0.73843	0.58038	0.45910	0.38286	0.35686	0.38286	0.45910	0.58038	0.73843	0.92248	1.12000	1.31751	1.50157	1.65962	1.78090	1.85714	
1.91320	1.88822	1.81497	1.69845	1.54660	1.36976	1.18000	0.99023	0.81340	0.66155	0.54503	0.47178	0.44680	0.47178	0.54503	0.66155	0.81340	0.99023	1.18000	1.36976	1.54660	1.69845	1.81497	1.88822	
1.93281	1.90920	1.83999	1.72989	1.58640	1.41931	1.24000	1.06068	0.89359	0.75011	0.64000	0.57079	0.54719	0.57079	0.64000	0.75011	0.89359	1.06068	1.24000	1.41931	1.58640	1.72989	1.83999	1.90920	
1.93999	1.91818	1.85425	1.75254	1.61999	1.46564	1.30000	1.13435	0.98000	0.84745	0.74575	0.68181	0.66000	0.68181	0.74575	0.84745	0.98000	1.13435	1.30000	1.46564	1.61999	1.75254	1.85425	1.91818	
1.93130	1.91184	1.85476	1.76397	1.64565	1.50786	1.36000	1.21213	1.07434	0.95602	0.86523	0.80816	0.78869	0.80816	0.86523	0.95602	1.07434	1.21213	1.36000	1.50786	1.64565	1.76397	1.85476	1.91184	
1.89999	1.88363	1.83568	1.75940	1.65999	1.54423	1.41999	1.29576	1.18000	1.08059	1.00431	0.95636	0.94000	0.95636	1.00431	1.08059	1.18000	1.29576	1.41999	1.54423	1.65999	1.75940	1.83568	1.88363	
1.82870	1.81682	1.78198	1.72657	1.65435	1.57025	1.47999	1.38974	1.30564	1.23342	1.17800	1.14317	1.13129	1.14317	1.17800	1.23342	1.30564	1.38974	1.47999	1.57025	1.65435	1.72657	1.78198	1.81682	
1.53999	1.53999	1.53999	1.53999	1.53999	1.53999	1.53999	1.53999	1.53999	1.53999	1.53999	1.53999	1.53999	1.53999	1.53999	1.53999	1.53999	1.53999	1.53999	1.53999	1.53999	1.53999	1.53999	1.53999	
0.23001	0.23001	0.23001	0.23001	0.23001	0.23001	0.23001	0.23001	0.23001	0.23001	0.23001	0.23001	0.23001	0.23001	0.23001	0.23001	0.23001	0.23001	0.23001	0.23001	0.23001	0.23001	0.23001	0.23001	
0.61129	0.60069	0.56959	0.52012	0.45565	0.38058	0.30001	0.21944	0.14437	0.07990	0.03043	-0.00067	-0.01127	-0.00067	0.03043	0.07990	0.14437	0.21944	0.30001	0.38058	0.45565	0.52012	0.56959	0.60069	
0.79849	0.78389	0.74108	0.67299	0.58425	0.48091	0.37001	0.25911	0.15577	0.06703	-0.00107	-0.04387	-0.05847	-0.04387	-0.00107	0.06703	0.15577	0.25911	0.37001	0.48091	0.58425	0.67299	0.74108	0.78389	
0.95000	0.93262	0.88167	0.80063	0.69500	0.57200	0.44001	0.30801	0.18501	0.07939	-0.00166	-0.05261	-0.06999	-0.05261	-0.00166	0.07939	0.18501	0.30801	0.44001	0.57200	0.69500	0.80063	0.88167	0.93262	
1.08131	1.06185	1.00477	0.91398	0.79566	0.65787	0.51001	0.36214	0.22435	0.10603	0.01524	-0.04183	-0.06130	-0.04183	0.01524	0.10603	0.22435	0.36214	0.51001	0.65787	0.79566	0.91398	1.00477	1.06185	
1.19846	1.17739	1.11561	1.01732	0.88923	0.74007	0.58001	0.41994	0.27078	0.14269	0.04441	-0.01738	-0.03845	-0.01738	0.04441	0.14269	0.27078	0.41994	0.58001	0.74007	0.88923	1.01732	1.11561	1.17739	
1.30452	1.28222	1.21683	1.11282	0.97726	0.81941	0.65000	0.48060	0.32275	0.18719	0.08318	0.01779	-0.00451	0.01779	0.08318	0.18719	0.32275	0.48060	0.65000	0.81941	0.97726	1.11282	1.21683	1.28222	
1.40124	1.37803	1.30997	1.20171	1.06062	0.89632	0.72000	0.54369	0.37938	0.23829	0.13003	0.06198	0.03876	0.06198	0.13003	0.23829	0.37938	0.54369	0.72000	0.89632	1.06062	1.20171	1.30997	1.37803	
1.48971	1.46587	1.39597	1.28477	1.13986	0.97110	0.79000	0.60891	0.44015	0.29524	0.18404	0.11414	0.09030	0.11414	0.18404	0.29524	0.44015	0.60891	0.79000	0.97110	1.13986	1.28477	1.39597	1.46587	
1.57056	1.54634	1.47536	1.36244	1.21528	1.04391	0.86000	0.67610	0.50472	0.35756	0.24464	0.17366	0.14945	0.17366	0.24464	0.35756	0.50472	0.67610	0.86000	1.04391	1.21528	1.36244	1.47536	1.54634	
1.64413	1.61980	1.54846	1.43497	1.28707	1.11483	0.93000	0.74517	0.57293	0.42503	0.31154	0.24020	0.21587	0.24020	0.31154	0.42503	0.57293	0.74517	0.93000	1.11483	1.28707	1.43497	1.54846	1.61980	
1.71055	1.68634	1.61536	1.50244	1.35528	1.18390	1.00000	0.81610	0.64472	0.49756	0.38464	0.31366	0.28945	0.31366	0.38464	0.49756	0.64472	0.81610	1.00000	1.18390	1.35528	1.50244	1.61536	1.68634	
1.76970	1.74586	1.67596	1.56477	1.41985	1.25110	1.07000	0.88890	0.72015	0.57523	0.46404	0.39414	0.37029	0.39414	0.46404	0.57523	0.72015	0.88890	1.07000	1.25110	1.41985	1.56477	1.67596	1.74586	
1.82124	1.79803	1.72997	1.62171	1.48062	1.31632	1.14000	0.96368	0.79938	0.65829	0.55003	0.48197	0.45876	0.48197	0.55003	0.65829	0.79938	0.96368	1.14000	1.31632	1.48062	1.62171	1.72997	1.79803	
1.86451	1.84221	1.77682	1.67281	1.53725	1.37940	1.21000	1.04060	0.88274	0.74719	0.64317	0.57779	0.55548	0.57779	0.64317	0.74719	0.88274	1.04060	1.21000	1.37940	1.53725	1.67281	1.77682	1.84221	
1.89845	1.87738	1.81560	1.71731	1.58923	1.44006	1.28000	1.11993	0.97077	0.84268	0.74440	0.68261	0.66154	0.68261	0.74440	0.84268	0.97077	1.11993	1.28000	1.44006	1.58923	1.71731	1.81560	1.87738	
1.92130	1.90184	1.84476	1.75397	1.63565	1.49786	1.35000	1.20213	1.06434	0.94602	0.85523	0.79816	0.77869	0.79816	0.85523	0.94602	1.06434	1.20213	1.35000	1.49786	1.63565	1.75397	1.84476	1.90184	
1.92999	1.91261	1.86166	1.78061	1.67499	1.55199	1.41999	1.28800	1.16500	1.05937	0.97833	0.92738	0.91000	0.92738	0.97833	1.05937	1.16500	1.28800	1.41999	1.55199	1.67499	1.78061	1.86166	1.91261	
1.91847	1.90387	1.86107	1.79297	1.70423	1.60089	1.48999	1.37909	1.27575	1.18701	1.11892	1.07611	1.06151	1.07611	1.11892	1.18701	1.27575	1.37909	1.48999	1.60089	1.70423	1.79297	1.86107	1.90387	
1.87128	1.86067	1.82957	1.78010	1.71563	1.64056	1.55999	1.47943	1.40435	1.33988	1.29041	1.25932	1.24871	1.25932	1.29041	1.33988	1.40435	1.47943	1.55999	1.64056	1.71563	1.78010	1.82957	1.86067	
1.62999	1.62999	1.62999	1.62999	1.62999	1.62999	1.62999	1.62999	1.62999	1.62999	1.62999	1.62999	1.62999	1.62999	1.62999	1.62999	1.62999	1.62999	1.62999	1.62999	1.62999	1.62999	1.62999	1.62999	
0.12001	0.12001	0.12001	0.12001	0.12001	0.12001	0.12001	0.12001	0.12001	0.12001	0.12001	0.12001	0.12001	0.12001	0.12001	0.12001	0.12001	0.12001	0.12001	0.12001	0.12001	0.12001	0.12001	0.12001	
0.46154	0.45263	0.42650	0.38494	0.33078	0.26770	0.20001	0.13232	0.06925	0.01508	-0.02648	-0.05261	-0.06152	-0.05261	-0.02648	0.01508	0.06925	0.13232	0.20001	0.26770	0.33078	0.38494	0.42650	0.45263	
0.64000	0.62774	0.59177	0.53456	0.46001	0.37318	0.28001	0.18684	0.10001	0.02545	-0.03176	-0.06772	-0.07999	-0.06772	-0.03176	0.02545	0.10001	0.18684	0.28001	0.37318	0.46001	0.53456	0.59177	0.62774	
0.78849	0.77389	0.73108	0.66299	0.57425	0.47091	0.36001	0.24911	0.14577	0.05703	-0.01107	-0.05387	-0.06847	-0.05387	-0.01107	0.05703	0.14577	0.24911	0.36001	0.47091	0.57425	0.66299	0.73108	0.77389	
0.92000	0.90365	0.85569	0.77941	0.68000	0.56424	0.44001	0.31578	0.20001	0.10060	0.02432	-0.02363	-0.03999	-0.02363	0.02432	0.10060	0.20001	0.31578	0.44001	0.56424	0.68000	0.77941	0.85569	0.90365	
1.03961	1.02191	0.97000	0.88742	0.77981	0.65449	0.52001	0.38552	0.26020	0.15259	0.07001	0.01810	0.00040	0.01810	0.07001	0.15259	0.26020	0.38552	0.52001	0.65449	0.77981	0.88742	0.97000	1.02191	
1.14991	1.13117	1.07623	0.98884	0.87496	0.74233	0.60001	0.45768	0.32505	0.21117	0.12378	0.06884	0.05010	0.06884	0.12378	0.21117	0.32505	0.45768	0.60001	0.74233	0.87496	0.98884	1.07623	1.13117	
1.25236	1.23286	1.17568	1.08472	0.96618	0.82814	0.68000	0.53187	0.39383	0.27529	0.18433	0.12715	0.10765	0.12715	0.18433	0.27529	0.39383	0.53187	0.68000	0.82814	0.96618	1.08472	1.17568	1.23286	
1.34787	1.32784	1.26911	1.17569	1.05394	0.91216	0.76000	0.60785	0.46607	0.34432	0.25089	0.19216	0.17213	0.19216	0.25089	0.34432	0.46607	0.60785	0.76000	0.91216	1.05394	1.17569	1.26911	1.32784	
1.43699	1.41664	1.35701	1.26213	1.13849	0.99451	0.84000	0.68549	0.54151	0.41787	0.32300	0.26336	0.24302	0.26336	0.32300	0.41787	0.54151	0.68549	0.84000	0.99451	1.13849	1.26213	1.35701	1.41664	
1.51999	1.49955	1.43961	1.34426	1.22000	1.07529	0.92000	0.76471	0.62000	0.49574	0.40039	0.34045	0.32001	0.34045	0.40039	0.49574	0.62000	0.76471	0.92000	1.07529	1.22000	1.34426	1.43961	1.49955	
1.59698	1.57664	1.51700	1.42213	1.29849	1.15451	1.00000	0.84549	0.70151	0.57787	0.48300	0.42336	0.40302	0.42336	0.48300	0.57787	0.70151	0.84549	1.00000	1.15451	1.29849	1.42213	1.51700	1.57664	
1.66787	1.64784	1.58911	1.49569	1.37393	1.23215	1.08000	0.92785	0.78606	0.66431	0.57089	0.51216	0.49213	0.51216	0.57089	0.66431	0.78606	0.92785	1.08000	1.23215	1.37393	1.49569	1.58911	1.64784	
1.73235	1.71285	1.65567	1.56471	1.44618	1.30813	1.16000	1.01186	0.87382	0.75528	0.66432	0.60714	0.58764	0.60714	0.66432	0.75528	0.87382	1.01186	1.16000	1.30813	1.44618	1.56471	1.65567	1.71285	
1.78990	1.77116	1.71623	1.62884	1.51495	1.38232	1.24000	1.09767	0.96505	0.85116	0.76377	0.70883	0.69009	0.70883	0.76377	0.85116	0.96505	1.09767	1.24000	1.38232	1.51495	1.62884	1.71623	1.77116	
1.83960	1.82190	1.76999	1.68741	1.57980	1.45448	1.32000	1.18551	1.06019	0.95258	0.87000	0.81809	0.80039	0.81809	0.87000	0.95258	1.06019	1.18551	1.32000	1.45448	1.57980	1.68741	1.76999	1.82190	
1.87999	1.86363	1.81568	1.73940	1.63999	1.52423	1.39999	1.27576	1.16000	1.06059	0.98431	0.93636	0.92000	0.93636	0.98431	1.06059	1.16000	1.27576	1.39999	1.52423	1.63999	1.73940	1.81568	1.86363	
1.90847	1.89387	1.85107	1.78297	1.69423	1.59089	1.47999	1.36909	1.26575	1.17701	1.10892	1.06611	1.05151	1.06611	1.10892	1.17701	1.26575	1.36909	1.47999	1.59089	1.69423	1.78297	1.85107	1.89387	
1.91999	1.90772	1.87176	1.81455	1.73999	1.65317	1.55999	1.46682	1.38000	1.30544	1.24823	1.21226	1.20000	1.21226	1.24823	1.30544	1.38000	1.46682	1.55999	1.65317	1.73999	1.81455	1.87176	1.90772	
1.90152	1.89261	1.86648	1.82492	1.77076	1.70768	1.63999	1.57230	1.50923	1.45506	1.41350	1.38737	1.37846	1.38737	1.41350	1.45506	1.50923	1.57230	1.63999	1.70768	1.77076	1.82492	1.86648	1.89261	
1.71999	1.71999	1.71999	1.71999	1.71999	1.71999	1.71999	1.71999	1.71999	1.71999	1.71999	1.71999	1.71999	1.71999	1.71999	1.71999	1.71999	1.71999	1.71999	1.71999	1.71999	1.71999	1.71999	1.71999	
0.01001	0.01001	0.01001	0.01001	0.01001	0.01001	0.01001	0.01001	0.01001	0.01001	0.01001	0.01001	0.01001	0.01001	0.01001	0.01001	0.01001	0.01001	0.01001	0.01001	0.01001	0.01001	0.01001	0.01001	
0.29001	0.28354	0.26455	0.23436	0.19501	0.14919	0.10001	0.05084	0.00501	-0.03434	-0.06453	-0.08351	-0.08999	-0.08351	-0.06453	-0.03434	0.00501	0.05084	0.10001	0.14919	0.19501	0.23436	0.26455	0.28354	
0.45154	0.44263	0.41650	0.37494	0.32078	0.25770	0.19001	0.12232	0.05925	0.00508	-0.03648	-0.06261	-0.07152	-0.06261	-0.03648	0.00508	0.05925	0.12232	0.19001	0.25770	0.32078	0.37494	0.41650	0.44263	
0.59129	0.58069	0.54959	0.50012	0.43565	0.36058	0.28001	0.19944	0.12437	0.05990	0.01043	-0.02067	-0.03127	-0.02067	0.01043	0.05990	0.12437	0.19944	0.28001	0.36058	0.43565	0.50012	0.54959	0.58069	
0.71872	0.70683	0.67200	0.61658	0.54436	0.46026	0.37001	0.27976	0.19565	0.12343	0.06802	0.03318	0.02130	0.03318	0.06802	0.12343	0.19565	0.27976	0.37001	0.46026	0.54436	0.61658	0.67200	0.70683	
0.83749	0.82463	0.78692	0.72693	0.64875	0.55771	0.46001	0.36231	0.27126	0.19308	0.13309	0.09538	0.08252	0.09538	0.13309	0.19308	0.27126	0.36231	0.46001	0.55771	0.64875	0.72693	0.78692	0.82463	
0.94950	0.93589	0.89598	0.83249	0.74975	0.65340	0.55001	0.44661	0.35026	0.26752	0.20403	0.16412	0.15051	0.16412	0.20403	0.26752	0.35026	0.44661	0.55001	0.65340	0.74975	0.83249	0.89598	0.93589	
1.05581	1.04164	1.00010	0.93402	0.84791	0.74762	0.64000	0.53239	0.43210	0.34598	0.27991	0.23837	0.22420	0.23837	0.27991	0.34598	0.43210	0.53239	0.64000	0.74762	0.84791	0.93402	1.00010	1.04164	
1.15708	1.14253	1.09986	1.03199	0.94354	0.84054	0.73000	0.61947	0.51646	0.42801	0.36014	0.31748	0.30293	0.31748	0.36014	0.42801	0.51646	0.61947	0.73000	0.84054	0.94354	1.03199	1.09986	1.14253	
1.25370	1.23892	1.19560	1.12667	1.03685	0.93225	0.82000	0.70775	0.60315	0.51333	0.44441	0.40108	0.38630	0.40108	0.44441	0.51333	0.60315	0.70775	0.82000	0.93225	1.03685	1.12667	1.19560	1.23892	
1.34589	1.33103	1.28749	1.21822	1.12794	1.02282	0.91000	0.79719	0.69206	0.60178	0.53251	0.48897	0.47412	0.48897	0.53251	0.60178	0.69206	0.79719	0.91000	1.02282	1.12794	1.21822	1.28749	1.33103	
1.43370	1.41892	1.37559	1.30667	1.21685	1.11225	1.00000	0.88775	0.78315	0.69333	0.62441	0.58108	0.56630	0.58108	0.62441	0.69333	0.78315	0.88775	1.00000	1.11225	1.21685	1.30667	1.37559	1.41892	
1.51708	1.50252	1.45986	1.39199	1.30354	1.20053	1.09000	0.97946	0.87646	0.78801	0.72014	0.67747	0.66292	0.67747	0.72014	0.78801	0.87646	0.97946	1.09000	1.20053	1.30354	1.39199	1.45986	1.50252	
1.59580	1.58164	1.54010	1.47402	1.38790	1.28762	1.18000	1.07238	0.97209	0.88598	0.81990	0.77836	0.76419	0.77836	0.81990	0.88598	0.97209	1.07238	1.18000	1.28762	1.38790	1.47402	1.54010	1.58164	
1.66949	1.65588	1.61597	1.55248	1.46974	1.37339	1.27000	1.16660	1.07025	0.98751	0.92402	0.88411	0.87050	0.88411	0.92402	0.98751	1.07025	1.16660	1.27000	1.37339	1.46974	1.55248	1.61597	1.65588	
1.73748	1.72462	1.68691	1.62692	1.54874	1.45770	1.36000	1.26229	1.17125	1.09307	1.03308	0.99537	0.98251	0.99537	1.03308	1.09307	1.17125	1.26229	1.36000	1.45770	1.54874	1.62692	1.68691	1.72462	
1.79870	1.78682	1.75198	1.69657	1.62435	1.54025	1.44999	1.35974	1.27564	1.20342	1.14800	1.11317	1.10129	1.11317	1.14800	1.20342	1.27564	1.35974	1.44999	1.54025	1.62435	1.69657	1.75198	1.78682	
1.85128	1.84067	1.80957	1.76010	1.69563	1.62056	1.53999	1.45943	1.38435	1.31988	1.27041	1.23932	1.22871	1.23932	1.27041	1.31988	1.38435	1.45943	1.53999	1.62056	1.69563	1.76010	1.80957	1.84067	
1.89152	1.88261	1.85648	1.81492	1.76076	1.69768	1.62999	1.56230	1.49923	1.44506	1.40350	1.37737	1.36846	1.37737	1.40350	1.44506	1.49923	1.56230	1.62999	1.69768	1.76076	1.81492	1.85648	1.88261	
1.90999	1.90351	1.88453	1.85434	1.81499	1.76917	1.71999	1.67082	1.62499	1.58564	1.55545	1.53647	1.52999	1.53647	1.55545	1.58564	1.62499	1.67082	1.71999	1.76917	1.81499	1.85434	1.88453	1.90351	
1.80999	1.80999	1.80999	1.80999	1.80999	1.80999	1.80999	1.80999	1.80999	1.80999	1.80999	1.80999	1.80999	1.80999	1.80999	1.80999	1.80999	1.80999	1.80999	1.80999	1.80999	1.80999	1.80999	1.80999	
-0.09999	-0.09999	-0.09999	-0.09999	-0.09999	-0.09999	-0.09999	-0.09999	-0.09999	-0.09999	-0.09999	-0.09999	-0.09999	-0.09999	-0.09999	-0.09999	-0.09999	-0.09999	-0.09999	-0.09999	-0.09999	-0.09999	-0.09999	-0.09999	
0.00001	0.00001	0.00001	0.00001	0.00001	0.00001	0.00001	0.00001	0.00001	0.00001	0.00001	0.00001	0.00001	0.00001	0.00001	0.00001	0.00001	0.00001	0.00001	0.00001	0.00001	0.00001	0.00001	0.00001	
0.10001	0.10001	0.10001	0.10001	0.10001	0.10001	0.10001	0.10001	0.10001	0.10001	0.10001	0.10001	0.10001	0.10001	0.10001	0.10001	0.10001	0.10001	0.10001	0.10001	0.10001	0.10001	0.10001	0.10001	
0.20001	0.20001	0.20001	0.20001	0.20001	0.20001	0.20001	0.20001	0.20001	0.20001	0.20001	0.20001	0.20001	0.20001	0.20001	0.20001	0.20001	0.20001	0.20001	0.20001	0.20001	0.20001	0.20001	0.20001	
0.30001	0.30001	0.30001	0.30001	0.30001	0.30001	0.30001	0.30001	0.30001	0.30001	0.30001	0.30001	0.30001	0.30001	0.30001	0.30001	0.30001	0.30001	0.30001	0.30001	0.30001	0.30001	0.30001	0.30001	
0.40001	0.40001	0.40001	0.40001	0.40001	0.40001	0.40001	0.40001	0.40001	0.40001	0.40001	0.40001	0.40001	0.40001	0.40001	0.40001	0.40001	0.40001	0.40001	0.40001	0.40001	0.40001	0.40001	0.40001	
0.50001	0.50001	0.50001	0.50001	0.50001	0.50001	0.50001	0.50001	0.50001	0.50001	0.50001	0.50001	0.50001	0.50001	0.50001	0.50001	0.50001	0.50001	0.50001	0.50001	0.50001	0.50001	0.50001	0.50001	
0.60001	0.60001	0.60001	0.60001	0.60001	0.60001	0.60001	0.60001	0.60001	0.60001	0.60001	0.60001	0.60001	0.60001	0.60001	0.60001	0.60001	0.60001	0.60001	0.60001	0.60001	0.60001	0.60001	0.60001	
0.70000	0.70000	0.70000	0.70000	0.70000	0.70000	0.70000	0.70000	0.70000	0.70000	0.70000	0.70000	0.70000	0.70000	0.70000	0.70000	0.70000	0.70000	0.70000	0.70000	0.70000	0.70000	0.70000	0.70000	
0.80000	0.80000	0.80000	0.80000	0.80000	0.80000	0.80000	0.80000	0.80000	0.80000	0.80000	0.80000	0.80000	0.80000	0.80000	0.80000	0.80000	0.80000	0.80000	0.80000	0.80000	0.80000	0.80000	0.80000	
0.90000	0.90000	0.90000	0.90000	0.90000	0.90000	0.90000	0.90000	0.90000	0.90000	0.90000	0.90000	0.90000	0.90000	0.90000	0.90000	0.90000	0.90000	0.90000	0.90000	0.90000	0.90000	0.90000	0.90000	
1.00000	1.00000	1.00000	1.00000	1.00000	1.00000	1.00000	1.00000	1.00000	1.00000	1.00000	1.00000	1.00000	1.00000	1.00000	1.00000	1.00000	1.00000	1.00000	1.00000	1.00000	1.00000	1.00000	1.00000	
1.10000	1.10000	1.10000	1.10000	1.10000	1.10000	1.10000	1.10000	1.10000	1.10000	1.10000	1.10000	1.10000	1.10000	1.10000	1.10000	1.10000	1.10000	1.10000	1.10000	1.10000	1.10000	1.10000	1.10000	
1.20000	1.20000	1.20000	1.20000	1.20000	1.20000	1.20000	1.20000	1.20000	1.20000	1.20000	1.20000	1.20000	1.20000	1.20000	1.20000	1.20000	1.20000	1.20000	1.20000	1.20000	1.20000	1.20000	1.20000	
1.30000	1.30000	1.30000	1.30000	1.30000	1.30000	1.30000	1.30000	1.30000	1.30000	1.30000	1.30000	1.30000	1.30000	1.30000	1.30000	1.30000	1.30000	1.30000	1.30000	1.30000	1.30000	1.30000	1.30000	
1.39999	1.39999	1.39999	1.39999	1.39999	1.39999	1.39999	1.39999	1.39999	1.39999	1.39999	1.39999	1.39999	1.39999	1.39999	1.39999	1.39999	1.39999	1.39999	1.39999	1.39999	1.39999	1.39999	1.39999	
1.49999	1.49999	1.49999	1.49999	1.49999	1.49999	1.49999	1.49999	1.49999	1.49999	1.49999	1.49999	1.49999	1.49999	1.49999	1.49999	1.49999	1.49999	1.49999	1.49999	1.49999	1.49999	1.49999	1.49999	
1.59999	1.59999	1.59999	1.59999	1.59999	1.59999	1.59999	1.59999	1.59999	1.59999	1.59999	1.59999	1.59999	1.59999	1.59999	1.59999	1.59999	1.59999	1.59999	1.59999	1.59999	1.59999	1.59999	1.59999	
1.69999	1.69999	1.69999	1.69999	1.69999	1.69999	1.69999	1.69999	1.69999	1.69999	1.69999	1.69999	1.69999	1.69999	1.69999	1.69999	1.69999	1.69999	1.69999	1.69999	1.69999	1.69999	1.69999	1.69999	
1.79999	1.79999	1.79999	1.79999	1.79999	1.79999	1.79999	1.79999	1.79999	1.79999	1.79999	1.79999	1.79999	1.79999	1.79999	1.79999	1.79999	1.79999	1.79999	1.79999	1.79999	1.79999	1.79999	1.79999	
1.89999	1.89999	1.89999	1.89999	1.89999	1.89999	1.89999	1.89999	1.89999	1.89999	1.89999	1.89999	1.89999	1.89999	1.89999	1.89999	1.89999	1.89999	1.89999	1.89999	1.89999	1.89999	1.89999	1.89999	
