0.99476	0.99476	0.99476	0.99476	0.99476	0.99476	0.99476	0.99476	0.99476	0.99476	0.99476	0.99476	0.99476	0.99476	0.99476	0.99476	0.99476	0.99476	0.99476	0.99476	0.99476	0.99476	0.99476	0.99476	
0.99529	0.99529	0.99529	0.99529	0.99529	0.99529	0.99529	0.99529	0.99529	0.99529	0.99529	0.99529	0.99529	0.99529	0.99529	0.99529	0.99529	0.99529	0.99529	0.99529	0.99529	0.99529	0.99529	0.99529	
0.99581	0.99581	0.99581	0.99581	0.99581	0.99581	0.99581	0.99581	0.99581	0.99581	0.99581	0.99581	0.99581	0.99581	0.99581	0.99581	0.99581	0.99581	0.99581	0.99581	0.99581	0.99581	0.99581	0.99581	
0.99633	0.99633	0.99633	0.99633	0.99633	0.99633	0.99633	0.99633	0.99633	0.99633	0.99633	0.99633	0.99633	0.99633	0.99633	0.99633	0.99633	0.99633	0.99633	0.99633	0.99633	0.99633	0.99633	0.99633	
0.99686	0.99686	0.99686	0.99686	0.99686	0.99686	0.99686	0.99686	0.99686	0.99686	0.99686	0.99686	0.99686	0.99686	0.99686	0.99686	0.99686	0.99686	0.99686	0.99686	0.99686	0.99686	0.99686	0.99686	
0.99738	0.99738	0.99738	0.99738	0.99738	0.99738	0.99738	0.99738	0.99738	0.99738	0.99738	0.99738	0.99738	0.99738	0.99738	0.99738	0.99738	0.99738	0.99738	0.99738	0.99738	0.99738	0.99738	0.99738	
0.99791	0.99791	0.99791	0.99791	0.99791	0.99791	0.99791	0.99791	0.99791	0.99791	0.99791	0.99791	0.99791	0.99791	0.99791	0.99791	0.99791	0.99791	0.99791	0.99791	0.99791	0.99791	0.99791	0.99791	
0.99843	0.99843	0.99843	0.99843	0.99843	0.99843	0.99843	0.99843	0.99843	0.99843	0.99843	0.99843	0.99843	0.99843	0.99843	0.99843	0.99843	0.99843	0.99843	0.99843	0.99843	0.99843	0.99843	0.99843	
0.99895	0.99895	0.99895	0.99895	0.99895	0.99895	0.99895	0.99895	0.99895	0.99895	0.99895	0.99895	0.99895	0.99895	0.99895	0.99895	0.99895	0.99895	0.99895	0.99895	0.99895	0.99895	0.99895	0.99895	
0.99948	0.99948	0.99948	0.99948	0.99948	0.99948	0.99948	0.99948	0.99948	0.99948	0.99948	0.99948	0.99948	0.99948	0.99948	0.99948	0.99948	0.99948	0.99948	0.99948	0.99948	0.99948	0.99948	0.99948	
1.00000	1.00000	1.00000	1.00000	1.00000	1.00000	1.00000	1.00000	1.00000	1.00000	1.00000	1.00000	1.00000	1.00000	1.00000	1.00000	1.00000	1.00000	1.00000	1.00000	1.00000	1.00000	1.00000	1.00000	
1.00052	1.00052	1.00052	1.00052	1.00052	1.00052	1.00052	1.00052	1.00052	1.00052	1.00052	1.00052	1.00052	1.00052	1.00052	1.00052	1.00052	1.00052	1.00052	1.00052	1.00052	1.00052	1.00052	1.00052	
1.00105	1.00105	1.00105	1.00105	1.00105	1.00105	1.00105	1.00105	1.00105	1.00105	1.00105	1.00105	1.00105	1.00105	1.00105	1.00105	1.00105	1.00105	1.00105	1.00105	1.00105	1.00105	1.00105	1.00105	
1.00157	1.00157	1.00157	1.00157	1.00157	1.00157	1.00157	1.00157	1.00157	1.00157	1.00157	1.00157	1.00157	1.00157	1.00157	1.00157	1.00157	1.00157	1.00157	1.00157	1.00157	1.00157	1.00157	1.00157	
1.00209	1.00209	1.00209	1.00209	1.00209	1.00209	1.00209	1.00209	1.00209	1.00209	1.00209	1.00209	1.00209	1.00209	1.00209	1.00209	1.00209	1.00209	1.00209	1.00209	1.00209	1.00209	1.00209	1.00209	
1.00262	1.00262	1.00262	1.00262	1.00262	1.00262	1.00262	1.00262	1.00262	1.00262	1.00262	1.00262	1.00262	1.00262	1.00262	1.00262	1.00262	1.00262	1.00262	1.00262	1.00262	1.00262	1.00262	1.00262	
1.00314	1.00314	1.00314	1.00314	1.00314	1.00314	1.00314	1.00314	1.00314	1.00314	1.00314	1.00314	1.00314	1.00314	1.00314	1.00314	1.00314	1.00314	1.00314	1.00314	1.00314	1.00314	1.00314	1.00314	
1.00367	1.00367	1.00367	1.00367	1.00367	1.00367	1.00367	1.00367	1.00367	1.00367	1.00367	1.00367	1.00367	1.00367	1.00367	1.00367	1.00367	1.00367	1.00367	1.00367	1.00367	1.00367	1.00367	1.00367	
1.00419	1.00419	1.00419	1.00419	1.00419	1.00419	1.00419	1.00419	1.00419	1.00419	1.00419	1.00419	1.00419	1.00419	1.00419	1.00419	1.00419	1.00419	1.00419	1.00419	1.00419	1.00419	1.00419	1.00419	
1.00471	1.00471	1.00471	1.00471	1.00471	1.00471	1.00471	1.00471	1.00471	1.00471	1.00471	1.00471	1.00471	1.00471	1.00471	1.00471	1.00471	1.00471	1.00471	1.00471	1.00471	1.00471	1.00471	1.00471	
1.00524	1.00524	1.00524	1.00524	1.00524	1.00524	1.00524	1.00524	1.00524	1.00524	1.00524	1.00524	1.00524	1.00524	1.00524	1.00524	1.00524	1.00524	1.00524	1.00524	1.00524	1.00524	1.00524	1.00524	
0.89529	0.89529	0.89529	0.89529	0.89529	0.89529	0.89529	0.89529	0.89529	0.89529	0.89529	0.89529	0.89529	0.89529	0.89529	0.89529	0.89529	0.89529	0.89529	0.89529	0.89529	0.89529	0.89529	0.89529	
1.09476	1.08832	1.06944	1.03941	1.00026	0.95468	0.90576	0.85684	0.81126	0.77211	0.74208	0.72319	0.71675	0.72319	0.74208	0.77211	0.81126	0.85684	0.90576	0.95468	1.00026	1.03941	1.06944	1.08832	
1.17639	1.16753	1.14154	1.10019	1.04631	0.98357	0.91623	0.84889	0.78615	0.73227	0.69092	0.66493	0.65607	0.66493	0.69092	0.73227	0.78615	0.84889	0.91623	0.98357	1.04631	1.10019	1.14154	1.16753	
1.23636	1.22581	1.19487	1.14566	1.08153	1.00685	0.92670	0.84656	0.77187	0.70774	0.65853	0.62759	0.61704	0.62759	0.65853	0.70774	0.77187	0.84656	0.92670	1.00685	1.08153	1.14566	1.19487	1.22581	
1.28406	1.27224	1.23758	1.18246	1.11062	1.02695	0.93717	0.84739	0.76373	0.69189	0.63676	0.60211	0.59029	0.60211	0.63676	0.69189	0.76373	0.84739	0.93717	1.02695	1.11062	1.18246	1.23758	1.27224	
1.32316	1.31036	1.27285	1.21317	1.13540	1.04483	0.94764	0.85045	0.75989	0.68211	0.62244	0.58492	0.57213	0.58492	0.62244	0.68211	0.75989	0.85045	0.94764	1.04483	1.13540	1.21317	1.27285	1.31036	
1.35552	1.34198	1.30228	1.23912	1.15682	1.06097	0.95812	0.85526	0.75941	0.67711	0.61395	0.57425	0.56071	0.57425	0.61395	0.67711	0.75941	0.85526	0.95812	1.06097	1.15682	1.23912	1.30228	1.34198	
1.38222	1.36813	1.32680	1.26107	1.17540	1.07564	0.96859	0.86153	0.76177	0.67610	0.61037	0.56905	0.55495	0.56905	0.61037	0.67610	0.76177	0.86153	0.96859	1.07564	1.17540	1.26107	1.32680	1.36813	
1.40390	1.38943	1.34699	1.27947	1.19148	1.08902	0.97906	0.86910	0.76663	0.67865	0.61113	0.56869	0.55421	0.56869	0.61113	0.67865	0.76663	0.86910	0.97906	1.08902	1.19148	1.27947	1.34699	1.38943	
1.42096	1.40626	1.36316	1.29460	1.20525	1.10119	0.98953	0.87787	0.77381	0.68446	0.61590	0.57280	0.55809	0.57280	0.61590	0.68446	0.77381	0.87787	0.98953	1.10119	1.20525	1.29460	1.36316	1.40626	
1.43361	1.41883	1.37552	1.30661	1.21680	1.11223	1.00000	0.88777	0.78320	0.69339	0.62448	0.58117	0.56639	0.58117	0.62448	0.69339	0.78320	0.88777	1.00000	1.11223	1.21680	1.30661	1.37552	1.41883	
1.44191	1.42720	1.38410	1.31554	1.22619	1.12213	1.01047	0.89881	0.79475	0.70540	0.63684	0.59374	0.57904	0.59374	0.63684	0.70540	0.79475	0.89881	1.01047	1.12213	1.22619	1.31554	1.38410	1.42720	
1.44579	1.43131	1.38887	1.32135	1.23337	1.13090	1.02094	0.91098	0.80852	0.72053	0.65301	0.61057	0.59610	0.61057	0.65301	0.72053	0.80852	0.91098	1.02094	1.13090	1.23337	1.32135	1.38887	1.43131	
1.44505	1.43095	1.38963	1.32390	1.23823	1.13847	1.03141	0.92436	0.82460	0.73893	0.67320	0.63187	0.61778	0.63187	0.67320	0.73893	0.82460	0.92436	1.03141	1.13847	1.23823	1.32390	1.38963	1.43095	
1.43929	1.42575	1.38605	1.32289	1.24059	1.14474	1.04188	0.93903	0.84318	0.76088	0.69772	0.65802	0.64448	0.65802	0.69772	0.76088	0.84318	0.93903	1.04188	1.14474	1.24059	1.32289	1.38605	1.42575	
1.42787	1.41508	1.37756	1.31789	1.24011	1.14955	1.05236	0.95517	0.86460	0.78683	0.72715	0.68964	0.67684	0.68964	0.72715	0.78683	0.86460	0.95517	1.05236	1.14955	1.24011	1.31789	1.37756	1.41508	
1.40971	1.39789	1.36324	1.30811	1.23627	1.15261	1.06283	0.97305	0.88938	0.81754	0.76242	0.72776	0.71594	0.72776	0.76242	0.81754	0.88938	0.97305	1.06283	1.15261	1.23627	1.30811	1.36324	1.39789	
1.38296	1.37241	1.34147	1.29226	1.22813	1.15344	1.07330	0.99315	0.91847	0.85434	0.80513	0.77419	0.76364	0.77419	0.80513	0.85434	0.91847	0.99315	1.07330	1.15344	1.22813	1.29226	1.34147	1.37241	
1.34393	1.33507	1.30908	1.26773	1.21385	1.15111	1.08377	1.01643	0.95369	0.89981	0.85846	0.83247	0.82361	0.83247	0.85846	0.89981	0.95369	1.01643	1.08377	1.15111	1.21385	1.26773	1.30908	1.33507	
1.28325	1.27681	1.25792	1.22789	1.18874	1.14316	1.09424	1.04532	0.99974	0.96059	0.93056	0.91168	0.90524	0.91168	0.93056	0.96059	0.99974	1.04532	1.09424	1.14316	1.18874	1.22789	1.25792	1.27681	
1.10471	1.10471	1.10471	1.10471	1.10471	1.10471	1.10471	1.10471	1.10471	1.10471	1.10471	1.10471	1.10471	1.10471	1.10471	1.10471	1.10471	1.10471	1.10471	1.10471	1.10471	1.10471	1.10471	1.10471	
0.79581	0.79581	0.79581	0.79581	0.79581	0.79581	0.79581	0.79581	0.79581	0.79581	0.79581	0.79581	0.79581	0.79581	0.79581	0.79581	0.79581	0.79581	0.79581	0.79581	0.79581	0.79581	0.79581	0.79581	
1.07639	1.06753	1.04154	1.00019	0.94631	0.88357	0.81623	0.74889	0.68615	0.63227	0.59092	0.56493	0.55607	0.56493	0.59092	0.63227	0.68615	0.74889	0.81623	0.88357	0.94631	1.00019	1.04154	1.06753	
1.19476	1.18256	1.14679	1.08987	1.01571	0.92934	0.83665	0.74396	0.65759	0.58342	0.52651	0.49074	0.47853	0.49074	0.52651	0.58342	0.65759	0.74396	0.83665	0.92934	1.01571	1.08987	1.14679	1.18256	
1.28331	1.26879	1.22620	1.15847	1.07019	0.96739	0.85707	0.74675	0.64395	0.55567	0.48793	0.44535	0.43083	0.44535	0.48793	0.55567	0.64395	0.74675	0.85707	0.96739	1.07019	1.15847	1.22620	1.26879	
1.35497	1.33870	1.29100	1.21512	1.11623	1.00107	0.87749	0.75390	0.63874	0.53985	0.46397	0.41627	0.40000	0.41627	0.46397	0.53985	0.63874	0.75390	0.87749	1.00107	1.11623	1.21512	1.29100	1.33870	
1.41480	1.39719	1.34555	1.26341	1.15635	1.03169	0.89791	0.76412	0.63946	0.53241	0.45026	0.39862	0.38101	0.39862	0.45026	0.53241	0.63946	0.76412	0.89791	1.03169	1.15635	1.26341	1.34555	1.39719	
1.46535	1.44671	1.39207	1.30513	1.19184	1.05991	0.91832	0.77674	0.64481	0.53152	0.44458	0.38993	0.37129	0.38993	0.44458	0.53152	0.64481	0.77674	0.91832	1.05991	1.19184	1.30513	1.39207	1.44671	
1.50811	1.48871	1.43183	1.34135	1.22343	1.08611	0.93874	0.79138	0.65406	0.53614	0.44566	0.38878	0.36938	0.38878	0.44566	0.53614	0.65406	0.79138	0.93874	1.08611	1.22343	1.34135	1.43183	1.48871	
1.54396	1.52404	1.46561	1.37268	1.25156	1.11052	0.95916	0.80781	0.66676	0.54565	0.45271	0.39429	0.37436	0.39429	0.45271	0.54565	0.66676	0.80781	0.95916	1.11052	1.25156	1.37268	1.46561	1.52404	
1.57345	1.55321	1.49388	1.39951	1.27651	1.13329	0.97958	0.82588	0.68265	0.55965	0.46528	0.40595	0.38571	0.40595	0.46528	0.55965	0.68265	0.82588	0.97958	1.13329	1.27651	1.39951	1.49388	1.55321	
1.59686	1.57652	1.51689	1.42204	1.29843	1.15448	1.00000	0.84552	0.70157	0.57796	0.48311	0.42348	0.40314	0.42348	0.48311	0.57796	0.70157	0.84552	1.00000	1.15448	1.29843	1.42204	1.51689	1.57652	
1.61429	1.59405	1.53472	1.44035	1.31735	1.17412	1.02042	0.86671	0.72349	0.60049	0.50612	0.44679	0.42655	0.44679	0.50612	0.60049	0.72349	0.86671	1.02042	1.17412	1.31735	1.44035	1.53472	1.59405	
1.62564	1.60571	1.54729	1.45435	1.33324	1.19219	1.04084	0.88948	0.74844	0.62732	0.53439	0.47596	0.45604	0.47596	0.53439	0.62732	0.74844	0.88948	1.04084	1.19219	1.33324	1.45435	1.54729	1.60571	
1.63062	1.61122	1.55434	1.46386	1.34594	1.20862	1.06126	0.91389	0.77657	0.65865	0.56817	0.51129	0.49189	0.51129	0.56817	0.65865	0.77657	0.91389	1.06126	1.20862	1.34594	1.46386	1.55434	1.61122	
1.62871	1.61007	1.55542	1.46848	1.35519	1.22326	1.08168	0.94009	0.80816	0.69487	0.60793	0.55329	0.53465	0.55329	0.60793	0.69487	0.80816	0.94009	1.08168	1.22326	1.35519	1.46848	1.55542	1.61007	
1.61899	1.60138	1.54974	1.46759	1.36054	1.23588	1.10209	0.96831	0.84365	0.73659	0.65445	0.60281	0.58520	0.60281	0.65445	0.73659	0.84365	0.96831	1.10209	1.23588	1.36054	1.46759	1.54974	1.60138	
1.60000	1.58373	1.53603	1.46015	1.36126	1.24610	1.12251	0.99893	0.88377	0.78488	0.70900	0.66130	0.64503	0.66130	0.70900	0.78488	0.88377	0.99893	1.12251	1.24610	1.36126	1.46015	1.53603	1.58373	
1.56917	1.55465	1.51207	1.44433	1.35605	1.25325	1.14293	1.03261	0.92981	0.84153	0.77380	0.73121	0.71669	0.73121	0.77380	0.84153	0.92981	1.03261	1.14293	1.25325	1.35605	1.44433	1.51207	1.55465	
1.52147	1.50926	1.47349	1.41658	1.34241	1.25604	1.16335	1.07066	0.98429	0.91013	0.85321	0.81744	0.80524	0.81744	0.85321	0.91013	0.98429	1.07066	1.16335	1.25604	1.34241	1.41658	1.47349	1.50926	
1.44393	1.43507	1.40908	1.36773	1.31385	1.25111	1.18377	1.11643	1.05369	0.99981	0.95846	0.93247	0.92361	0.93247	0.95846	0.99981	1.05369	1.11643	1.18377	1.25111	1.31385	1.36773	1.40908	1.43507	
1.20419	1.20419	1.20419	1.20419	1.20419	1.20419	1.20419	1.20419	1.20419	1.20419	1.20419	1.20419	1.20419	1.20419	1.20419	1.20419	1.20419	1.20419	1.20419	1.20419	1.20419	1.20419	1.20419	1.20419	
0.69633	0.69633	0.69633	0.69633	0.69633	0.69633	0.69633	0.69633	0.69633	0.69633	0.69633	0.69633	0.69633	0.69633	0.69633	0.69633	0.69633	0.69633	0.69633	0.69633	0.69633	0.69633	0.69633	0.69633	
1.03636	1.02581	0.99487	0.94566	0.88153	0.80685	0.72670	0.64656	0.57187	0.50774	0.45853	0.42759	0.41704	0.42759	0.45853	0.50774	0.57187	0.64656	0.72670	0.80685	0.88153	0.94566	0.99487	1.02581	
1.18331	1.16879	1.12620	1.05847	0.97019	0.86739	0.75707	0.64675	0.54395	0.45567	0.38793	0.34535	0.33083	0.34535	0.38793	0.45567	0.54395	0.64675	0.75707	0.86739	0.97019	1.05847	1.12620	1.16879	
1.29476	1.27748	1.22679	1.14617	1.04110	0.91874	0.78743	0.65613	0.53377	0.42870	0.34807	0.29739	0.28010	0.29739	0.34807	0.42870	0.53377	0.65613	0.78743	0.91874	1.04110	1.14617	1.22679	1.27748	
1.38612	1.36676	1.30998	1.21967	1.10196	0.96489	0.81780	0.67071	0.53364	0.41594	0.32562	0.26884	0.24948	0.26884	0.32562	0.41594	0.53364	0.67071	0.81780	0.96489	1.10196	1.21967	1.30998	1.36676	
1.46339	1.44243	1.38097	1.28320	1.15578	1.00740	0.84817	0.68893	0.54055	0.41314	0.31536	0.25390	0.23294	0.25390	0.31536	0.41314	0.54055	0.68893	0.84817	1.00740	1.15578	1.28320	1.38097	1.44243	
1.52963	1.50744	1.44240	1.33893	1.20408	1.04705	0.87853	0.71002	0.55299	0.41814	0.31467	0.24962	0.22744	0.24962	0.31467	0.41814	0.55299	0.71002	0.87853	1.04705	1.20408	1.33893	1.44240	1.50744	
1.58658	1.56349	1.49579	1.38809	1.24774	1.08430	0.90890	0.73350	0.57006	0.42971	0.32201	0.25431	0.23122	0.25431	0.32201	0.42971	0.57006	0.73350	0.90890	1.08430	1.24774	1.38809	1.49579	1.56349	
1.63532	1.61160	1.54206	1.43145	1.28729	1.11942	0.93927	0.75912	0.59124	0.44708	0.33647	0.26693	0.24322	0.26693	0.33647	0.44708	0.59124	0.75912	0.93927	1.11942	1.28729	1.43145	1.54206	1.61160	
1.67648	1.65239	1.58178	1.46945	1.32305	1.15258	0.96963	0.78669	0.61621	0.46982	0.35749	0.28688	0.26279	0.28688	0.35749	0.46982	0.61621	0.78669	0.96963	1.15258	1.32305	1.46945	1.58178	1.65239	
1.71040	1.68620	1.61523	1.50233	1.35520	1.18387	1.00000	0.81613	0.64480	0.49767	0.38477	0.31380	0.28960	0.31380	0.38477	0.49767	0.64480	0.81613	1.00000	1.18387	1.35520	1.50233	1.61523	1.68620	
1.73721	1.71312	1.64251	1.53018	1.38379	1.21331	1.03037	0.84742	0.67695	0.53055	0.41822	0.34761	0.32352	0.34761	0.41822	0.53055	0.67695	0.84742	1.03037	1.21331	1.38379	1.53018	1.64251	1.71312	
1.75678	1.73307	1.66353	1.55292	1.40876	1.24088	1.06073	0.88058	0.71271	0.56855	0.45794	0.38840	0.36468	0.38840	0.45794	0.56855	0.71271	0.88058	1.06073	1.24088	1.40876	1.55292	1.66353	1.73307	
1.76878	1.74569	1.67799	1.57029	1.42994	1.26650	1.09110	0.91570	0.75226	0.61191	0.50421	0.43651	0.41342	0.43651	0.50421	0.61191	0.75226	0.91570	1.09110	1.26650	1.42994	1.57029	1.67799	1.74569	
1.77256	1.75038	1.68533	1.58186	1.44701	1.28998	1.12147	0.95295	0.79592	0.66107	0.55760	0.49256	0.47037	0.49256	0.55760	0.66107	0.79592	0.95295	1.12147	1.28998	1.44701	1.58186	1.68533	1.75038	
1.76706	1.74610	1.68464	1.58686	1.45945	1.31107	1.15183	0.99260	0.84422	0.71680	0.61903	0.55757	0.53661	0.55757	0.61903	0.71680	0.84422	0.99260	1.15183	1.31107	1.45945	1.58686	1.68464	1.74610	
1.75052	1.73116	1.67438	1.58406	1.46636	1.32929	1.18220	1.03511	0.89804	0.78033	0.69002	0.63324	0.61388	0.63324	0.69002	0.78033	0.89804	1.03511	1.18220	1.32929	1.46636	1.58406	1.67438	1.73116	
1.71990	1.70261	1.65193	1.57130	1.46623	1.34387	1.21257	1.08126	0.95890	0.85383	0.77321	0.72252	0.70524	0.72252	0.77321	0.85383	0.95890	1.08126	1.21257	1.34387	1.46623	1.57130	1.65193	1.70261	
1.66917	1.65465	1.61207	1.54433	1.45605	1.35325	1.24293	1.13261	1.02981	0.94153	0.87380	0.83121	0.81669	0.83121	0.87380	0.94153	1.02981	1.13261	1.24293	1.35325	1.45605	1.54433	1.61207	1.65465	
1.58296	1.57241	1.54147	1.49226	1.42813	1.35344	1.27330	1.19315	1.11847	1.05434	1.00513	0.97419	0.96364	0.97419	1.00513	1.05434	1.11847	1.19315	1.27330	1.35344	1.42813	1.49226	1.54147	1.57241	
1.30367	1.30367	1.30367	1.30367	1.30367	1.30367	1.30367	1.30367	1.30367	1.30367	1.30367	1.30367	1.30367	1.30367	1.30367	1.30367	1.30367	1.30367	1.30367	1.30367	1.30367	1.30367	1.30367	1.30367	
0.59686	0.59686	0.59686	0.59686	0.59686	0.59686	0.59686	0.59686	0.59686	0.59686	0.59686	0.59686	0.59686	0.59686	0.59686	0.59686	0.59686	0.59686	0.59686	0.59686	0.59686	0.59686	0.59686	0.59686	
0.98406	0.97224	0.93758	0.88246	0.81062	0.72695	0.63717	0.54739	0.46373	0.39189	0.33676	0.30211	0.29029	0.30211	0.33676	0.39189	0.46373	0.54739	0.63717	0.72695	0.81062	0.88246	0.93758	0.97224	
1.15497	1.13870	1.09100	1.01512	0.91623	0.80107	0.67749	0.55390	0.43874	0.33985	0.26397	0.21627	0.20000	0.21627	0.26397	0.33985	0.43874	0.55390	0.67749	0.80107	0.91623	1.01512	1.09100	1.13870	
1.28612	1.26676	1.20998	1.11967	1.00196	0.86489	0.71780	0.57071	0.43364	0.31594	0.22562	0.16884	0.14948	0.16884	0.22562	0.31594	0.43364	0.57071	0.71780	0.86489	1.00196	1.11967	1.20998	1.26676	
1.39476	1.37307	1.30947	1.20829	1.07644	0.92289	0.75812	0.59334	0.43979	0.30794	0.20676	0.14316	0.12147	0.14316	0.20676	0.30794	0.43979	0.59334	0.75812	0.92289	1.07644	1.20829	1.30947	1.37307	
1.48762	1.46414	1.39529	1.28576	1.14303	0.97681	0.79843	0.62005	0.45383	0.31110	0.20157	0.13272	0.10924	0.13272	0.20157	0.31110	0.45383	0.62005	0.79843	0.97681	1.14303	1.28576	1.39529	1.46414	
1.56812	1.54326	1.47040	1.35449	1.20343	1.02752	0.83874	0.64997	0.47406	0.32300	0.20709	0.13422	0.10937	0.13422	0.20709	0.32300	0.47406	0.64997	0.83874	1.02752	1.20343	1.35449	1.47040	1.54326	
1.63821	1.61235	1.53651	1.41586	1.25864	1.07554	0.87906	0.68257	0.49948	0.34225	0.22161	0.14577	0.11990	0.14577	0.22161	0.34225	0.49948	0.68257	0.87906	1.07554	1.25864	1.41586	1.53651	1.61235	
1.69910	1.67254	1.59464	1.47073	1.30924	1.12118	0.91937	0.71756	0.52951	0.36802	0.24410	0.16621	0.13964	0.16621	0.24410	0.36802	0.52951	0.71756	0.91937	1.12118	1.30924	1.47073	1.59464	1.67254	
1.75151	1.72453	1.64542	1.51959	1.35560	1.16462	0.95969	0.75475	0.56377	0.39978	0.27395	0.19484	0.16786	0.19484	0.27395	0.39978	0.56377	0.75475	0.95969	1.16462	1.35560	1.51959	1.64542	1.72453	
1.79581	1.76869	1.68919	1.56272	1.39791	1.20597	1.00000	0.79403	0.60209	0.43728	0.31081	0.23131	0.20419	0.23131	0.31081	0.43728	0.60209	0.79403	1.00000	1.20597	1.39791	1.56272	1.68919	1.76869	
1.83214	1.80516	1.72605	1.60022	1.43623	1.24525	1.04031	0.83538	0.64440	0.48041	0.35458	0.27547	0.24849	0.27547	0.35458	0.48041	0.64440	0.83538	1.04031	1.24525	1.43623	1.60022	1.72605	1.80516	
1.86036	1.83379	1.75590	1.63198	1.47049	1.28244	1.08063	0.87882	0.69076	0.52927	0.40536	0.32746	0.30090	0.32746	0.40536	0.52927	0.69076	0.87882	1.08063	1.28244	1.47049	1.63198	1.75590	1.83379	
1.88010	1.85423	1.77839	1.65775	1.50052	1.31743	1.12094	0.92446	0.74136	0.58414	0.46349	0.38765	0.36179	0.38765	0.46349	0.58414	0.74136	0.92446	1.12094	1.31743	1.50052	1.65775	1.77839	1.85423	
1.89063	1.86578	1.79291	1.67700	1.52594	1.35003	1.16126	0.97248	0.79657	0.64551	0.52960	0.45674	0.43188	0.45674	0.52960	0.64551	0.79657	0.97248	1.16126	1.35003	1.52594	1.67700	1.79291	1.86578	
1.89076	1.86728	1.79843	1.68890	1.54617	1.37995	1.20157	1.02319	0.85697	0.71424	0.60471	0.53586	0.51238	0.53586	0.60471	0.71424	0.85697	1.02319	1.20157	1.37995	1.54617	1.68890	1.79843	1.86728	
1.87853	1.85684	1.79324	1.69206	1.56021	1.40666	1.24188	1.07711	0.92356	0.79171	0.69053	0.62693	0.60524	0.62693	0.69053	0.79171	0.92356	1.07711	1.24188	1.40666	1.56021	1.69206	1.79324	1.85684	
1.85052	1.83116	1.77438	1.68406	1.56636	1.42929	1.28220	1.13511	0.99804	0.88033	0.79002	0.73324	0.71388	0.73324	0.79002	0.88033	0.99804	1.13511	1.28220	1.42929	1.56636	1.68406	1.77438	1.83116	
1.80000	1.78373	1.73603	1.66015	1.56126	1.44610	1.32251	1.19893	1.08377	0.98488	0.90900	0.86130	0.84503	0.86130	0.90900	0.98488	1.08377	1.19893	1.32251	1.44610	1.56126	1.66015	1.73603	1.78373	
1.70971	1.69789	1.66324	1.60811	1.53627	1.45261	1.36283	1.27305	1.18938	1.11754	1.06242	1.02776	1.01594	1.02776	1.06242	1.11754	1.18938	1.27305	1.36283	1.45261	1.53627	1.60811	1.66324	1.69789	
1.40314	1.40314	1.40314	1.40314	1.40314	1.40314	1.40314	1.40314	1.40314	1.40314	1.40314	1.40314	1.40314	1.40314	1.40314	1.40314	1.40314	1.40314	1.40314	1.40314	1.40314	1.40314	1.40314	1.40314	
0.49738	0.49738	0.49738	0.49738	0.49738	0.49738	0.49738	0.49738	0.49738	0.49738	0.49738	0.49738	0.49738	0.49738	0.49738	0.49738	0.49738	0.49738	0.49738	0.49738	0.49738	0.49738	0.49738	0.49738	
0.92316	0.91036	0.87285	0.81317	0.73540	0.64483	0.54764	0.45045	0.35989	0.28211	0.22244	0.18492	0.17213	0.18492	0.22244	0.28211	0.35989	0.45045	0.54764	0.64483	0.73540	0.81317	0.87285	0.91036	
1.11480	1.09719	1.04555	0.96341	0.85635	0.73169	0.59791	0.46412	0.33946	0.23241	0.15026	0.09862	0.08101	0.09862	0.15026	0.23241	0.33946	0.46412	0.59791	0.73169	0.85635	0.96341	1.04555	1.09719	
1.26339	1.24243	1.18097	1.08320	0.95578	0.80740	0.64817	0.48893	0.34055	0.21314	0.11536	0.05390	0.03294	0.05390	0.11536	0.21314	0.34055	0.48893	0.64817	0.80740	0.95578	1.08320	1.18097	1.24243	
1.38762	1.36414	1.29529	1.18576	1.04303	0.87681	0.69843	0.52005	0.35383	0.21110	0.10157	0.03272	0.00924	0.03272	0.10157	0.21110	0.35383	0.52005	0.69843	0.87681	1.04303	1.18576	1.29529	1.36414	
1.49476	1.46934	1.39481	1.27624	1.12173	0.94179	0.74869	0.55559	0.37565	0.22114	0.10257	0.02804	0.00262	0.02804	0.10257	0.22114	0.37565	0.55559	0.74869	0.94179	1.12173	1.27624	1.39481	1.46934	
1.58852	1.56162	1.48274	1.35726	1.19374	1.00331	0.79895	0.59460	0.40417	0.24064	0.11517	0.03629	0.00938	0.03629	0.11517	0.24064	0.40417	0.59460	0.79895	1.00331	1.19374	1.35726	1.48274	1.56162	
1.67102	1.64302	1.56092	1.43032	1.26012	1.06191	0.84921	0.63651	0.43831	0.26811	0.13751	0.05541	0.02740	0.05541	0.13751	0.26811	0.43831	0.63651	0.84921	1.06191	1.26012	1.43032	1.56092	1.64302	
1.74356	1.71480	1.63048	1.49633	1.32152	1.11794	0.89948	0.68101	0.47743	0.30262	0.16848	0.08415	0.05539	0.08415	0.16848	0.30262	0.47743	0.68101	0.89948	1.11794	1.32152	1.49633	1.63048	1.71480	
1.80691	1.77770	1.69207	1.55585	1.37832	1.17159	0.94974	0.72789	0.52115	0.34363	0.20741	0.12177	0.09257	0.12177	0.20741	0.34363	0.52115	0.72789	0.94974	1.17159	1.37832	1.55585	1.69207	1.77770	
1.86149	1.83214	1.74607	1.60917	1.43075	1.22297	1.00000	0.77703	0.56925	0.39083	0.25393	0.16786	0.13851	0.16786	0.25393	0.39083	0.56925	0.77703	1.00000	1.22297	1.43075	1.60917	1.74607	1.83214	
1.90743	1.87823	1.79259	1.65637	1.47885	1.27211	1.05026	0.82841	0.62168	0.44415	0.30793	0.22230	0.19309	0.22230	0.30793	0.44415	0.62168	0.82841	1.05026	1.27211	1.47885	1.65637	1.79259	1.87823	
1.94461	1.91585	1.83152	1.69738	1.52257	1.31899	1.10052	0.88206	0.67848	0.50367	0.36952	0.28520	0.25644	0.28520	0.36952	0.50367	0.67848	0.88206	1.10052	1.31899	1.52257	1.69738	1.83152	1.91585	
1.97260	1.94459	1.86249	1.73189	1.56169	1.36349	1.15079	0.93809	0.73988	0.56968	0.43908	0.35698	0.32898	0.35698	0.43908	0.56968	0.73988	0.93809	1.15079	1.36349	1.56169	1.73189	1.86249	1.94459	
1.99062	1.96371	1.88483	1.75936	1.59583	1.40540	1.20105	0.99669	0.80626	0.64274	0.51726	0.43838	0.41148	0.43838	0.51726	0.64274	0.80626	0.99669	1.20105	1.40540	1.59583	1.75936	1.88483	1.96371	
1.99738	1.97196	1.89743	1.77886	1.62435	1.44441	1.25131	1.05821	0.87827	0.72376	0.60519	0.53066	0.50524	0.53066	0.60519	0.72376	0.87827	1.05821	1.25131	1.44441	1.62435	1.77886	1.89743	1.97196	
1.99076	1.96728	1.89843	1.78890	1.64617	1.47995	1.30157	1.12319	0.95697	0.81424	0.70471	0.63586	0.61238	0.63586	0.70471	0.81424	0.95697	1.12319	1.30157	1.47995	1.64617	1.78890	1.89843	1.96728	
1.96706	1.94610	1.88464	1.78686	1.65945	1.51107	1.35183	1.19260	1.04422	0.91680	0.81903	0.75757	0.73661	0.75757	0.81903	0.91680	1.04422	1.19260	1.35183	1.51107	1.65945	1.78686	1.88464	1.94610	
1.91899	1.90138	1.84974	1.76759	1.66054	1.53588	1.40209	1.26831	1.14365	1.03659	0.95445	0.90281	0.88520	0.90281	0.95445	1.03659	1.14365	1.26831	1.40209	1.53588	1.66054	1.76759	1.84974	1.90138	
1.82787	1.81508	1.77756	1.71789	1.64011	1.54955	1.45236	1.35517	1.26460	1.18683	1.12715	1.08964	1.07684	1.08964	1.12715	1.18683	1.26460	1.35517	1.45236	1.54955	1.64011	1.71789	1.77756	1.81508	
1.50262	1.50262	1.50262	1.50262	1.50262	1.50262	1.50262	1.50262	1.50262	1.50262	1.50262	1.50262	1.50262	1.50262	1.50262	1.50262	1.50262	1.50262	1.50262	1.50262	1.50262	1.50262	1.50262	1.50262	
0.39791	0.39791	0.39791	0.39791	0.39791	0.39791	0.39791	0.39791	0.39791	0.39791	0.39791	0.39791	0.39791	0.39791	0.39791	0.39791	0.39791	0.39791	0.39791	0.39791	0.39791	0.39791	0.39791	0.39791	
0.85552	0.84198	0.80228	0.73912	0.65682	0.56097	0.45812	0.35526	0.25941	0.17711	0.11395	0.07425	0.06071	0.07425	0.11395	0.17711	0.25941	0.35526	0.45812	0.56097	0.65682	0.73912	0.80228	0.84198	
1.06535	1.04671	0.99207	0.90513	0.79184	0.65991	0.51832	0.37674	0.24481	0.13152	0.04458	-0.01007	-0.02871	-0.01007	0.04458	0.13152	0.24481	0.37674	0.51832	0.65991	0.79184	0.90513	0.99207	1.04671	
1.22963	1.20744	1.14240	1.03893	0.90408	0.74705	0.57853	0.41002	0.25299	0.11814	0.01467	-0.05038	-0.07256	-0.05038	0.01467	0.11814	0.25299	0.41002	0.57853	0.74705	0.90408	1.03893	1.14240	1.20744	
1.36812	1.34326	1.27040	1.15449	1.00343	0.82752	0.63874	0.44997	0.27406	0.12300	0.00709	-0.06578	-0.09063	-0.06578	0.00709	0.12300	0.27406	0.44997	0.63874	0.82752	1.00343	1.15449	1.27040	1.34326	
1.48852	1.46162	1.38274	1.25726	1.09374	0.90331	0.69895	0.49460	0.30417	0.14064	0.01517	-0.06371	-0.09062	-0.06371	0.01517	0.14064	0.30417	0.49460	0.69895	0.90331	1.09374	1.25726	1.38274	1.46162	
1.59476	1.56629	1.48281	1.35002	1.17696	0.97543	0.75916	0.54289	0.34136	0.16830	0.03551	-0.04797	-0.07644	-0.04797	0.03551	0.16830	0.34136	0.54289	0.75916	0.97543	1.17696	1.35002	1.48281	1.56629	
1.68909	1.65946	1.57257	1.43436	1.25423	1.04447	0.81937	0.59427	0.38451	0.20439	0.06617	-0.02072	-0.05035	-0.02072	0.06617	0.20439	0.38451	0.59427	0.81937	1.04447	1.25423	1.43436	1.57257	1.65946	
1.77288	1.74244	1.65320	1.51124	1.32623	1.11078	0.87958	0.64838	0.43293	0.24793	0.10596	0.01672	-0.01371	0.01672	0.10596	0.24793	0.43293	0.64838	0.87958	1.11078	1.32623	1.51124	1.65320	1.74244	
1.84694	1.81603	1.72540	1.58124	1.39336	1.17458	0.93979	0.70500	0.48622	0.29834	0.15418	0.06355	0.03264	0.06355	0.15418	0.29834	0.48622	0.70500	0.93979	1.17458	1.39336	1.58124	1.72540	1.81603	
1.91172	1.88065	1.78957	1.64468	1.45586	1.23597	1.00000	0.76403	0.54414	0.35532	0.21043	0.11935	0.08828	0.11935	0.21043	0.35532	0.54414	0.76403	1.00000	1.23597	1.45586	1.64468	1.78957	1.88065	
1.96736	1.93645	1.84582	1.70166	1.51378	1.29500	1.06021	0.82542	0.60664	0.41876	0.27460	0.18397	0.15306	0.18397	0.27460	0.41876	0.60664	0.82542	1.06021	1.29500	1.51378	1.70166	1.84582	1.93645	
2.01371	1.98328	1.89404	1.75207	1.56707	1.35162	1.12042	0.88922	0.67377	0.48876	0.34680	0.25756	0.22712	0.25756	0.34680	0.48876	0.67377	0.88922	1.12042	1.35162	1.56707	1.75207	1.89404	1.98328	
2.05035	2.02072	1.93383	1.79561	1.61549	1.40573	1.18063	0.95553	0.74577	0.56564	0.42743	0.34054	0.31091	0.34054	0.42743	0.56564	0.74577	0.95553	1.18063	1.40573	1.61549	1.79561	1.93383	2.02072	
2.07644	2.04797	1.96449	1.83170	1.65864	1.45711	1.24084	1.02457	0.82304	0.64998	0.51719	0.43371	0.40524	0.43371	0.51719	0.64998	0.82304	1.02457	1.24084	1.45711	1.65864	1.83170	1.96449	2.04797	
2.09062	2.06371	1.98483	1.85936	1.69583	1.50540	1.30105	1.09669	0.90626	0.74274	0.61726	0.53838	0.51148	0.53838	0.61726	0.74274	0.90626	1.09669	1.30105	1.50540	1.69583	1.85936	1.98483	2.06371	
2.09063	2.06578	1.99291	1.87700	1.72594	1.55003	1.36126	1.17248	0.99657	0.84551	0.72960	0.65674	0.63188	0.65674	0.72960	0.84551	0.99657	1.17248	1.36126	1.55003	1.72594	1.87700	1.99291	2.06578	
2.07256	2.05038	1.98533	1.88186	1.74701	1.58998	1.42147	1.25295	1.09592	0.96107	0.85760	0.79256	0.77037	0.79256	0.85760	0.96107	1.09592	1.25295	1.42147	1.58998	1.74701	1.88186	1.98533	2.05038	
2.02871	2.01007	1.95542	1.86848	1.75519	1.62326	1.48168	1.34009	1.20816	1.09487	1.00793	0.95329	0.93465	0.95329	1.00793	1.09487	1.20816	1.34009	1.48168	1.62326	1.75519	1.86848	1.95542	2.01007	
1.93929	1.92575	1.88605	1.82289	1.74059	1.64474	1.54188	1.43903	1.34318	1.26088	1.19772	1.15802	1.14448	1.15802	1.19772	1.26088	1.34318	1.43903	1.54188	1.64474	1.74059	1.82289	1.88605	1.92575	
1.60209	1.60209	1.60209	1.60209	1.60209	1.60209	1.60209	1.60209	1.60209	1.60209	1.60209	1.60209	1.60209	1.60209	1.60209	1.60209	1.60209	1.60209	1.60209	1.60209	1.60209	1.60209	1.60209	1.60209	
0.29843	0.29843	0.29843	0.29843	0.29843	0.29843	0.29843	0.29843	0.29843	0.29843	0.29843	0.29843	0.29843	0.29843	0.29843	0.29843	0.29843	0.29843	0.29843	0.29843	0.29843	0.29843	0.29843	0.29843	
0.78222	0.76813	0.72680	0.66107	0.57540	0.47564	0.36859	0.26153	0.16177	0.07610	0.01037	-0.03095	-0.04505	-0.03095	0.01037	0.07610	0.16177	0.26153	0.36859	0.47564	0.57540	0.66107	0.72680	0.76813	
1.00811	0.98871	0.93183	0.84135	0.72343	0.58611	0.43874	0.29138	0.15406	0.03614	-0.05434	-0.11122	-0.13062	-0.11122	-0.05434	0.03614	0.15406	0.29138	0.43874	0.58611	0.72343	0.84135	0.93183	0.98871	
1.18658	1.16349	1.09579	0.98809	0.84774	0.68430	0.50890	0.33350	0.17006	0.02971	-0.07799	-0.14569	-0.16878	-0.14569	-0.07799	0.02971	0.17006	0.33350	0.50890	0.68430	0.84774	0.98809	1.09579	1.16349	
1.33821	1.31235	1.23651	1.11586	0.95864	0.77554	0.57906	0.38257	0.19948	0.04225	-0.07839	-0.15423	-0.18010	-0.15423	-0.07839	0.04225	0.19948	0.38257	0.57906	0.77554	0.95864	1.11586	1.23651	1.31235	
1.47102	1.44302	1.36092	1.23032	1.06012	0.86191	0.64921	0.43651	0.23831	0.06811	-0.06249	-0.14459	-0.17260	-0.14459	-0.06249	0.06811	0.23831	0.43651	0.64921	0.86191	1.06012	1.23032	1.36092	1.44302	
1.58909	1.55946	1.47257	1.33436	1.15423	0.94447	0.71937	0.49427	0.28451	0.10439	-0.03383	-0.12072	-0.15035	-0.12072	-0.03383	0.10439	0.28451	0.49427	0.71937	0.94447	1.15423	1.33436	1.47257	1.55946	
1.69476	1.66392	1.57349	1.42963	1.24215	1.02382	0.78953	0.55524	0.33691	0.14943	0.00557	-0.08486	-0.11571	-0.08486	0.00557	0.14943	0.33691	0.55524	0.78953	1.02382	1.24215	1.42963	1.57349	1.66392	
1.78946	1.75778	1.66489	1.51713	1.32457	1.10033	0.85969	0.61904	0.39480	0.20224	0.05448	-0.03840	-0.07009	-0.03840	0.05448	0.20224	0.39480	0.61904	0.85969	1.10033	1.32457	1.51713	1.66489	1.75778	
1.87403	1.84186	1.74753	1.59748	1.40194	1.17422	0.92984	0.68547	0.45775	0.26220	0.11215	0.01783	-0.01434	0.01783	0.11215	0.26220	0.45775	0.68547	0.92984	1.17422	1.40194	1.59748	1.74753	1.84186	
1.94894	1.91661	1.82181	1.67100	1.47447	1.24560	1.00000	0.75440	0.52553	0.32900	0.17819	0.08339	0.05106	0.08339	0.17819	0.32900	0.52553	0.75440	1.00000	1.24560	1.47447	1.67100	1.82181	1.91661	
2.01434	1.98217	1.88785	1.73780	1.54225	1.31453	1.07016	0.82578	0.59806	0.40252	0.25247	0.15814	0.12597	0.15814	0.25247	0.40252	0.59806	0.82578	1.07016	1.31453	1.54225	1.73780	1.88785	1.98217	
2.07009	2.03840	1.94552	1.79776	1.60520	1.38096	1.14031	0.89967	0.67543	0.48287	0.33511	0.24222	0.21054	0.24222	0.33511	0.48287	0.67543	0.89967	1.14031	1.38096	1.60520	1.79776	1.94552	2.03840	
2.11571	2.08486	1.99443	1.85057	1.66309	1.44476	1.21047	0.97618	0.75785	0.57037	0.42651	0.33608	0.30524	0.33608	0.42651	0.57037	0.75785	0.97618	1.21047	1.44476	1.66309	1.85057	1.99443	2.08486	
2.15035	2.12072	2.03383	1.89561	1.71549	1.50573	1.28063	1.05553	0.84577	0.66564	0.52743	0.44054	0.41091	0.44054	0.52743	0.66564	0.84577	1.05553	1.28063	1.50573	1.71549	1.89561	2.03383	2.12072	
2.17260	2.14459	2.06249	1.93189	1.76169	1.56349	1.35079	1.13809	0.93988	0.76968	0.63908	0.55698	0.52898	0.55698	0.63908	0.76968	0.93988	1.13809	1.35079	1.56349	1.76169	1.93189	2.06249	2.14459	
2.18010	2.15423	2.07839	1.95775	1.80052	1.61743	1.42094	1.22446	1.04136	0.88414	0.76349	0.68765	0.66179	0.68765	0.76349	0.88414	1.04136	1.22446	1.42094	1.61743	1.80052	1.95775	2.07839	2.15423	
2.16878	2.14569	2.07799	1.97029	1.82994	1.66650	1.49110	1.31570	1.15226	1.01191	0.90421	0.83651	0.81342	0.83651	0.90421	1.01191	1.15226	1.31570	1.49110	1.66650	1.82994	1.97029	2.07799	2.14569	
2.13062	2.11122	2.05434	1.96386	1.84594	1.70862	1.56126	1.41389	1.27657	1.15865	1.06817	1.01129	0.99189	1.01129	1.06817	1.15865	1.27657	1.41389	1.56126	1.70862	1.84594	1.96386	2.05434	2.11122	
2.04505	2.03095	1.98963	1.92390	1.83823	1.73847	1.63141	1.52436	1.42460	1.33893	1.27320	1.23187	1.21778	1.23187	1.27320	1.33893	1.42460	1.52436	1.63141	1.73847	1.83823	1.92390	1.98963	2.03095	
1.70157	1.70157	1.70157	1.70157	1.70157	1.70157	1.70157	1.70157	1.70157	1.70157	1.70157	1.70157	1.70157	1.70157	1.70157	1.70157	1.70157	1.70157	1.70157	1.70157	1.70157	1.70157	1.70157	1.70157	
0.19895	0.19895	0.19895	0.19895	0.19895	0.19895	0.19895	0.19895	0.19895	0.19895	0.19895	0.19895	0.19895	0.19895	0.19895	0.19895	0.19895	0.19895	0.19895	0.19895	0.19895	0.19895	0.19895	0.19895	
0.70390	0.68943	0.64699	0.57947	0.49148	0.38902	0.27906	0.16910	0.06663	-0.02135	-0.08887	-0.13131	-0.14579	-0.13131	-0.08887	-0.02135	0.06663	0.16910	0.27906	0.38902	0.49148	0.57947	0.64699	0.68943	
0.94396	0.92404	0.86561	0.77268	0.65156	0.51052	0.35916	0.20781	0.06676	-0.05435	-0.14729	-0.20571	-0.22564	-0.20571	-0.14729	-0.05435	0.06676	0.20781	0.35916	0.51052	0.65156	0.77268	0.86561	0.92404	
1.13532	1.11160	1.04206	0.93145	0.78729	0.61942	0.43927	0.25912	0.09124	-0.05292	-0.16353	-0.23307	-0.25678	-0.23307	-0.16353	-0.05292	0.09124	0.25912	0.43927	0.61942	0.78729	0.93145	1.04206	1.11160	
1.29910	1.27254	1.19464	1.07073	0.90924	0.72118	0.51937	0.31756	0.12951	-0.03198	-0.15590	-0.23379	-0.26036	-0.23379	-0.15590	-0.03198	0.12951	0.31756	0.51937	0.72118	0.90924	1.07073	1.19464	1.27254	
1.44356	1.41480	1.33048	1.19633	1.02152	0.81794	0.59948	0.38101	0.17743	0.00262	-0.13152	-0.21585	-0.24461	-0.21585	-0.13152	0.00262	0.17743	0.38101	0.59948	0.81794	1.02152	1.19633	1.33048	1.41480	
1.57288	1.54244	1.45320	1.31124	1.12623	0.91078	0.67958	0.44838	0.23293	0.04793	-0.09404	-0.18328	-0.21371	-0.18328	-0.09404	0.04793	0.23293	0.44838	0.67958	0.91078	1.12623	1.31124	1.45320	1.54244	
1.68946	1.65778	1.56489	1.41713	1.22457	1.00033	0.75969	0.51904	0.29480	0.10224	-0.04552	-0.13840	-0.17009	-0.13840	-0.04552	0.10224	0.29480	0.51904	0.75969	1.00033	1.22457	1.41713	1.56489	1.65778	
1.79476	1.76222	1.66682	1.51506	1.31728	1.08696	0.83979	0.59263	0.36230	0.16452	0.01276	-0.08264	-0.11518	-0.08264	0.01276	0.16452	0.36230	0.59263	0.83979	1.08696	1.31728	1.51506	1.66682	1.76222	
1.88968	1.85663	1.75975	1.60563	1.40479	1.17089	0.91990	0.66890	0.43501	0.23416	0.08004	-0.01684	-0.04988	-0.01684	0.08004	0.23416	0.43501	0.66890	0.91990	1.17089	1.40479	1.60563	1.75975	1.85663	
1.97467	1.94145	1.84409	1.68919	1.48733	1.25226	1.00000	0.74774	0.51267	0.31081	0.15591	0.05855	0.02533	0.05855	0.15591	0.31081	0.51267	0.74774	1.00000	1.25226	1.48733	1.68919	1.84409	1.94145	
2.04988	2.01684	1.91996	1.76584	1.56499	1.33110	1.08010	0.82911	0.59521	0.39437	0.24025	0.14337	0.11032	0.14337	0.24025	0.39437	0.59521	0.82911	1.08010	1.33110	1.56499	1.76584	1.91996	2.01684	
2.11518	2.08264	1.98724	1.83548	1.63770	1.40737	1.16021	0.91304	0.68272	0.48494	0.33318	0.23778	0.20524	0.23778	0.33318	0.48494	0.68272	0.91304	1.16021	1.40737	1.63770	1.83548	1.98724	2.08264	
2.17009	2.13840	2.04552	1.89776	1.70520	1.48096	1.24031	0.99967	0.77543	0.58287	0.43511	0.34222	0.31054	0.34222	0.43511	0.58287	0.77543	0.99967	1.24031	1.48096	1.70520	1.89776	2.04552	2.13840	
2.21371	2.18328	2.09404	1.95207	1.76707	1.55162	1.32042	1.08922	0.87377	0.68876	0.54680	0.45756	0.42712	0.45756	0.54680	0.68876	0.87377	1.08922	1.32042	1.55162	1.76707	1.95207	2.09404	2.18328	
2.24461	2.21585	2.13152	1.99738	1.82257	1.61899	1.40052	1.18206	0.97848	0.80367	0.66952	0.58520	0.55644	0.58520	0.66952	0.80367	0.97848	1.18206	1.40052	1.61899	1.82257	1.99738	2.13152	2.21585	
2.26036	2.23379	2.15590	2.03198	1.87049	1.68244	1.48063	1.27882	1.09076	0.92927	0.80536	0.72746	0.70090	0.72746	0.80536	0.92927	1.09076	1.27882	1.48063	1.68244	1.87049	2.03198	2.15590	2.23379	
2.25678	2.23307	2.16353	2.05292	1.90876	1.74088	1.56073	1.38058	1.21271	1.06855	0.95794	0.88840	0.86468	0.88840	0.95794	1.06855	1.21271	1.38058	1.56073	1.74088	1.90876	2.05292	2.16353	2.23307	
2.22564	2.20571	2.14729	2.05435	1.93324	1.79219	1.64084	1.48948	1.34844	1.22732	1.13439	1.07596	1.05604	1.07596	1.13439	1.22732	1.34844	1.48948	1.64084	1.79219	1.93324	2.05435	2.14729	2.20571	
2.14579	2.13131	2.08887	2.02135	1.93337	1.83090	1.72094	1.61098	1.50852	1.42053	1.35301	1.31057	1.29610	1.31057	1.35301	1.42053	1.50852	1.61098	1.72094	1.83090	1.93337	2.02135	2.08887	2.13131	
1.80105	1.80105	1.80105	1.80105	1.80105	1.80105	1.80105	1.80105	1.80105	1.80105	1.80105	1.80105	1.80105	1.80105	1.80105	1.80105	1.80105	1.80105	1.80105	1.80105	1.80105	1.80105	1.80105	1.80105	
0.09948	0.09948	0.09948	0.09948	0.09948	0.09948	0.09948	0.09948	0.09948	0.09948	0.09948	0.09948	0.09948	0.09948	0.09948	0.09948	0.09948	0.09948	0.09948	0.09948	0.09948	0.09948	0.09948	0.09948	
0.62096	0.60626	0.56316	0.49460	0.40525	0.30119	0.18953	0.07787	-0.02619	-0.11554	-0.18410	-0.22720	-0.24191	-0.22720	-0.18410	-0.11554	-0.02619	0.07787	0.18953	0.30119	0.40525	0.49460	0.56316	0.60626	
0.87345	0.85321	0.79388	0.69951	0.57651	0.43329	0.27958	0.12588	-0.01735	-0.14035	-0.23472	-0.29405	-0.31429	-0.29405	-0.23472	-0.14035	-0.01735	0.12588	0.27958	0.43329	0.57651	0.69951	0.79388	0.85321	
1.07648	1.05239	0.98178	0.86945	0.72305	0.55258	0.36963	0.18669	0.01621	-0.13018	-0.24251	-0.31312	-0.33721	-0.31312	-0.24251	-0.13018	0.01621	0.18669	0.36963	0.55258	0.72305	0.86945	0.98178	1.05239	
1.25151	1.22453	1.14542	1.01959	0.85560	0.66462	0.45969	0.25475	0.06377	-0.10022	-0.22605	-0.30516	-0.33214	-0.30516	-0.22605	-0.10022	0.06377	0.25475	0.45969	0.66462	0.85560	1.01959	1.14542	1.22453	
1.40691	1.37770	1.29207	1.15585	0.97832	0.77159	0.54974	0.32789	0.12115	-0.05637	-0.19259	-0.27823	-0.30743	-0.27823	-0.19259	-0.05637	0.12115	0.32789	0.54974	0.77159	0.97832	1.15585	1.29207	1.37770	
1.54694	1.51603	1.42540	1.28124	1.09336	0.87458	0.63979	0.40500	0.18622	-0.00166	-0.14582	-0.23645	-0.26736	-0.23645	-0.14582	-0.00166	0.18622	0.40500	0.63979	0.87458	1.09336	1.28124	1.42540	1.51603	
1.67403	1.64186	1.54753	1.39748	1.20194	0.97422	0.72984	0.48547	0.25775	0.06220	-0.08785	-0.18217	-0.21434	-0.18217	-0.08785	0.06220	0.25775	0.48547	0.72984	0.97422	1.20194	1.39748	1.54753	1.64186	
1.78968	1.75663	1.65975	1.50563	1.30479	1.07089	0.81990	0.56890	0.33501	0.13416	-0.01996	-0.11684	-0.14988	-0.11684	-0.01996	0.13416	0.33501	0.56890	0.81990	1.07089	1.30479	1.50563	1.65975	1.75663	
1.89476	1.86121	1.76282	1.60632	1.40236	1.16484	0.90995	0.65506	0.41754	0.21358	0.05707	-0.04131	-0.07487	-0.04131	0.05707	0.21358	0.41754	0.65506	0.90995	1.16484	1.40236	1.60632	1.76282	1.86121	
1.98978	1.95605	1.85717	1.69988	1.49489	1.25617	1.00000	0.74383	0.50511	0.30012	0.14283	0.04395	0.01022	0.04395	0.14283	0.30012	0.50511	0.74383	1.00000	1.25617	1.49489	1.69988	1.85717	1.95605	
2.07487	2.04131	1.94293	1.78642	1.58246	1.34494	1.09005	0.83516	0.59764	0.39368	0.23718	0.13879	0.10524	0.13879	0.23718	0.39368	0.59764	0.83516	1.09005	1.34494	1.58246	1.78642	1.94293	2.04131	
2.14988	2.11684	2.01996	1.86584	1.66499	1.43110	1.18010	0.92911	0.69521	0.49437	0.34025	0.24337	0.21032	0.24337	0.34025	0.49437	0.69521	0.92911	1.18010	1.43110	1.66499	1.86584	2.01996	2.11684	
2.21434	2.18217	2.08785	1.93780	1.74225	1.51453	1.27016	1.02578	0.79806	0.60252	0.45247	0.35814	0.32597	0.35814	0.45247	0.60252	0.79806	1.02578	1.27016	1.51453	1.74225	1.93780	2.08785	2.18217	
2.26736	2.23645	2.14582	2.00166	1.81378	1.59500	1.36021	1.12542	0.90664	0.71876	0.57460	0.48397	0.45306	0.48397	0.57460	0.71876	0.90664	1.12542	1.36021	1.59500	1.81378	2.00166	2.14582	2.23645	
2.30743	2.27823	2.19259	2.05637	1.87885	1.67211	1.45026	1.22841	1.02168	0.84415	0.70793	0.62230	0.59309	0.62230	0.70793	0.84415	1.02168	1.22841	1.45026	1.67211	1.87885	2.05637	2.19259	2.27823	
2.33214	2.30516	2.22605	2.10022	1.93623	1.74525	1.54031	1.33538	1.14440	0.98041	0.85458	0.77547	0.74849	0.77547	0.85458	0.98041	1.14440	1.33538	1.54031	1.74525	1.93623	2.10022	2.22605	2.30516	
2.33721	2.31312	2.24251	2.13018	1.98379	1.81331	1.63037	1.44742	1.27695	1.13055	1.01822	0.94761	0.92352	0.94761	1.01822	1.13055	1.27695	1.44742	1.63037	1.81331	1.98379	2.13018	2.24251	2.31312	
2.31429	2.29405	2.23472	2.14035	2.01735	1.87412	1.72042	1.56671	1.42349	1.30049	1.20612	1.14679	1.12655	1.14679	1.20612	1.30049	1.42349	1.56671	1.72042	1.87412	2.01735	2.14035	2.23472	2.29405	
2.24191	2.22720	2.18410	2.11554	2.02619	1.92213	1.81047	1.69881	1.59475	1.50540	1.43684	1.39374	1.37904	1.39374	1.43684	1.50540	1.59475	1.69881	1.81047	1.92213	2.02619	2.11554	2.18410	2.22720	
1.90052	1.90052	1.90052	1.90052	1.90052	1.90052	1.90052	1.90052	1.90052	1.90052	1.90052	1.90052	1.90052	1.90052	1.90052	1.90052	1.90052	1.90052	1.90052	1.90052	1.90052	1.90052	1.90052	1.90052	
0.00000	0.00000	0.00000	0.00000	0.00000	0.00000	0.00000	0.00000	0.00000	0.00000	0.00000	0.00000	0.00000	0.00000	0.00000	0.00000	0.00000	0.00000	0.00000	0.00000	0.00000	0.00000	0.00000	0.00000	
0.53361	0.51883	0.47552	0.40661	0.31680	0.21223	0.10000	-0.01223	-0.11680	-0.20661	-0.27552	-0.31883	-0.33361	-0.31883	-0.27552	-0.20661	-0.11680	-0.01223	0.10000	0.21223	0.31680	0.40661	0.47552	0.51883	
0.79686	0.77652	0.71689	0.62204	0.49843	0.35448	0.20000	0.04552	-0.09843	-0.22204	-0.31689	-0.37652	-0.39686	-0.37652	-0.31689	-0.22204	-0.09843	0.04552	0.20000	0.35448	0.49843	0.62204	0.71689	0.77652	
1.01040	0.98620	0.91523	0.80233	0.65520	0.48387	0.30000	0.11613	-0.05520	-0.20233	-0.31523	-0.38620	-0.41040	-0.38620	-0.31523	-0.20233	-0.05520	0.11613	0.30000	0.48387	0.65520	0.80233	0.91523	0.98620	
1.19581	1.16869	1.08919	0.96272	0.79791	0.60597	0.40000	0.19403	0.00209	-0.16272	-0.28919	-0.36869	-0.39581	-0.36869	-0.28919	-0.16272	0.00209	0.19403	0.40000	0.60597	0.79791	0.96272	1.08919	1.16869	
1.36149	1.33214	1.24607	1.10917	0.93075	0.72297	0.50000	0.27703	0.06925	-0.10917	-0.24607	-0.33214	-0.36149	-0.33214	-0.24607	-0.10917	0.06925	0.27703	0.50000	0.72297	0.93075	1.10917	1.24607	1.33214	
1.51172	1.48065	1.38957	1.24468	1.05586	0.83597	0.60000	0.36403	0.14414	-0.04468	-0.18957	-0.28065	-0.31172	-0.28065	-0.18957	-0.04468	0.14414	0.36403	0.60000	0.83597	1.05586	1.24468	1.38957	1.48065	
1.64894	1.61661	1.52181	1.37100	1.17447	0.94560	0.70000	0.45440	0.22553	0.02900	-0.12181	-0.21661	-0.24894	-0.21661	-0.12181	0.02900	0.22553	0.45440	0.70000	0.94560	1.17447	1.37100	1.52181	1.61661	
1.77467	1.74145	1.64409	1.48919	1.28733	1.05226	0.80000	0.54774	0.31267	0.11081	-0.04409	-0.14145	-0.17467	-0.14145	-0.04409	0.11081	0.31267	0.54774	0.80000	1.05226	1.28733	1.48919	1.64409	1.74145	
1.88978	1.85605	1.75717	1.59988	1.39489	1.15617	0.90000	0.64383	0.40511	0.20012	0.04283	-0.05605	-0.08978	-0.05605	0.04283	0.20012	0.40511	0.64383	0.90000	1.15617	1.39489	1.59988	1.75717	1.85605	
1.99476	1.96087	1.86149	1.70340	1.49738	1.25746	1.00000	0.74254	0.50262	0.29660	0.13851	0.03913	0.00524	0.03913	0.13851	0.29660	0.50262	0.74254	1.00000	1.25746	1.49738	1.70340	1.86149	1.96087	
2.08978	2.05605	1.95717	1.79988	1.59489	1.35617	1.10000	0.84383	0.60511	0.40012	0.24283	0.14395	0.11022	0.14395	0.24283	0.40012	0.60511	0.84383	1.10000	1.35617	1.59489	1.79988	1.95717	2.05605	
2.17467	2.14145	2.04409	1.88919	1.68733	1.45226	1.20000	0.94774	0.71267	0.51081	0.35591	0.25855	0.22533	0.25855	0.35591	0.51081	0.71267	0.94774	1.20000	1.45226	1.68733	1.88919	2.04409	2.14145	
2.24894	2.21661	2.12181	1.97100	1.77447	1.54560	1.30000	1.05440	0.82553	0.62900	0.47819	0.38339	0.35106	0.38339	0.47819	0.62900	0.82553	1.05440	1.30000	1.54560	1.77447	1.97100	2.12181	2.21661	
2.31172	2.28065	2.18957	2.04468	1.85586	1.63597	1.40000	1.16403	0.94414	0.75532	0.61043	0.51935	0.48828	0.51935	0.61043	0.75532	0.94414	1.16403	1.40000	1.63597	1.85586	2.04468	2.18957	2.28065	
2.36149	2.33214	2.24607	2.10917	1.93075	1.72297	1.50000	1.27703	1.06925	0.89083	0.75393	0.66786	0.63851	0.66786	0.75393	0.89083	1.06925	1.27703	1.50000	1.72297	1.93075	2.10917	2.24607	2.33214	
2.39581	2.36869	2.28919	2.16272	1.99791	1.80597	1.60000	1.39403	1.20209	1.03728	0.91081	0.83131	0.80419	0.83131	0.91081	1.03728	1.20209	1.39403	1.60000	1.80597	1.99791	2.16272	2.28919	2.36869	
2.41040	2.38620	2.31523	2.20233	2.05520	1.88387	1.70000	1.51613	1.34480	1.19767	1.08477	1.01380	0.98960	1.01380	1.08477	1.19767	1.34480	1.51613	1.70000	1.88387	2.05520	2.20233	2.31523	2.38620	
2.39686	2.37652	2.31689	2.22204	2.09843	1.95448	1.80000	1.64552	1.50157	1.37796	1.28311	1.22348	1.20314	1.22348	1.28311	1.37796	1.50157	1.64552	1.80000	1.95448	2.09843	2.22204	2.31689	2.37652	
2.33361	2.31883	2.27552	2.20661	2.11680	2.01223	1.90000	1.78777	1.68320	1.59339	1.52448	1.48117	1.46639	1.48117	1.52448	1.59339	1.68320	1.78777	1.90000	2.01223	2.11680	2.20661	2.27552	2.31883	
2.00000	2.00000	2.00000	2.00000	2.00000	2.00000	2.00000	2.00000	2.00000	2.00000	2.00000	2.00000	2.00000	2.00000	2.00000	2.00000	2.00000	2.00000	2.00000	2.00000	2.00000	2.00000	2.00000	2.00000	
-0.09948	-0.09948	-0.09948	-0.09948	-0.09948	-0.09948	-0.09948	-0.09948	-0.09948	-0.09948	-0.09948	-0.09948	-0.09948	-0.09948	-0.09948	-0.09948	-0.09948	-0.09948	-0.09948	-0.09948	-0.09948	-0.09948	-0.09948	-0.09948	
0.44191	0.42720	0.38410	0.31554	0.22619	0.12213	0.01047	-0.10119	-0.20525	-0.29460	-0.36316	-0.40626	-0.42096	-0.40626	-0.36316	-0.29460	-0.20525	-0.10119	0.01047	0.12213	0.22619	0.31554	0.38410	0.42720	
0.71429	0.69405	0.63472	0.54035	0.41735	0.27412	0.12042	-0.03329	-0.17651	-0.29951	-0.39388	-0.45321	-0.47345	-0.45321	-0.39388	-0.29951	-0.17651	-0.03329	0.12042	0.27412	0.41735	0.54035	0.63472	0.69405	
0.93721	0.91312	0.84251	0.73018	0.58379	0.41331	0.23037	0.04742	-0.12305	-0.26945	-0.38178	-0.45239	-0.47648	-0.45239	-0.38178	-0.26945	-0.12305	0.04742	0.23037	0.41331	0.58379	0.73018	0.84251	0.91312	
1.13214	1.10516	1.02605	0.90022	0.73623	0.54525	0.34031	0.13538	-0.05560	-0.21959	-0.34542	-0.42453	-0.45151	-0.42453	-0.34542	-0.21959	-0.05560	0.13538	0.34031	0.54525	0.73623	0.90022	1.02605	1.10516	
1.30743	1.27823	1.19259	1.05637	0.87885	0.67211	0.45026	0.22841	0.02168	-0.15585	-0.29207	-0.37770	-0.40691	-0.37770	-0.29207	-0.15585	0.02168	0.22841	0.45026	0.67211	0.87885	1.05637	1.19259	1.27823	
1.46736	1.43645	1.34582	1.20166	1.01378	0.79500	0.56021	0.32542	0.10664	-0.08124	-0.22540	-0.31603	-0.34694	-0.31603	-0.22540	-0.08124	0.10664	0.32542	0.56021	0.79500	1.01378	1.20166	1.34582	1.43645	
1.61434	1.58217	1.48785	1.33780	1.14225	0.91453	0.67016	0.42578	0.19806	0.00252	-0.14753	-0.24186	-0.27403	-0.24186	-0.14753	0.00252	0.19806	0.42578	0.67016	0.91453	1.14225	1.33780	1.48785	1.58217	
1.74988	1.71684	1.61996	1.46584	1.26499	1.03110	0.78010	0.52911	0.29521	0.09437	-0.05975	-0.15663	-0.18968	-0.15663	-0.05975	0.09437	0.29521	0.52911	0.78010	1.03110	1.26499	1.46584	1.61996	1.71684	
1.87487	1.84131	1.74293	1.58642	1.38246	1.14494	0.89005	0.63516	0.39764	0.19368	0.03718	-0.06121	-0.09476	-0.06121	0.03718	0.19368	0.39764	0.63516	0.89005	1.14494	1.38246	1.58642	1.74293	1.84131	
1.98978	1.95605	1.85717	1.69988	1.49489	1.25617	1.00000	0.74383	0.50511	0.30012	0.14283	0.04395	0.01022	0.04395	0.14283	0.30012	0.50511	0.74383	1.00000	1.25617	1.49489	1.69988	1.85717	1.95605	
2.09476	2.06121	1.96282	1.80632	1.60236	1.36484	1.10995	0.85506	0.61754	0.41358	0.25707	0.15869	0.12513	0.15869	0.25707	0.41358	0.61754	0.85506	1.10995	1.36484	1.60236	1.80632	1.96282	2.06121	
2.18968	2.15663	2.05975	1.90563	1.70479	1.47089	1.21990	0.96890	0.73501	0.53416	0.38004	0.28316	0.25012	0.28316	0.38004	0.53416	0.73501	0.96890	1.21990	1.47089	1.70479	1.90563	2.05975	2.15663	
2.27403	2.24186	2.14753	1.99748	1.80194	1.57422	1.32984	1.08547	0.85775	0.66220	0.51215	0.41783	0.38566	0.41783	0.51215	0.66220	0.85775	1.08547	1.32984	1.57422	1.80194	1.99748	2.14753	2.24186	
2.34694	2.31603	2.22540	2.08124	1.89336	1.67458	1.43979	1.20500	0.98622	0.79834	0.65418	0.56355	0.53264	0.56355	0.65418	0.79834	0.98622	1.20500	1.43979	1.67458	1.89336	2.08124	2.22540	2.31603	
2.40691	2.37770	2.29207	2.15585	1.97832	1.77159	1.54974	1.32789	1.12115	0.94363	0.80741	0.72177	0.69257	0.72177	0.80741	0.94363	1.12115	1.32789	1.54974	1.77159	1.97832	2.15585	2.29207	2.37770	
2.45151	2.42453	2.34542	2.21959	2.05560	1.86462	1.65969	1.45475	1.26377	1.09978	0.97395	0.89484	0.86786	0.89484	0.97395	1.09978	1.26377	1.45475	1.65969	1.86462	2.05560	2.21959	2.34542	2.42453	
2.47648	2.45239	2.38178	2.26945	2.12305	1.95258	1.76963	1.58669	1.41621	1.26982	1.15749	1.08688	1.06279	1.08688	1.15749	1.26982	1.41621	1.58669	1.76963	1.95258	2.12305	2.26945	2.38178	2.45239	
2.47345	2.45321	2.39388	2.29951	2.17651	2.03329	1.87958	1.72588	1.58265	1.45965	1.36528	1.30595	1.28571	1.30595	1.36528	1.45965	1.58265	1.72588	1.87958	2.03329	2.17651	2.29951	2.39388	2.45321	
2.42096	2.40626	2.36316	2.29460	2.20525	2.10119	1.98953	1.87787	1.77381	1.68446	1.61590	1.57280	1.55809	1.57280	1.61590	1.68446	1.77381	1.87787	1.98953	2.10119	2.20525	2.29460	2.36316	2.40626	
2.09948	2.09948	2.09948	2.09948	2.09948	2.09948	2.09948	2.09948	2.09948	2.09948	2.09948	2.09948	2.09948	2.09948	2.09948	2.09948	2.09948	2.09948	2.09948	2.09948	2.09948	2.09948	2.09948	2.09948	
-0.19895	-0.19895	-0.19895	-0.19895	-0.19895	-0.19895	-0.19895	-0.19895	-0.19895	-0.19895	-0.19895	-0.19895	-0.19895	-0.19895	-0.19895	-0.19895	-0.19895	-0.19895	-0.19895	-0.19895	-0.19895	-0.19895	-0.19895	-0.19895	
0.34579	0.33131	0.28887	0.22135	0.13337	0.03090	-0.07906	-0.18902	-0.29148	-0.37947	-0.44699	-0.48943	-0.50390	-0.48943	-0.44699	-0.37947	-0.29148	-0.18902	-0.07906	0.03090	0.13337	0.22135	0.28887	0.33131	
0.62564	0.60571	0.54729	0.45435	0.33324	0.19219	0.04084	-0.11052	-0.25156	-0.37268	-0.46561	-0.52404	-0.54396	-0.52404	-0.46561	-0.37268	-0.25156	-0.11052	0.04084	0.19219	0.33324	0.45435	0.54729	0.60571	
0.85678	0.83307	0.76353	0.65292	0.50876	0.34088	0.16073	-0.01942	-0.18729	-0.33145	-0.44206	-0.51160	-0.53532	-0.51160	-0.44206	-0.33145	-0.18729	-0.01942	0.16073	0.34088	0.50876	0.65292	0.76353	0.83307	
1.06036	1.03379	0.95590	0.83198	0.67049	0.48244	0.28063	0.07882	-0.10924	-0.27073	-0.39464	-0.47254	-0.49910	-0.47254	-0.39464	-0.27073	-0.10924	0.07882	0.28063	0.48244	0.67049	0.83198	0.95590	1.03379	
1.24461	1.21585	1.13152	0.99738	0.82257	0.61899	0.40052	0.18206	-0.02152	-0.19633	-0.33048	-0.41480	-0.44356	-0.41480	-0.33048	-0.19633	-0.02152	0.18206	0.40052	0.61899	0.82257	0.99738	1.13152	1.21585	
1.41371	1.38328	1.29404	1.15207	0.96707	0.75162	0.52042	0.28922	0.07377	-0.11124	-0.25320	-0.34244	-0.37288	-0.34244	-0.25320	-0.11124	0.07377	0.28922	0.52042	0.75162	0.96707	1.15207	1.29404	1.38328	
1.57009	1.53840	1.44552	1.29776	1.10520	0.88096	0.64031	0.39967	0.17543	-0.01713	-0.16489	-0.25778	-0.28946	-0.25778	-0.16489	-0.01713	0.17543	0.39967	0.64031	0.88096	1.10520	1.29776	1.44552	1.53840	
1.71518	1.68264	1.58724	1.43548	1.23770	1.00737	0.76021	0.51304	0.28272	0.08494	-0.06682	-0.16222	-0.19476	-0.16222	-0.06682	0.08494	0.28272	0.51304	0.76021	1.00737	1.23770	1.43548	1.58724	1.68264	
1.84988	1.81684	1.71996	1.56584	1.36499	1.13110	0.88010	0.62911	0.39521	0.19437	0.04025	-0.05663	-0.08968	-0.05663	0.04025	0.19437	0.39521	0.62911	0.88010	1.13110	1.36499	1.56584	1.71996	1.81684	
1.97467	1.94145	1.84409	1.68919	1.48733	1.25226	1.00000	0.74774	0.51267	0.31081	0.15591	0.05855	0.02533	0.05855	0.15591	0.31081	0.51267	0.74774	1.00000	1.25226	1.48733	1.68919	1.84409	1.94145	
2.08968	2.05663	1.95975	1.80563	1.60479	1.37089	1.11990	0.86890	0.63501	0.43416	0.28004	0.18316	0.15012	0.18316	0.28004	0.43416	0.63501	0.86890	1.11990	1.37089	1.60479	1.80563	1.95975	2.05663	
2.19476	2.16222	2.06682	1.91506	1.71728	1.48696	1.23979	0.99263	0.76230	0.56452	0.41276	0.31736	0.28482	0.31736	0.41276	0.56452	0.76230	0.99263	1.23979	1.48696	1.71728	1.91506	2.06682	2.16222	
2.28946	2.25778	2.16489	2.01713	1.82457	1.60033	1.35969	1.11904	0.89480	0.70224	0.55448	0.46160	0.42991	0.46160	0.55448	0.70224	0.89480	1.11904	1.35969	1.60033	1.82457	2.01713	2.16489	2.25778	
2.37288	2.34244	2.25320	2.11124	1.92623	1.71078	1.47958	1.24838	1.03293	0.84793	0.70596	0.61672	0.58629	0.61672	0.70596	0.84793	1.03293	1.24838	1.47958	1.71078	1.92623	2.11124	2.25320	2.34244	
2.44356	2.41480	2.33048	2.19633	2.02152	1.81794	1.59948	1.38101	1.17743	1.00262	0.86848	0.78415	0.75539	0.78415	0.86848	1.00262	1.17743	1.38101	1.59948	1.81794	2.02152	2.19633	2.33048	2.41480	
2.49910	2.47254	2.39464	2.27073	2.10924	1.92118	1.71937	1.51756	1.32951	1.16802	1.04410	0.96621	0.93964	0.96621	1.04410	1.16802	1.32951	1.51756	1.71937	1.92118	2.10924	2.27073	2.39464	2.47254	
2.53532	2.51160	2.44206	2.33145	2.18729	2.01942	1.83927	1.65912	1.49124	1.34708	1.23647	1.16693	1.14322	1.16693	1.23647	1.34708	1.49124	1.65912	1.83927	2.01942	2.18729	2.33145	2.44206	2.51160	
2.54396	2.52404	2.46561	2.37268	2.25156	2.11052	1.95916	1.80781	1.66676	1.54565	1.45271	1.39429	1.37436	1.39429	1.45271	1.54565	1.66676	1.80781	1.95916	2.11052	2.25156	2.37268	2.46561	2.52404	
2.50390	2.48943	2.44699	2.37947	2.29148	2.18902	2.07906	1.96910	1.86663	1.77865	1.71113	1.66869	1.65421	1.66869	1.71113	1.77865	1.86663	1.96910	2.07906	2.18902	2.29148	2.37947	2.44699	2.48943	
2.19895	2.19895	2.19895	2.19895	2.19895	2.19895	2.19895	2.19895	2.19895	2.19895	2.19895	2.19895	2.19895	2.19895	2.19895	2.19895	2.19895	2.19895	2.19895	2.19895	2.19895	2.19895	2.19895	2.19895	
-0.29843	-0.29843	-0.29843	-0.29843	-0.29843	-0.29843	-0.29843	-0.29843	-0.29843	-0.29843	-0.29843	-0.29843	-0.29843	-0.29843	-0.29843	-0.29843	-0.29843	-0.29843	-0.29843	-0.29843	-0.29843	-0.29843	-0.29843	-0.29843	
0.24505	0.23095	0.18963	0.12390	0.03823	-0.06153	-0.16859	-0.27564	-0.37540	-0.46107	-0.52680	-0.56813	-0.58222	-0.56813	-0.52680	-0.46107	-0.37540	-0.27564	-0.16859	-0.06153	0.03823	0.12390	0.18963	0.23095	
0.53062	0.51122	0.45434	0.36386	0.24594	0.10862	-0.03874	-0.18611	-0.32343	-0.44135	-0.53183	-0.58871	-0.60811	-0.58871	-0.53183	-0.44135	-0.32343	-0.18611	-0.03874	0.10862	0.24594	0.36386	0.45434	0.51122	
0.76878	0.74569	0.67799	0.57029	0.42994	0.26650	0.09110	-0.08430	-0.24774	-0.38809	-0.49579	-0.56349	-0.58658	-0.56349	-0.49579	-0.38809	-0.24774	-0.08430	0.09110	0.26650	0.42994	0.57029	0.67799	0.74569	
0.98010	0.95423	0.87839	0.75775	0.60052	0.41743	0.22094	0.02446	-0.15864	-0.31586	-0.43651	-0.51235	-0.53821	-0.51235	-0.43651	-0.31586	-0.15864	0.02446	0.22094	0.41743	0.60052	0.75775	0.87839	0.95423	
1.17260	1.14459	1.06249	0.93189	0.76169	0.56349	0.35079	0.13809	-0.06012	-0.23032	-0.36092	-0.44302	-0.47102	-0.44302	-0.36092	-0.23032	-0.06012	0.13809	0.35079	0.56349	0.76169	0.93189	1.06249	1.14459	
1.35035	1.32072	1.23383	1.09561	0.91549	0.70573	0.48063	0.25553	0.04577	-0.13436	-0.27257	-0.35946	-0.38909	-0.35946	-0.27257	-0.13436	0.04577	0.25553	0.48063	0.70573	0.91549	1.09561	1.23383	1.32072	
1.51571	1.48486	1.39443	1.25057	1.06309	0.84476	0.61047	0.37618	0.15785	-0.02963	-0.17349	-0.26392	-0.29476	-0.26392	-0.17349	-0.02963	0.15785	0.37618	0.61047	0.84476	1.06309	1.25057	1.39443	1.48486	
1.67009	1.63840	1.54552	1.39776	1.20520	0.98096	0.74031	0.49967	0.27543	0.08287	-0.06489	-0.15778	-0.18946	-0.15778	-0.06489	0.08287	0.27543	0.49967	0.74031	0.98096	1.20520	1.39776	1.54552	1.63840	
1.81434	1.78217	1.68785	1.53780	1.34225	1.11453	0.87016	0.62578	0.39806	0.20252	0.05247	-0.04186	-0.07403	-0.04186	0.05247	0.20252	0.39806	0.62578	0.87016	1.11453	1.34225	1.53780	1.68785	1.78217	
1.94894	1.91661	1.82181	1.67100	1.47447	1.24560	1.00000	0.75440	0.52553	0.32900	0.17819	0.08339	0.05106	0.08339	0.17819	0.32900	0.52553	0.75440	1.00000	1.24560	1.47447	1.67100	1.82181	1.91661	
2.07403	2.04186	1.94753	1.79748	1.60194	1.37422	1.12984	0.88547	0.65775	0.46220	0.31215	0.21783	0.18566	0.21783	0.31215	0.46220	0.65775	0.88547	1.12984	1.37422	1.60194	1.79748	1.94753	2.04186	
2.18946	2.15778	2.06489	1.91713	1.72457	1.50033	1.25969	1.01904	0.79480	0.60224	0.45448	0.36160	0.32991	0.36160	0.45448	0.60224	0.79480	1.01904	1.25969	1.50033	1.72457	1.91713	2.06489	2.15778	
2.29476	2.26392	2.17349	2.02963	1.84215	1.62382	1.38953	1.15524	0.93691	0.74943	0.60557	0.51514	0.48429	0.51514	0.60557	0.74943	0.93691	1.15524	1.38953	1.62382	1.84215	2.02963	2.17349	2.26392	
2.38909	2.35946	2.27257	2.13436	1.95423	1.74447	1.51937	1.29427	1.08451	0.90439	0.76617	0.67928	0.64965	0.67928	0.76617	0.90439	1.08451	1.29427	1.51937	1.74447	1.95423	2.13436	2.27257	2.35946	
2.47102	2.44302	2.36092	2.23032	2.06012	1.86191	1.64921	1.43651	1.23831	1.06811	0.93751	0.85541	0.82740	0.85541	0.93751	1.06811	1.23831	1.43651	1.64921	1.86191	2.06012	2.23032	2.36092	2.44302	
2.53821	2.51235	2.43651	2.31586	2.15864	1.97554	1.77906	1.58257	1.39948	1.24225	1.12161	1.04577	1.01990	1.04577	1.12161	1.24225	1.39948	1.58257	1.77906	1.97554	2.15864	2.31586	2.43651	2.51235	
2.58658	2.56349	2.49579	2.38809	2.24774	2.08430	1.90890	1.73350	1.57006	1.42971	1.32201	1.25431	1.23122	1.25431	1.32201	1.42971	1.57006	1.73350	1.90890	2.08430	2.24774	2.38809	2.49579	2.56349	
2.60811	2.58871	2.53183	2.44135	2.32343	2.18611	2.03874	1.89138	1.75406	1.63614	1.54566	1.48878	1.46938	1.48878	1.54566	1.63614	1.75406	1.89138	2.03874	2.18611	2.32343	2.44135	2.53183	2.58871	
2.58222	2.56813	2.52680	2.46107	2.37540	2.27564	2.16859	2.06153	1.96177	1.87610	1.81037	1.76905	1.75495	1.76905	1.81037	1.87610	1.96177	2.06153	2.16859	2.27564	2.37540	2.46107	2.52680	2.56813	
2.29843	2.29843	2.29843	2.29843	2.29843	2.29843	2.29843	2.29843	2.29843	2.29843	2.29843	2.29843	2.29843	2.29843	2.29843	2.29843	2.29843	2.29843	2.29843	2.29843	2.29843	2.29843	2.29843	2.29843	
-0.39791	-0.39791	-0.39791	-0.39791	-0.39791	-0.39791	-0.39791	-0.39791	-0.39791	-0.39791	-0.39791	-0.39791	-0.39791	-0.39791	-0.39791	-0.39791	-0.39791	-0.39791	-0.39791	-0.39791	-0.39791	-0.39791	-0.39791	-0.39791	
0.13929	0.12575	0.08605	0.02289	-0.05941	-0.15526	-0.25812	-0.36097	-0.45682	-0.53912	-0.60228	-0.64198	-0.65552	-0.64198	-0.60228	-0.53912	-0.45682	-0.36097	-0.25812	-0.15526	-0.05941	0.02289	0.08605	0.12575	
0.42871	0.41007	0.35542	0.26848	0.15519	0.02326	-0.11832	-0.25991	-0.39184	-0.50513	-0.59207	-0.64671	-0.66535	-0.64671	-0.59207	-0.50513	-0.39184	-0.25991	-0.11832	0.02326	0.15519	0.26848	0.35542	0.41007	
0.67256	0.65038	0.58533	0.48186	0.34701	0.18998	0.02147	-0.14705	-0.30408	-0.43893	-0.54240	-0.60744	-0.62963	-0.60744	-0.54240	-0.43893	-0.30408	-0.14705	0.02147	0.18998	0.34701	0.48186	0.58533	0.65038	
0.89063	0.86578	0.79291	0.67700	0.52594	0.35003	0.16126	-0.02752	-0.20343	-0.35449	-0.47040	-0.54326	-0.56812	-0.54326	-0.47040	-0.35449	-0.20343	-0.02752	0.16126	0.35003	0.52594	0.67700	0.79291	0.86578	
1.09062	1.06371	0.98483	0.85936	0.69583	0.50540	0.30105	0.09669	-0.09374	-0.25726	-0.38274	-0.46162	-0.48852	-0.46162	-0.38274	-0.25726	-0.09374	0.09669	0.30105	0.50540	0.69583	0.85936	0.98483	1.06371	
1.27644	1.24797	1.16449	1.03170	0.85864	0.65711	0.44084	0.22457	0.02304	-0.15002	-0.28281	-0.36629	-0.39476	-0.36629	-0.28281	-0.15002	0.02304	0.22457	0.44084	0.65711	0.85864	1.03170	1.16449	1.24797	
1.45035	1.42072	1.33383	1.19561	1.01549	0.80573	0.58063	0.35553	0.14577	-0.03436	-0.17257	-0.25946	-0.28909	-0.25946	-0.17257	-0.03436	0.14577	0.35553	0.58063	0.80573	1.01549	1.19561	1.33383	1.42072	
1.61371	1.58328	1.49404	1.35207	1.16707	0.95162	0.72042	0.48922	0.27377	0.08876	-0.05320	-0.14244	-0.17288	-0.14244	-0.05320	0.08876	0.27377	0.48922	0.72042	0.95162	1.16707	1.35207	1.49404	1.58328	
1.76736	1.73645	1.64582	1.50166	1.31378	1.09500	0.86021	0.62542	0.40664	0.21876	0.07460	-0.01603	-0.04694	-0.01603	0.07460	0.21876	0.40664	0.62542	0.86021	1.09500	1.31378	1.50166	1.64582	1.73645	
1.91172	1.88065	1.78957	1.64468	1.45586	1.23597	1.00000	0.76403	0.54414	0.35532	0.21043	0.11935	0.08828	0.11935	0.21043	0.35532	0.54414	0.76403	1.00000	1.23597	1.45586	1.64468	1.78957	1.88065	
2.04694	2.01603	1.92540	1.78124	1.59336	1.37458	1.13979	0.90500	0.68622	0.49834	0.35418	0.26355	0.23264	0.26355	0.35418	0.49834	0.68622	0.90500	1.13979	1.37458	1.59336	1.78124	1.92540	2.01603	
2.17288	2.14244	2.05320	1.91124	1.72623	1.51078	1.27958	1.04838	0.83293	0.64793	0.50596	0.41672	0.38629	0.41672	0.50596	0.64793	0.83293	1.04838	1.27958	1.51078	1.72623	1.91124	2.05320	2.14244	
2.28909	2.25946	2.17257	2.03436	1.85423	1.64447	1.41937	1.19427	0.98451	0.80439	0.66617	0.57928	0.54965	0.57928	0.66617	0.80439	0.98451	1.19427	1.41937	1.64447	1.85423	2.03436	2.17257	2.25946	
2.39476	2.36629	2.28281	2.15002	1.97696	1.77543	1.55916	1.34289	1.14136	0.96830	0.83551	0.75203	0.72356	0.75203	0.83551	0.96830	1.14136	1.34289	1.55916	1.77543	1.97696	2.15002	2.28281	2.36629	
2.48852	2.46162	2.38274	2.25726	2.09374	1.90331	1.69895	1.49460	1.30417	1.14064	1.01517	0.93629	0.90938	0.93629	1.01517	1.14064	1.30417	1.49460	1.69895	1.90331	2.09374	2.25726	2.38274	2.46162	
2.56812	2.54326	2.47040	2.35449	2.20343	2.02752	1.83874	1.64997	1.47406	1.32300	1.20709	1.13422	1.10937	1.13422	1.20709	1.32300	1.47406	1.64997	1.83874	2.02752	2.20343	2.35449	2.47040	2.54326	
2.62963	2.60744	2.54240	2.43893	2.30408	2.14705	1.97853	1.81002	1.65299	1.51814	1.41467	1.34962	1.32744	1.34962	1.41467	1.51814	1.65299	1.81002	1.97853	2.14705	2.30408	2.43893	2.54240	2.60744	
2.66535	2.64671	2.59207	2.50513	2.39184	2.25991	2.11832	1.97674	1.84481	1.73152	1.64458	1.58993	1.57129	1.58993	1.64458	1.73152	1.84481	1.97674	2.11832	2.25991	2.39184	2.50513	2.59207	2.64671	
2.65552	2.64198	2.60228	2.53912	2.45682	2.36097	2.25812	2.15526	2.05941	1.97711	1.91395	1.87425	1.86071	1.87425	1.91395	1.97711	2.05941	2.15526	2.25812	2.36097	2.45682	2.53912	2.60228	2.64198	
2.39791	2.39791	2.39791	2.39791	2.39791	2.39791	2.39791	2.39791	2.39791	2.39791	2.39791	2.39791	2.39791	2.39791	2.39791	2.39791	2.39791	2.39791	2.39791	2.39791	2.39791	2.39791	2.39791	2.39791	
-0.49738	-0.49738	-0.49738	-0.49738	-0.49738	-0.49738	-0.49738	-0.49738	-0.49738	-0.49738	-0.49738	-0.49738	-0.49738	-0.49738	-0.49738	-0.49738	-0.49738	-0.49738	-0.49738	-0.49738	-0.49738	-0.49738	-0.49738	-0.49738	
0.02787	0.01508	-0.02244	-0.08211	-0.15989	-0.25045	-0.34764	-0.44483	-0.53540	-0.61317	-0.67285	-0.71036	-0.72316	-0.71036	-0.67285	-0.61317	-0.53540	-0.44483	-0.34764	-0.25045	-0.15989	-0.08211	-0.02244	0.01508	
0.31899	0.30138	0.24974	0.16759	0.06054	-0.06412	-0.19791	-0.33169	-0.45635	-0.56341	-0.64555	-0.69719	-0.71480	-0.69719	-0.64555	-0.56341	-0.45635	-0.33169	-0.19791	-0.06412	0.06054	0.16759	0.24974	0.30138	
0.56706	0.54610	0.48464	0.38686	0.25945	0.11107	-0.04817	-0.20740	-0.35578	-0.48320	-0.58097	-0.64243	-0.66339	-0.64243	-0.58097	-0.48320	-0.35578	-0.20740	-0.04817	0.11107	0.25945	0.38686	0.48464	0.54610	
0.79076	0.76728	0.69843	0.58890	0.44617	0.27995	0.10157	-0.07681	-0.24303	-0.38576	-0.49529	-0.56414	-0.58762	-0.56414	-0.49529	-0.38576	-0.24303	-0.07681	0.10157	0.27995	0.44617	0.58890	0.69843	0.76728	
0.99738	0.97196	0.89743	0.77886	0.62435	0.44441	0.25131	0.05821	-0.12173	-0.27624	-0.39481	-0.46934	-0.49476	-0.46934	-0.39481	-0.27624	-0.12173	0.05821	0.25131	0.44441	0.62435	0.77886	0.89743	0.97196	
1.19062	1.16371	1.08483	0.95936	0.79583	0.60540	0.40105	0.19669	0.00626	-0.15726	-0.28274	-0.36162	-0.38852	-0.36162	-0.28274	-0.15726	0.00626	0.19669	0.40105	0.60540	0.79583	0.95936	1.08483	1.16371	
1.37260	1.34459	1.26249	1.13189	0.96169	0.76349	0.55079	0.33809	0.13988	-0.03032	-0.16092	-0.24302	-0.27102	-0.24302	-0.16092	-0.03032	0.13988	0.33809	0.55079	0.76349	0.96169	1.13189	1.26249	1.34459	
1.54461	1.51585	1.43152	1.29738	1.12257	0.91899	0.70052	0.48206	0.27848	0.10367	-0.03048	-0.11480	-0.14356	-0.11480	-0.03048	0.10367	0.27848	0.48206	0.70052	0.91899	1.12257	1.29738	1.43152	1.51585	
1.70743	1.67823	1.59259	1.45637	1.27885	1.07211	0.85026	0.62841	0.42168	0.24415	0.10793	0.02230	-0.00691	0.02230	0.10793	0.24415	0.42168	0.62841	0.85026	1.07211	1.27885	1.45637	1.59259	1.67823	
1.86149	1.83214	1.74607	1.60917	1.43075	1.22297	1.00000	0.77703	0.56925	0.39083	0.25393	0.16786	0.13851	0.16786	0.25393	0.39083	0.56925	0.77703	1.00000	1.22297	1.43075	1.60917	1.74607	1.83214	
2.00691	1.97770	1.89207	1.75585	1.57832	1.37159	1.14974	0.92789	0.72115	0.54363	0.40741	0.32177	0.29257	0.32177	0.40741	0.54363	0.72115	0.92789	1.14974	1.37159	1.57832	1.75585	1.89207	1.97770	
2.14356	2.11480	2.03048	1.89633	1.72152	1.51794	1.29948	1.08101	0.87743	0.70262	0.56848	0.48415	0.45539	0.48415	0.56848	0.70262	0.87743	1.08101	1.29948	1.51794	1.72152	1.89633	2.03048	2.11480	
2.27102	2.24302	2.16092	2.03032	1.86012	1.66191	1.44921	1.23651	1.03831	0.86811	0.73751	0.65541	0.62740	0.65541	0.73751	0.86811	1.03831	1.23651	1.44921	1.66191	1.86012	2.03032	2.16092	2.24302	
2.38852	2.36162	2.28274	2.15726	1.99374	1.80331	1.59895	1.39460	1.20417	1.04064	0.91517	0.83629	0.80938	0.83629	0.91517	1.04064	1.20417	1.39460	1.59895	1.80331	1.99374	2.15726	2.28274	2.36162	
2.49476	2.46934	2.39481	2.27624	2.12173	1.94179	1.74869	1.55559	1.37565	1.22114	1.10257	1.02804	1.00262	1.02804	1.10257	1.22114	1.37565	1.55559	1.74869	1.94179	2.12173	2.27624	2.39481	2.46934	
2.58762	2.56414	2.49529	2.38576	2.24303	2.07681	1.89843	1.72005	1.55383	1.41110	1.30157	1.23272	1.20924	1.23272	1.30157	1.41110	1.55383	1.72005	1.89843	2.07681	2.24303	2.38576	2.49529	2.56414	
2.66339	2.64243	2.58097	2.48320	2.35578	2.20740	2.04817	1.88893	1.74055	1.61314	1.51536	1.45390	1.43294	1.45390	1.51536	1.61314	1.74055	1.88893	2.04817	2.20740	2.35578	2.48320	2.58097	2.64243	
2.71480	2.69719	2.64555	2.56341	2.45635	2.33169	2.19791	2.06412	1.93946	1.83241	1.75026	1.69862	1.68101	1.69862	1.75026	1.83241	1.93946	2.06412	2.19791	2.33169	2.45635	2.56341	2.64555	2.69719	
2.72316	2.71036	2.67285	2.61317	2.53540	2.44483	2.34764	2.25045	2.15989	2.08211	2.02244	1.98492	1.97213	1.98492	2.02244	2.08211	2.15989	2.25045	2.34764	2.44483	2.53540	2.61317	2.67285	2.71036	
2.49738	2.49738	2.49738	2.49738	2.49738	2.49738	2.49738	2.49738	2.49738	2.49738	2.49738	2.49738	2.49738	2.49738	2.49738	2.49738	2.49738	2.49738	2.49738	2.49738	2.49738	2.49738	2.49738	2.49738	
-0.59686	-0.59686	-0.59686	-0.59686	-0.59686	-0.59686	-0.59686	-0.59686	-0.59686	-0.59686	-0.59686	-0.59686	-0.59686	-0.59686	-0.59686	-0.59686	-0.59686	-0.59686	-0.59686	-0.59686	-0.59686	-0.59686	-0.59686	-0.59686	
-0.09029	-0.10211	-0.13676	-0.19189	-0.26373	-0.34739	-0.43717	-0.52695	-0.61062	-0.68246	-0.73758	-0.77224	-0.78406	-0.77224	-0.73758	-0.68246	-0.61062	-0.52695	-0.43717	-0.34739	-0.26373	-0.19189	-0.13676	-0.10211	
0.20000	0.18373	0.13603	0.06015	-0.03874	-0.15390	-0.27749	-0.40107	-0.51623	-0.61512	-0.69100	-0.73870	-0.75497	-0.73870	-0.69100	-0.61512	-0.51623	-0.40107	-0.27749	-0.15390	-0.03874	0.06015	0.13603	0.18373	
0.45052	0.43116	0.37438	0.28406	0.16636	0.02929	-0.11780	-0.26489	-0.40196	-0.51967	-0.60998	-0.66676	-0.68612	-0.66676	-0.60998	-0.51967	-0.40196	-0.26489	-0.11780	0.02929	0.16636	0.28406	0.37438	0.43116	
0.67853	0.65684	0.59324	0.49206	0.36021	0.20666	0.04188	-0.12289	-0.27644	-0.40829	-0.50947	-0.57307	-0.59476	-0.57307	-0.50947	-0.40829	-0.27644	-0.12289	0.04188	0.20666	0.36021	0.49206	0.59324	0.65684	
0.89076	0.86728	0.79843	0.68890	0.54617	0.37995	0.20157	0.02319	-0.14303	-0.28576	-0.39529	-0.46414	-0.48762	-0.46414	-0.39529	-0.28576	-0.14303	0.02319	0.20157	0.37995	0.54617	0.68890	0.79843	0.86728	
1.09063	1.06578	0.99291	0.87700	0.72594	0.55003	0.36126	0.17248	-0.00343	-0.15449	-0.27040	-0.34326	-0.36812	-0.34326	-0.27040	-0.15449	-0.00343	0.17248	0.36126	0.55003	0.72594	0.87700	0.99291	1.06578	
1.28010	1.25423	1.17839	1.05775	0.90052	0.71743	0.52094	0.32446	0.14136	-0.01586	-0.13651	-0.21235	-0.23821	-0.21235	-0.13651	-0.01586	0.14136	0.32446	0.52094	0.71743	0.90052	1.05775	1.17839	1.25423	
1.46036	1.43379	1.35590	1.23198	1.07049	0.88244	0.68063	0.47882	0.29076	0.12927	0.00536	-0.07254	-0.09910	-0.07254	0.00536	0.12927	0.29076	0.47882	0.68063	0.88244	1.07049	1.23198	1.35590	1.43379	
1.63214	1.60516	1.52605	1.40022	1.23623	1.04525	0.84031	0.63538	0.44440	0.28041	0.15458	0.07547	0.04849	0.07547	0.15458	0.28041	0.44440	0.63538	0.84031	1.04525	1.23623	1.40022	1.52605	1.60516	
1.79581	1.76869	1.68919	1.56272	1.39791	1.20597	1.00000	0.79403	0.60209	0.43728	0.31081	0.23131	0.20419	0.23131	0.31081	0.43728	0.60209	0.79403	1.00000	1.20597	1.39791	1.56272	1.68919	1.76869	
1.95151	1.92453	1.84542	1.71959	1.55560	1.36462	1.15969	0.95475	0.76377	0.59978	0.47395	0.39484	0.36786	0.39484	0.47395	0.59978	0.76377	0.95475	1.15969	1.36462	1.55560	1.71959	1.84542	1.92453	
2.09910	2.07254	1.99464	1.87073	1.70924	1.52118	1.31937	1.11756	0.92951	0.76802	0.64410	0.56621	0.53964	0.56621	0.64410	0.76802	0.92951	1.11756	1.31937	1.52118	1.70924	1.87073	1.99464	2.07254	
2.23821	2.21235	2.13651	2.01586	1.85864	1.67554	1.47906	1.28257	1.09948	0.94225	0.82161	0.74577	0.71990	0.74577	0.82161	0.94225	1.09948	1.28257	1.47906	1.67554	1.85864	2.01586	2.13651	2.21235	
2.36812	2.34326	2.27040	2.15449	2.00343	1.82752	1.63874	1.44997	1.27406	1.12300	1.00709	0.93422	0.90937	0.93422	1.00709	1.12300	1.27406	1.44997	1.63874	1.82752	2.00343	2.15449	2.27040	2.34326	
2.48762	2.46414	2.39529	2.28576	2.14303	1.97681	1.79843	1.62005	1.45383	1.31110	1.20157	1.13272	1.10924	1.13272	1.20157	1.31110	1.45383	1.62005	1.79843	1.97681	2.14303	2.28576	2.39529	2.46414	
2.59476	2.57307	2.50947	2.40829	2.27644	2.12289	1.95812	1.79334	1.63979	1.50794	1.40676	1.34316	1.32147	1.34316	1.40676	1.50794	1.63979	1.79334	1.95812	2.12289	2.27644	2.40829	2.50947	2.57307	
2.68612	2.66676	2.60998	2.51967	2.40196	2.26489	2.11780	1.97071	1.83364	1.71594	1.62562	1.56884	1.54948	1.56884	1.62562	1.71594	1.83364	1.97071	2.11780	2.26489	2.40196	2.51967	2.60998	2.66676	
2.75497	2.73870	2.69100	2.61512	2.51623	2.40107	2.27749	2.15390	2.03874	1.93985	1.86397	1.81627	1.80000	1.81627	1.86397	1.93985	2.03874	2.15390	2.27749	2.40107	2.51623	2.61512	2.69100	2.73870	
2.78406	2.77224	2.73758	2.68246	2.61062	2.52695	2.43717	2.34739	2.26373	2.19189	2.13676	2.10211	2.09029	2.10211	2.13676	2.19189	2.26373	2.34739	2.43717	2.52695	2.61062	2.68246	2.73758	2.77224	
2.59686	2.59686	2.59686	2.59686	2.59686	2.59686	2.59686	2.59686	2.59686	2.59686	2.59686	2.59686	2.59686	2.59686	2.59686	2.59686	2.59686	2.59686	2.59686	2.59686	2.59686	2.59686	2.59686	2.59686	
-0.69633	-0.69633	-0.69633	-0.69633	-0.69633	-0.69633	-0.69633	-0.69633	-0.69633	-0.69633	-0.69633	-0.69633	-0.69633	-0.69633	-0.69633	-0.69633	-0.69633	-0.69633	-0.69633	-0.69633	-0.69633	-0.69633	-0.69633	-0.69633	
-0.21704	-0.22759	-0.25853	-0.30774	-0.37187	-0.44656	-0.52670	-0.60685	-0.68153	-0.74566	-0.79487	-0.82581	-0.83636	-0.82581	-0.79487	-0.74566	-0.68153	-0.60685	-0.52670	-0.44656	-0.37187	-0.30774	-0.25853	-0.22759	
0.06917	0.05465	0.01207	-0.05567	-0.14395	-0.24675	-0.35707	-0.46739	-0.57019	-0.65847	-0.72620	-0.76879	-0.78331	-0.76879	-0.72620	-0.65847	-0.57019	-0.46739	-0.35707	-0.24675	-0.14395	-0.05567	0.01207	0.05465	
0.31990	0.30261	0.25193	0.17130	0.06623	-0.05613	-0.18743	-0.31874	-0.44110	-0.54617	-0.62679	-0.67748	-0.69476	-0.67748	-0.62679	-0.54617	-0.44110	-0.31874	-0.18743	-0.05613	0.06623	0.17130	0.25193	0.30261	
0.55052	0.53116	0.47438	0.38406	0.26636	0.12929	-0.01780	-0.16489	-0.30196	-0.41967	-0.50998	-0.56676	-0.58612	-0.56676	-0.50998	-0.41967	-0.30196	-0.16489	-0.01780	0.12929	0.26636	0.38406	0.47438	0.53116	
0.76706	0.74610	0.68464	0.58686	0.45945	0.31107	0.15183	-0.00740	-0.15578	-0.28320	-0.38097	-0.44243	-0.46339	-0.44243	-0.38097	-0.28320	-0.15578	-0.00740	0.15183	0.31107	0.45945	0.58686	0.68464	0.74610	
0.97256	0.95038	0.88533	0.78186	0.64701	0.48998	0.32147	0.15295	-0.00408	-0.13893	-0.24240	-0.30744	-0.32963	-0.30744	-0.24240	-0.13893	-0.00408	0.15295	0.32147	0.48998	0.64701	0.78186	0.88533	0.95038	
1.16878	1.14569	1.07799	0.97029	0.82994	0.66650	0.49110	0.31570	0.15226	0.01191	-0.09579	-0.16349	-0.18658	-0.16349	-0.09579	0.01191	0.15226	0.31570	0.49110	0.66650	0.82994	0.97029	1.07799	1.14569	
1.35678	1.33307	1.26353	1.15292	1.00876	0.84088	0.66073	0.48058	0.31271	0.16855	0.05794	-0.01160	-0.03532	-0.01160	0.05794	0.16855	0.31271	0.48058	0.66073	0.84088	1.00876	1.15292	1.26353	1.33307	
1.53721	1.51312	1.44251	1.33018	1.18379	1.01331	0.83037	0.64742	0.47695	0.33055	0.21822	0.14761	0.12352	0.14761	0.21822	0.33055	0.47695	0.64742	0.83037	1.01331	1.18379	1.33018	1.44251	1.51312	
1.71040	1.68620	1.61523	1.50233	1.35520	1.18387	1.00000	0.81613	0.64480	0.49767	0.38477	0.31380	0.28960	0.31380	0.38477	0.49767	0.64480	0.81613	1.00000	1.18387	1.35520	1.50233	1.61523	1.68620	
1.87648	1.85239	1.78178	1.66945	1.52305	1.35258	1.16963	0.98669	0.81621	0.66982	0.55749	0.48688	0.46279	0.48688	0.55749	0.66982	0.81621	0.98669	1.16963	1.35258	1.52305	1.66945	1.78178	1.85239	
2.03532	2.01160	1.94206	1.83145	1.68729	1.51942	1.33927	1.15912	0.99124	0.84708	0.73647	0.66693	0.64322	0.66693	0.73647	0.84708	0.99124	1.15912	1.33927	1.51942	1.68729	1.83145	1.94206	2.01160	
2.18658	2.16349	2.09579	1.98809	1.84774	1.68430	1.50890	1.33350	1.17006	1.02971	0.92201	0.85431	0.83122	0.85431	0.92201	1.02971	1.17006	1.33350	1.50890	1.68430	1.84774	1.98809	2.09579	2.16349	
2.32963	2.30744	2.24240	2.13893	2.00408	1.84705	1.67853	1.51002	1.35299	1.21814	1.11467	1.04962	1.02744	1.04962	1.11467	1.21814	1.35299	1.51002	1.67853	1.84705	2.00408	2.13893	2.24240	2.30744	
2.46339	2.44243	2.38097	2.28320	2.15578	2.00740	1.84817	1.68893	1.54055	1.41314	1.31536	1.25390	1.23294	1.25390	1.31536	1.41314	1.54055	1.68893	1.84817	2.00740	2.15578	2.28320	2.38097	2.44243	
2.58612	2.56676	2.50998	2.41967	2.30196	2.16489	2.01780	1.87071	1.73364	1.61594	1.52562	1.46884	1.44948	1.46884	1.52562	1.61594	1.73364	1.87071	2.01780	2.16489	2.30196	2.41967	2.50998	2.56676	
2.69476	2.67748	2.62679	2.54617	2.44110	2.31874	2.18743	2.05613	1.93377	1.82870	1.74807	1.69739	1.68010	1.69739	1.74807	1.82870	1.93377	2.05613	2.18743	2.31874	2.44110	2.54617	2.62679	2.67748	
2.78331	2.76879	2.72620	2.65847	2.57019	2.46739	2.35707	2.24675	2.14395	2.05567	1.98793	1.94535	1.93083	1.94535	1.98793	2.05567	2.14395	2.24675	2.35707	2.46739	2.57019	2.65847	2.72620	2.76879	
2.83636	2.82581	2.79487	2.74566	2.68153	2.60685	2.52670	2.44656	2.37187	2.30774	2.25853	2.22759	2.21704	2.22759	2.25853	2.30774	2.37187	2.44656	2.52670	2.60685	2.68153	2.74566	2.79487	2.82581	
2.69633	2.69633	2.69633	2.69633	2.69633	2.69633	2.69633	2.69633	2.69633	2.69633	2.69633	2.69633	2.69633	2.69633	2.69633	2.69633	2.69633	2.69633	2.69633	2.69633	2.69633	2.69633	2.69633	2.69633	
-0.79581	-0.79581	-0.79581	-0.79581	-0.79581	-0.79581	-0.79581	-0.79581	-0.79581	-0.79581	-0.79581	-0.79581	-0.79581	-0.79581	-0.79581	-0.79581	-0.79581	-0.79581	-0.79581	-0.79581	-0.79581	-0.79581	-0.79581	-0.79581	
-0.35607	-0.36493	-0.39092	-0.43227	-0.48615	-0.54889	-0.61623	-0.68357	-0.74631	-0.80019	-0.84154	-0.86753	-0.87639	-0.86753	-0.84154	-0.80019	-0.74631	-0.68357	-0.61623	-0.54889	-0.48615	-0.43227	-0.39092	-0.36493	
-0.07853	-0.09074	-0.12651	-0.18342	-0.25759	-0.34396	-0.43665	-0.52934	-0.61571	-0.68987	-0.74679	-0.78256	-0.79476	-0.78256	-0.74679	-0.68987	-0.61571	-0.52934	-0.43665	-0.34396	-0.25759	-0.18342	-0.12651	-0.09074	
0.16917	0.15465	0.11207	0.04433	-0.04395	-0.14675	-0.25707	-0.36739	-0.47019	-0.55847	-0.62620	-0.66879	-0.68331	-0.66879	-0.62620	-0.55847	-0.47019	-0.36739	-0.25707	-0.14675	-0.04395	0.04433	0.11207	0.15465	
0.40000	0.38373	0.33603	0.26015	0.16126	0.04610	-0.07749	-0.20107	-0.31623	-0.41512	-0.49100	-0.53870	-0.55497	-0.53870	-0.49100	-0.41512	-0.31623	-0.20107	-0.07749	0.04610	0.16126	0.26015	0.33603	0.38373	
0.61899	0.60138	0.54974	0.46759	0.36054	0.23588	0.10209	-0.03169	-0.15635	-0.26341	-0.34555	-0.39719	-0.41480	-0.39719	-0.34555	-0.26341	-0.15635	-0.03169	0.10209	0.23588	0.36054	0.46759	0.54974	0.60138	
0.82871	0.81007	0.75542	0.66848	0.55519	0.42326	0.28168	0.14009	0.00816	-0.10513	-0.19207	-0.24671	-0.26535	-0.24671	-0.19207	-0.10513	0.00816	0.14009	0.28168	0.42326	0.55519	0.66848	0.75542	0.81007	
1.03062	1.01122	0.95434	0.86386	0.74594	0.60862	0.46126	0.31389	0.17657	0.05865	-0.03183	-0.08871	-0.10811	-0.08871	-0.03183	0.05865	0.17657	0.31389	0.46126	0.60862	0.74594	0.86386	0.95434	1.01122	
1.22564	1.20571	1.14729	1.05435	0.93324	0.79219	0.64084	0.48948	0.34844	0.22732	0.13439	0.07596	0.05604	0.07596	0.13439	0.22732	0.34844	0.48948	0.64084	0.79219	0.93324	1.05435	1.14729	1.20571	
1.41429	1.39405	1.33472	1.24035	1.11735	0.97412	0.82042	0.66671	0.52349	0.40049	0.30612	0.24679	0.22655	0.24679	0.30612	0.40049	0.52349	0.66671	0.82042	0.97412	1.11735	1.24035	1.33472	1.39405	
1.59686	1.57652	1.51689	1.42204	1.29843	1.15448	1.00000	0.84552	0.70157	0.57796	0.48311	0.42348	0.40314	0.42348	0.48311	0.57796	0.70157	0.84552	1.00000	1.15448	1.29843	1.42204	1.51689	1.57652	
1.77345	1.75321	1.69388	1.59951	1.47651	1.33329	1.17958	1.02588	0.88265	0.75965	0.66528	0.60595	0.58571	0.60595	0.66528	0.75965	0.88265	1.02588	1.17958	1.33329	1.47651	1.59951	1.69388	1.75321	
1.94396	1.92404	1.86561	1.77268	1.65156	1.51052	1.35916	1.20781	1.06676	0.94565	0.85271	0.79429	0.77436	0.79429	0.85271	0.94565	1.06676	1.20781	1.35916	1.51052	1.65156	1.77268	1.86561	1.92404	
2.10811	2.08871	2.03183	1.94135	1.82343	1.68611	1.53874	1.39138	1.25406	1.13614	1.04566	0.98878	0.96938	0.98878	1.04566	1.13614	1.25406	1.39138	1.53874	1.68611	1.82343	1.94135	2.03183	2.08871	
2.26535	2.24671	2.19207	2.10513	1.99184	1.85991	1.71832	1.57674	1.44481	1.33152	1.24458	1.18993	1.17129	1.18993	1.24458	1.33152	1.44481	1.57674	1.71832	1.85991	1.99184	2.10513	2.19207	2.24671	
2.41480	2.39719	2.34555	2.26341	2.15635	2.03169	1.89791	1.76412	1.63946	1.53241	1.45026	1.39862	1.38101	1.39862	1.45026	1.53241	1.63946	1.76412	1.89791	2.03169	2.15635	2.26341	2.34555	2.39719	
2.55497	2.53870	2.49100	2.41512	2.31623	2.20107	2.07749	1.95390	1.83874	1.73985	1.66397	1.61627	1.60000	1.61627	1.66397	1.73985	1.83874	1.95390	2.07749	2.20107	2.31623	2.41512	2.49100	2.53870	
2.68331	2.66879	2.62620	2.55847	2.47019	2.36739	2.25707	2.14675	2.04395	1.95567	1.88793	1.84535	1.83083	1.84535	1.88793	1.95567	2.04395	2.14675	2.25707	2.36739	2.47019	2.55847	2.62620	2.66879	
2.79476	2.78256	2.74679	2.68987	2.61571	2.52934	2.43665	2.34396	2.25759	2.18342	2.12651	2.09074	2.07853	2.09074	2.12651	2.18342	2.25759	2.34396	2.43665	2.52934	2.61571	2.68987	2.74679	2.78256	
2.87639	2.86753	2.84154	2.80019	2.74631	2.68357	2.61623	2.54889	2.48615	2.43227	2.39092	2.36493	2.35607	2.36493	2.39092	2.43227	2.48615	2.54889	2.61623	2.68357	2.74631	2.80019	2.84154	2.86753	
2.79581	2.79581	2.79581	2.79581	2.79581	2.79581	2.79581	2.79581	2.79581	2.79581	2.79581	2.79581	2.79581	2.79581	2.79581	2.79581	2.79581	2.79581	2.79581	2.79581	2.79581	2.79581	2.79581	2.79581	
-0.89529	-0.89529	-0.89529	-0.89529	-0.89529	-0.89529	-0.89529	-0.89529	-0.89529	-0.89529	-0.89529	-0.89529	-0.89529	-0.89529	-0.89529	-0.89529	-0.89529	-0.89529	-0.89529	-0.89529	-0.89529	-0.89529	-0.89529	-0.89529	
-0.51675	-0.52319	-0.54208	-0.57211	-0.61126	-0.65684	-0.70576	-0.75468	-0.80026	-0.83941	-0.86944	-0.88832	-0.89476	-0.88832	-0.86944	-0.83941	-0.80026	-0.75468	-0.70576	-0.65684	-0.61126	-0.57211	-0.54208	-0.52319	
-0.25607	-0.26493	-0.29092	-0.33227	-0.38615	-0.44889	-0.51623	-0.58357	-0.64631	-0.70019	-0.74154	-0.76753	-0.77639	-0.76753	-0.74154	-0.70019	-0.64631	-0.58357	-0.51623	-0.44889	-0.38615	-0.33227	-0.29092	-0.26493	
-0.01704	-0.02759	-0.05853	-0.10774	-0.17187	-0.24656	-0.32670	-0.40685	-0.48153	-0.54566	-0.59487	-0.62581	-0.63636	-0.62581	-0.59487	-0.54566	-0.48153	-0.40685	-0.32670	-0.24656	-0.17187	-0.10774	-0.05853	-0.02759	
0.20971	0.19789	0.16324	0.10811	0.03627	-0.04739	-0.13717	-0.22695	-0.31062	-0.38246	-0.43758	-0.47224	-0.48406	-0.47224	-0.43758	-0.38246	-0.31062	-0.22695	-0.13717	-0.04739	0.03627	0.10811	0.16324	0.19789	
0.42787	0.41508	0.37756	0.31789	0.24011	0.14955	0.05236	-0.04483	-0.13540	-0.21317	-0.27285	-0.31036	-0.32316	-0.31036	-0.27285	-0.21317	-0.13540	-0.04483	0.05236	0.14955	0.24011	0.31789	0.37756	0.41508	
0.63929	0.62575	0.58605	0.52289	0.44059	0.34474	0.24188	0.13903	0.04318	-0.03912	-0.10228	-0.14198	-0.15552	-0.14198	-0.10228	-0.03912	0.04318	0.13903	0.24188	0.34474	0.44059	0.52289	0.58605	0.62575	
0.84505	0.83095	0.78963	0.72390	0.63823	0.53847	0.43141	0.32436	0.22460	0.13893	0.07320	0.03187	0.01778	0.03187	0.07320	0.13893	0.22460	0.32436	0.43141	0.53847	0.63823	0.72390	0.78963	0.83095	
1.04579	1.03131	0.98887	0.92135	0.83337	0.73090	0.62094	0.51098	0.40852	0.32053	0.25301	0.21057	0.19610	0.21057	0.25301	0.32053	0.40852	0.51098	0.62094	0.73090	0.83337	0.92135	0.98887	1.03131	
1.24191	1.22720	1.18410	1.11554	1.02619	0.92213	0.81047	0.69881	0.59475	0.50540	0.43684	0.39374	0.37904	0.39374	0.43684	0.50540	0.59475	0.69881	0.81047	0.92213	1.02619	1.11554	1.18410	1.22720	
1.43361	1.41883	1.37552	1.30661	1.21680	1.11223	1.00000	0.88777	0.78320	0.69339	0.62448	0.58117	0.56639	0.58117	0.62448	0.69339	0.78320	0.88777	1.00000	1.11223	1.21680	1.30661	1.37552	1.41883	
1.62096	1.60626	1.56316	1.49460	1.40525	1.30119	1.18953	1.07787	0.97381	0.88446	0.81590	0.77280	0.75809	0.77280	0.81590	0.88446	0.97381	1.07787	1.18953	1.30119	1.40525	1.49460	1.56316	1.60626	
1.80390	1.78943	1.74699	1.67947	1.59148	1.48902	1.37906	1.26910	1.16663	1.07865	1.01113	0.96869	0.95421	0.96869	1.01113	1.07865	1.16663	1.26910	1.37906	1.48902	1.59148	1.67947	1.74699	1.78943	
1.98222	1.96813	1.92680	1.86107	1.77540	1.67564	1.56859	1.46153	1.36177	1.27610	1.21037	1.16905	1.15495	1.16905	1.21037	1.27610	1.36177	1.46153	1.56859	1.67564	1.77540	1.86107	1.92680	1.96813	
2.15552	2.14198	2.10228	2.03912	1.95682	1.86097	1.75812	1.65526	1.55941	1.47711	1.41395	1.37425	1.36071	1.37425	1.41395	1.47711	1.55941	1.65526	1.75812	1.86097	1.95682	2.03912	2.10228	2.14198	
2.32316	2.31036	2.27285	2.21317	2.13540	2.04483	1.94764	1.85045	1.75989	1.68211	1.62244	1.58492	1.57213	1.58492	1.62244	1.68211	1.75989	1.85045	1.94764	2.04483	2.13540	2.21317	2.27285	2.31036	
2.48406	2.47224	2.43758	2.38246	2.31062	2.22695	2.13717	2.04739	1.96373	1.89189	1.83676	1.80211	1.79029	1.80211	1.83676	1.89189	1.96373	2.04739	2.13717	2.22695	2.31062	2.38246	2.43758	2.47224	
2.63636	2.62581	2.59487	2.54566	2.48153	2.40685	2.32670	2.24656	2.17187	2.10774	2.05853	2.02759	2.01704	2.02759	2.05853	2.10774	2.17187	2.24656	2.32670	2.40685	2.48153	2.54566	2.59487	2.62581	
2.77639	2.76753	2.74154	2.70019	2.64631	2.58357	2.51623	2.44889	2.38615	2.33227	2.29092	2.26493	2.25607	2.26493	2.29092	2.33227	2.38615	2.44889	2.51623	2.58357	2.64631	2.70019	2.74154	2.76753	
2.89476	2.88832	2.86944	2.83941	2.80026	2.75468	2.70576	2.65684	2.61126	2.57211	2.54208	2.52319	2.51675	2.52319	2.54208	2.57211	2.61126	2.65684	2.70576	2.75468	2.80026	2.83941	2.86944	2.88832	
2.89529	2.89529	2.89529	2.89529	2.89529	2.89529	2.89529	2.89529	2.89529	2.89529	2.89529	2.89529	2.89529	2.89529	2.89529	2.89529	2.89529	2.89529	2.89529	2.89529	2.89529	2.89529	2.89529	2.89529	
-0.99476	-0.99476	-0.99476	-0.99476	-0.99476	-0.99476	-0.99476	-0.99476	-0.99476	-0.99476	-0.99476	-0.99476	-0.99476	-0.99476	-0.99476	-0.99476	-0.99476	-0.99476	-0.99476	-0.99476	-0.99476	-0.99476	-0.99476	-0.99476	
-0.79529	-0.79529	-0.79529	-0.79529	-0.79529	-0.79529	-0.79529	-0.79529	-0.79529	-0.79529	-0.79529	-0.79529	-0.79529	-0.79529	-0.79529	-0.79529	-0.79529	-0.79529	-0.79529	-0.79529	-0.79529	-0.79529	-0.79529	-0.79529	
-0.59581	-0.59581	-0.59581	-0.59581	-0.59581	-0.59581	-0.59581	-0.59581	-0.59581	-0.59581	-0.59581	-0.59581	-0.59581	-0.59581	-0.59581	-0.59581	-0.59581	-0.59581	-0.59581	-0.59581	-0.59581	-0.59581	-0.59581	-0.59581	
-0.39633	-0.39633	-0.39633	-0.39633	-0.39633	-0.39633	-0.39633	-0.39633	-0.39633	-0.39633	-0.39633	-0.39633	-0.39633	-0.39633	-0.39633	-0.39633	-0.39633	-0.39633	-0.39633	-0.39633	-0.39633	-0.39633	-0.39633	-0.39633	
-0.19686	-0.19686	-0.19686	-0.19686	-0.19686	-0.19686	-0.19686	-0.19686	-0.19686	-0.19686	-0.19686	-0.19686	-0.19686	-0.19686	-0.19686	-0.19686	-0.19686	-0.19686	-0.19686	-0.19686	-0.19686	-0.19686	-0.19686	-0.19686	
0.00262	0.00262	0.00262	0.00262	0.00262	0.00262	0.00262	0.00262	0.00262	0.00262	0.00262	0.00262	0.00262	0.00262	0.00262	0.00262	0.00262	0.00262	0.00262	0.00262	0.00262	0.00262	0.00262	0.00262	
0.20209	0.20209	0.20209	0.20209	0.20209	0.20209	0.20209	0.20209	0.20209	0.20209	0.20209	0.20209	0.20209	0.20209	0.20209	0.20209	0.20209	0.20209	0.20209	0.20209	0.20209	0.20209	0.20209	0.20209	
0.40157	0.40157	0.40157	0.40157	0.40157	0.40157	0.40157	0.40157	0.40157	0.40157	0.40157	0.40157	0.40157	0.40157	0.40157	0.40157	0.40157	0.40157	0.40157	0.40157	0.40157	0.40157	0.40157	0.40157	
0.60105	0.60105	0.60105	0.60105	0.60105	0.60105	0.60105	0.60105	0.60105	0.60105	0.60105	0.60105	0.60105	0.60105	0.60105	0.60105	0.60105	0.60105	0.60105	0.60105	0.60105	0.60105	0.60105	0.60105	
0.80052	0.80052	0.80052	0.80052	0.80052	0.80052	0.80052	0.80052	0.80052	0.80052	0.80052	0.80052	0.80052	0.80052	0.80052	0.80052	0.80052	0.80052	0.80052	0.80052	0.80052	0.80052	0.80052	0.80052	
1.00000	1.00000	1.00000	1.00000	1.00000	1.00000	1.00000	1.00000	1.00000	1.00000	1.00000	1.00000	1.00000	1.00000	1.00000	1.00000	1.00000	1.00000	1.00000	1.00000	1.00000	1.00000	1.00000	1.00000	
1.19948	1.19948	1.19948	1.19948	1.19948	1.19948	1.19948	1.19948	1.19948	1.19948	1.19948	1.19948	1.19948	1.19948	1.19948	1.19948	1.19948	1.19948	1.19948	1.19948	1.19948	1.19948	1.19948	1.19948	
1.39895	1.39895	1.39895	1.39895	1.39895	1.39895	1.39895	1.39895	1.39895	1.39895	1.39895	1.39895	1.39895	1.39895	1.39895	1.39895	1.39895	1.39895	1.39895	1.39895	1.39895	1.39895	1.39895	1.39895	
1.59843	1.59843	1.59843	1.59843	1.59843	1.59843	1.59843	1.59843	1.59843	1.59843	1.59843	1.59843	1.59843	1.59843	1.59843	1.59843	1.59843	1.59843	1.59843	1.59843	1.59843	1.59843	1.59843	1.59843	
1.79791	1.79791	1.79791	1.79791	1.79791	1.79791	1.79791	1.79791	1.79791	1.79791	1.79791	1.79791	1.79791	1.79791	1.79791	1.79791	1.79791	1.79791	1.79791	1.79791	1.79791	1.79791	1.79791	1.79791	
1.99738	1.99738	1.99738	1.99738	1.99738	1.99738	1.99738	1.99738	1.99738	1.99738	1.99738	1.99738	1.99738	1.99738	1.99738	1.99738	1.99738	1.99738	1.99738	1.99738	1.99738	1.99738	1.99738	1.99738	
2.19686	2.19686	2.19686	2.19686	2.19686	2.19686	2.19686	2.19686	2.19686	2.19686	2.19686	2.19686	2.19686	2.19686	2.19686	2.19686	2.19686	2.19686	2.19686	2.19686	2.19686	2.19686	2.19686	2.19686	
2.39633	2.39633	2.39633	2.39633	2.39633	2.39633	2.39633	2.39633	2.39633	2.39633	2.39633	2.39633	2.39633	2.39633	2.39633	2.39633	2.39633	2.39633	2.39633	2.39633	2.39633	2.39633	2.39633	2.39633	
2.59581	2.59581	2.59581	2.59581	2.59581	2.59581	2.59581	2.59581	2.59581	2.59581	2.59581	2.59581	2.59581	2.59581	2.59581	2.59581	2.59581	2.59581	2.59581	2.59581	2.59581	2.59581	2.59581	2.59581	
2.79529	2.79529	2.79529	2.79529	2.79529	2.79529	2.79529	2.79529	2.79529	2.79529	2.79529	2.79529	2.79529	2.79529	2.79529	2.79529	2.79529	2.79529	2.79529	2.79529	2.79529	2.79529	2.79529	2.79529	
2.99476	2.99476	2.99476	2.99476	2.99476	2.99476	2.99476	2.99476	2.99476	2.99476	2.99476	2.99476	2.99476	2.99476	2.99476	2.99476	2.99476	2.99476	2.99476	2.99476	2.99476	2.99476	2.99476	2.99476	
