-0.99476	-0.99476	-0.99476	-0.99476	-0.99476	-0.99476	-0.99476	-0.99476	-0.99476	-0.99476	-0.99476	-0.99476	-0.99476	-0.99476	-0.99476	-0.99476	-0.99476	-0.99476	-0.99476	-0.99476	-0.99476	-0.99476	-0.99476	-0.99476	
-0.89476	-0.89476	-0.89476	-0.89476	-0.89476	-0.89476	-0.89476	-0.89476	-0.89476	-0.89476	-0.89476	-0.89476	-0.89476	-0.89476	-0.89476	-0.89476	-0.89476	-0.89476	-0.89476	-0.89476	-0.89476	-0.89476	-0.89476	-0.89476	
-0.79476	-0.79476	-0.79476	-0.79476	-0.79476	-0.79476	-0.79476	-0.79476	-0.79476	-0.79476	-0.79476	-0.79476	-0.79476	-0.79476	-0.79476	-0.79476	-0.79476	-0.79476	-0.79476	-0.79476	-0.79476	-0.79476	-0.79476	-0.79476	
-0.69476	-0.69476	-0.69476	-0.69476	-0.69476	-0.69476	-0.69476	-0.69476	-0.69476	-0.69476	-0.69476	-0.69476	-0.69476	-0.69476	-0.69476	-0.69476	-0.69476	-0.69476	-0.69476	-0.69476	-0.69476	-0.69476	-0.69476	-0.69476	
-0.59476	-0.59476	-0.59476	-0.59476	-0.59476	-0.59476	-0.59476	-0.59476	-0.59476	-0.59476	-0.59476	-0.59476	-0.59476	-0.59476	-0.59476	-0.59476	-0.59476	-0.59476	-0.59476	-0.59476	-0.59476	-0.59476	-0.59476	-0.59476	
-0.49476	-0.49476	-0.49476	-0.49476	-0.49476	-0.49476	-0.49476	-0.49476	-0.49476	-0.49476	-0.49476	-0.49476	-0.49476	-0.49476	-0.49476	-0.49476	-0.49476	-0.49476	-0.49476	-0.49476	-0.49476	-0.49476	-0.49476	-0.49476	
-0.39476	-0.39476	-0.39476	-0.39476	-0.39476	-0.39476	-0.39476	-0.39476	-0.39476	-0.39476	-0.39476	-0.39476	-0.39476	-0.39476	-0.39476	-0.39476	-0.39476	-0.39476	-0.39476	-0.39476	-0.39476	-0.39476	-0.39476	-0.39476	
-0.29476	-0.29476	-0.29476	-0.29476	-0.29476	-0.29476	-0.29476	-0.29476	-0.29476	-0.29476	-0.29476	-0.29476	-0.29476	-0.29476	-0.29476	-0.29476	-0.29476	-0.29476	-0.29476	-0.29476	-0.29476	-0.29476	-0.29476	-0.29476	
-0.19476	-0.19476	-0.19476	-0.19476	-0.19476	-0.19476	-0.19476	-0.19476	-0.19476	-0.19476	-0.19476	-0.19476	-0.19476	-0.19476	-0.19476	-0.19476	-0.19476	-0.19476	-0.19476	-0.19476	-0.19476	-0.19476	-0.19476	-0.19476	
-0.09476	-0.09476	-0.09476	-0.09476	-0.09476	-0.09476	-0.09476	-0.09476	-0.09476	-0.09476	-0.09476	-0.09476	-0.09476	-0.09476	-0.09476	-0.09476	-0.09476	-0.09476	-0.09476	-0.09476	-0.09476	-0.09476	-0.09476	-0.09476	
0.00524	0.00524	0.00524	0.00524	0.00524	0.00524	0.00524	0.00524	0.00524	0.00524	0.00524	0.00524	0.00524	0.00524	0.00524	0.00524	0.00524	0.00524	0.00524	0.00524	0.00524	0.00524	0.00524	0.00524	
0.10524	0.10524	0.10524	0.10524	0.10524	0.10524	0.10524	0.10524	0.10524	0.10524	0.10524	0.10524	0.10524	0.10524	0.10524	0.10524	0.10524	0.10524	0.10524	0.10524	0.10524	0.10524	0.10524	0.10524	
0.20524	0.20524	0.20524	0.20524	0.20524	0.20524	0.20524	0.20524	0.20524	0.20524	0.20524	0.20524	0.20524	0.20524	0.20524	0.20524	0.20524	0.20524	0.20524	0.20524	0.20524	0.20524	0.20524	0.20524	
0.30524	0.30524	0.30524	0.30524	0.30524	0.30524	0.30524	0.30524	0.30524	0.30524	0.30524	0.30524	0.30524	0.30524	0.30524	0.30524	0.30524	0.30524	0.30524	0.30524	0.30524	0.30524	0.30524	0.30524	
0.40524	0.40524	0.40524	0.40524	0.40524	0.40524	0.40524	0.40524	0.40524	0.40524	0.40524	0.40524	0.40524	0.40524	0.40524	0.40524	0.40524	0.40524	0.40524	0.40524	0.40524	0.40524	0.40524	0.40524	
0.50524	0.50524	0.50524	0.50524	0.50524	0.50524	0.50524	0.50524	0.50524	0.50524	0.50524	0.50524	0.50524	0.50524	0.50524	0.50524	0.50524	0.50524	0.50524	0.50524	0.50524	0.50524	0.50524	0.50524	
0.60524	0.60524	0.60524	0.60524	0.60524	0.60524	0.60524	0.60524	0.60524	0.60524	0.60524	0.60524	0.60524	0.60524	0.60524	0.60524	0.60524	0.60524	0.60524	0.60524	0.60524	0.60524	0.60524	0.60524	
0.70524	0.70524	0.70524	0.70524	0.70524	0.70524	0.70524	0.70524	0.70524	0.70524	0.70524	0.70524	0.70524	0.70524	0.70524	0.70524	0.70524	0.70524	0.70524	0.70524	0.70524	0.70524	0.70524	0.70524	
0.80524	0.80524	0.80524	0.80524	0.80524	0.80524	0.80524	0.80524	0.80524	0.80524	0.80524	0.80524	0.80524	0.80524	0.80524	0.80524	0.80524	0.80524	0.80524	0.80524	0.80524	0.80524	0.80524	0.80524	
0.90524	0.90524	0.90524	0.90524	0.90524	0.90524	0.90524	0.90524	0.90524	0.90524	0.90524	0.90524	0.90524	0.90524	0.90524	0.90524	0.90524	0.90524	0.90524	0.90524	0.90524	0.90524	0.90524	0.90524	
1.00524	1.00524	1.00524	1.00524	1.00524	1.00524	1.00524	1.00524	1.00524	1.00524	1.00524	1.00524	1.00524	1.00524	1.00524	1.00524	1.00524	1.00524	1.00524	1.00524	1.00524	1.00524	1.00524	1.00524	
-0.89529	-0.89529	-0.89529	-0.89529	-0.89529	-0.89529	-0.89529	-0.89529	-0.89529	-0.89529	-0.89529	-0.89529	-0.89529	-0.89529	-0.89529	-0.89529	-0.89529	-0.89529	-0.89529	-0.89529	-0.89529	-0.89529	-0.89529	-0.89529	
-0.79529	-0.79529	-0.79529	-0.79529	-0.79529	-0.79529	-0.79529	-0.79529	-0.79529	-0.79529	-0.79529	-0.79529	-0.79529	-0.79529	-0.79529	-0.79529	-0.79529	-0.79529	-0.79529	-0.79529	-0.79529	-0.79529	-0.79529	-0.79529	
-0.69529	-0.69529	-0.69529	-0.69529	-0.69529	-0.69529	-0.69529	-0.69529	-0.69529	-0.69529	-0.69529	-0.69529	-0.69529	-0.69529	-0.69529	-0.69529	-0.69529	-0.69529	-0.69529	-0.69529	-0.69529	-0.69529	-0.69529	-0.69529	
-0.59529	-0.59529	-0.59529	-0.59529	-0.59529	-0.59529	-0.59529	-0.59529	-0.59529	-0.59529	-0.59529	-0.59529	-0.59529	-0.59529	-0.59529	-0.59529	-0.59529	-0.59529	-0.59529	-0.59529	-0.59529	-0.59529	-0.59529	-0.59529	
-0.49529	-0.49529	-0.49529	-0.49529	-0.49529	-0.49529	-0.49529	-0.49529	-0.49529	-0.49529	-0.49529	-0.49529	-0.49529	-0.49529	-0.49529	-0.49529	-0.49529	-0.49529	-0.49529	-0.49529	-0.49529	-0.49529	-0.49529	-0.49529	
-0.39529	-0.39529	-0.39529	-0.39529	-0.39529	-0.39529	-0.39529	-0.39529	-0.39529	-0.39529	-0.39529	-0.39529	-0.39529	-0.39529	-0.39529	-0.39529	-0.39529	-0.39529	-0.39529	-0.39529	-0.39529	-0.39529	-0.39529	-0.39529	
-0.29529	-0.29529	-0.29529	-0.29529	-0.29529	-0.29529	-0.29529	-0.29529	-0.29529	-0.29529	-0.29529	-0.29529	-0.29529	-0.29529	-0.29529	-0.29529	-0.29529	-0.29529	-0.29529	-0.29529	-0.29529	-0.29529	-0.29529	-0.29529	
-0.19529	-0.19529	-0.19529	-0.19529	-0.19529	-0.19529	-0.19529	-0.19529	-0.19529	-0.19529	-0.19529	-0.19529	-0.19529	-0.19529	-0.19529	-0.19529	-0.19529	-0.19529	-0.19529	-0.19529	-0.19529	-0.19529	-0.19529	-0.19529	
-0.09529	-0.09529	-0.09529	-0.09529	-0.09529	-0.09529	-0.09529	-0.09529	-0.09529	-0.09529	-0.09529	-0.09529	-0.09529	-0.09529	-0.09529	-0.09529	-0.09529	-0.09529	-0.09529	-0.09529	-0.09529	-0.09529	-0.09529	-0.09529	
0.00471	0.00471	0.00471	0.00471	0.00471	0.00471	0.00471	0.00471	0.00471	0.00471	0.00471	0.00471	0.00471	0.00471	0.00471	0.00471	0.00471	0.00471	0.00471	0.00471	0.00471	0.00471	0.00471	0.00471	
0.10471	0.10471	0.10471	0.10471	0.10471	0.10471	0.10471	0.10471	0.10471	0.10471	0.10471	0.10471	0.10471	0.10471	0.10471	0.10471	0.10471	0.10471	0.10471	0.10471	0.10471	0.10471	0.10471	0.10471	
0.20471	0.20471	0.20471	0.20471	0.20471	0.20471	0.20471	0.20471	0.20471	0.20471	0.20471	0.20471	0.20471	0.20471	0.20471	0.20471	0.20471	0.20471	0.20471	0.20471	0.20471	0.20471	0.20471	0.20471	
0.30471	0.30471	0.30471	0.30471	0.30471	0.30471	0.30471	0.30471	0.30471	0.30471	0.30471	0.30471	0.30471	0.30471	0.30471	0.30471	0.30471	0.30471	0.30471	0.30471	0.30471	0.30471	0.30471	0.30471	
0.40471	0.40471	0.40471	0.40471	0.40471	0.40471	0.40471	0.40471	0.40471	0.40471	0.40471	0.40471	0.40471	0.40471	0.40471	0.40471	0.40471	0.40471	0.40471	0.40471	0.40471	0.40471	0.40471	0.40471	
0.50471	0.50471	0.50471	0.50471	0.50471	0.50471	0.50471	0.50471	0.50471	0.50471	0.50471	0.50471	0.50471	0.50471	0.50471	0.50471	0.50471	0.50471	0.50471	0.50471	0.50471	0.50471	0.50471	0.50471	
0.60471	0.60471	0.60471	0.60471	0.60471	0.60471	0.60471	0.60471	0.60471	0.60471	0.60471	0.60471	0.60471	0.60471	0.60471	0.60471	0.60471	0.60471	0.60471	0.60471	0.60471	0.60471	0.60471	0.60471	
0.70471	0.70471	0.70471	0.70471	0.70471	0.70471	0.70471	0.70471	0.70471	0.70471	0.70471	0.70471	0.70471	0.70471	0.70471	0.70471	0.70471	0.70471	0.70471	0.70471	0.70471	0.70471	0.70471	0.70471	
0.80471	0.80471	0.80471	0.80471	0.80471	0.80471	0.80471	0.80471	0.80471	0.80471	0.80471	0.80471	0.80471	0.80471	0.80471	0.80471	0.80471	0.80471	0.80471	0.80471	0.80471	0.80471	0.80471	0.80471	
0.90471	0.90471	0.90471	0.90471	0.90471	0.90471	0.90471	0.90471	0.90471	0.90471	0.90471	0.90471	0.90471	0.90471	0.90471	0.90471	0.90471	0.90471	0.90471	0.90471	0.90471	0.90471	0.90471	0.90471	
1.00471	1.00471	1.00471	1.00471	1.00471	1.00471	1.00471	1.00471	1.00471	1.00471	1.00471	1.00471	1.00471	1.00471	1.00471	1.00471	1.00471	1.00471	1.00471	1.00471	1.00471	1.00471	1.00471	1.00471	
1.10471	1.10471	1.10471	1.10471	1.10471	1.10471	1.10471	1.10471	1.10471	1.10471	1.10471	1.10471	1.10471	1.10471	1.10471	1.10471	1.10471	1.10471	1.10471	1.10471	1.10471	1.10471	1.10471	1.10471	
-0.79581	-0.79581	-0.79581	-0.79581	-0.79581	-0.79581	-0.79581	-0.79581	-0.79581	-0.79581	-0.79581	-0.79581	-0.79581	-0.79581	-0.79581	-0.79581	-0.79581	-0.79581	-0.79581	-0.79581	-0.79581	-0.79581	-0.79581	-0.79581	
-0.69581	-0.69581	-0.69581	-0.69581	-0.69581	-0.69581	-0.69581	-0.69581	-0.69581	-0.69581	-0.69581	-0.69581	-0.69581	-0.69581	-0.69581	-0.69581	-0.69581	-0.69581	-0.69581	-0.69581	-0.69581	-0.69581	-0.69581	-0.69581	
-0.59581	-0.59581	-0.59581	-0.59581	-0.59581	-0.59581	-0.59581	-0.59581	-0.59581	-0.59581	-0.59581	-0.59581	-0.59581	-0.59581	-0.59581	-0.59581	-0.59581	-0.59581	-0.59581	-0.59581	-0.59581	-0.59581	-0.59581	-0.59581	
-0.49581	-0.49581	-0.49581	-0.49581	-0.49581	-0.49581	-0.49581	-0.49581	-0.49581	-0.49581	-0.49581	-0.49581	-0.49581	-0.49581	-0.49581	-0.49581	-0.49581	-0.49581	-0.49581	-0.49581	-0.49581	-0.49581	-0.49581	-0.49581	
-0.39581	-0.39581	-0.39581	-0.39581	-0.39581	-0.39581	-0.39581	-0.39581	-0.39581	-0.39581	-0.39581	-0.39581	-0.39581	-0.39581	-0.39581	-0.39581	-0.39581	-0.39581	-0.39581	-0.39581	-0.39581	-0.39581	-0.39581	-0.39581	
-0.29581	-0.29581	-0.29581	-0.29581	-0.29581	-0.29581	-0.29581	-0.29581	-0.29581	-0.29581	-0.29581	-0.29581	-0.29581	-0.29581	-0.29581	-0.29581	-0.29581	-0.29581	-0.29581	-0.29581	-0.29581	-0.29581	-0.29581	-0.29581	
-0.19581	-0.19581	-0.19581	-0.19581	-0.19581	-0.19581	-0.19581	-0.19581	-0.19581	-0.19581	-0.19581	-0.19581	-0.19581	-0.19581	-0.19581	-0.19581	-0.19581	-0.19581	-0.19581	-0.19581	-0.19581	-0.19581	-0.19581	-0.19581	
-0.09581	-0.09581	-0.09581	-0.09581	-0.09581	-0.09581	-0.09581	-0.09581	-0.09581	-0.09581	-0.09581	-0.09581	-0.09581	-0.09581	-0.09581	-0.09581	-0.09581	-0.09581	-0.09581	-0.09581	-0.09581	-0.09581	-0.09581	-0.09581	
0.00419	0.00419	0.00419	0.00419	0.00419	0.00419	0.00419	0.00419	0.00419	0.00419	0.00419	0.00419	0.00419	0.00419	0.00419	0.00419	0.00419	0.00419	0.00419	0.00419	0.00419	0.00419	0.00419	0.00419	
0.10419	0.10419	0.10419	0.10419	0.10419	0.10419	0.10419	0.10419	0.10419	0.10419	0.10419	0.10419	0.10419	0.10419	0.10419	0.10419	0.10419	0.10419	0.10419	0.10419	0.10419	0.10419	0.10419	0.10419	
0.20419	0.20419	0.20419	0.20419	0.20419	0.20419	0.20419	0.20419	0.20419	0.20419	0.20419	0.20419	0.20419	0.20419	0.20419	0.20419	0.20419	0.20419	0.20419	0.20419	0.20419	0.20419	0.20419	0.20419	
0.30419	0.30419	0.30419	0.30419	0.30419	0.30419	0.30419	0.30419	0.30419	0.30419	0.30419	0.30419	0.30419	0.30419	0.30419	0.30419	0.30419	0.30419	0.30419	0.30419	0.30419	0.30419	0.30419	0.30419	
0.40419	0.40419	0.40419	0.40419	0.40419	0.40419	0.40419	0.40419	0.40419	0.40419	0.40419	0.40419	0.40419	0.40419	0.40419	0.40419	0.40419	0.40419	0.40419	0.40419	0.40419	0.40419	0.40419	0.40419	
0.50419	0.50419	0.50419	0.50419	0.50419	0.50419	0.50419	0.50419	0.50419	0.50419	0.50419	0.50419	0.50419	0.50419	0.50419	0.50419	0.50419	0.50419	0.50419	0.50419	0.50419	0.50419	0.50419	0.50419	
0.60419	0.60419	0.60419	0.60419	0.60419	0.60419	0.60419	0.60419	0.60419	0.60419	0.60419	0.60419	0.60419	0.60419	0.60419	0.60419	0.60419	0.60419	0.60419	0.60419	0.60419	0.60419	0.60419	0.60419	
0.70419	0.70419	0.70419	0.70419	0.70419	0.70419	0.70419	0.70419	0.70419	0.70419	0.70419	0.70419	0.70419	0.70419	0.70419	0.70419	0.70419	0.70419	0.70419	0.70419	0.70419	0.70419	0.70419	0.70419	
0.80419	0.80419	0.80419	0.80419	0.80419	0.80419	0.80419	0.80419	0.80419	0.80419	0.80419	0.80419	0.80419	0.80419	0.80419	0.80419	0.80419	0.80419	0.80419	0.80419	0.80419	0.80419	0.80419	0.80419	
0.90419	0.90419	0.90419	0.90419	0.90419	0.90419	0.90419	0.90419	0.90419	0.90419	0.90419	0.90419	0.90419	0.90419	0.90419	0.90419	0.90419	0.90419	0.90419	0.90419	0.90419	0.90419	0.90419	0.90419	
1.00419	1.00419	1.00419	1.00419	1.00419	1.00419	1.00419	1.00419	1.00419	1.00419	1.00419	1.00419	1.00419	1.00419	1.00419	1.00419	1.00419	1.00419	1.00419	1.00419	1.00419	1.00419	1.00419	1.00419	
1.10419	1.10419	1.10419	1.10419	1.10419	1.10419	1.10419	1.10419	1.10419	1.10419	1.10419	1.10419	1.10419	1.10419	1.10419	1.10419	1.10419	1.10419	1.10419	1.10419	1.10419	1.10419	1.10419	1.10419	
1.20419	1.20419	1.20419	1.20419	1.20419	1.20419	1.20419	1.20419	1.20419	1.20419	1.20419	1.20419	1.20419	1.20419	1.20419	1.20419	1.20419	1.20419	1.20419	1.20419	1.20419	1.20419	1.20419	1.20419	
-0.69633	-0.69633	-0.69633	-0.69633	-0.69633	-0.69633	-0.69633	-0.69633	-0.69633	-0.69633	-0.69633	-0.69633	-0.69633	-0.69633	-0.69633	-0.69633	-0.69633	-0.69633	-0.69633	-0.69633	-0.69633	-0.69633	-0.69633	-0.69633	
-0.59633	-0.59633	-0.59633	-0.59633	-0.59633	-0.59633	-0.59633	-0.59633	-0.59633	-0.59633	-0.59633	-0.59633	-0.59633	-0.59633	-0.59633	-0.59633	-0.59633	-0.59633	-0.59633	-0.59633	-0.59633	-0.59633	-0.59633	-0.59633	
-0.49633	-0.49633	-0.49633	-0.49633	-0.49633	-0.49633	-0.49633	-0.49633	-0.49633	-0.49633	-0.49633	-0.49633	-0.49633	-0.49633	-0.49633	-0.49633	-0.49633	-0.49633	-0.49633	-0.49633	-0.49633	-0.49633	-0.49633	-0.49633	
-0.39633	-0.39633	-0.39633	-0.39633	-0.39633	-0.39633	-0.39633	-0.39633	-0.39633	-0.39633	-0.39633	-0.39633	-0.39633	-0.39633	-0.39633	-0.39633	-0.39633	-0.39633	-0.39633	-0.39633	-0.39633	-0.39633	-0.39633	-0.39633	
-0.29633	-0.29633	-0.29633	-0.29633	-0.29633	-0.29633	-0.29633	-0.29633	-0.29633	-0.29633	-0.29633	-0.29633	-0.29633	-0.29633	-0.29633	-0.29633	-0.29633	-0.29633	-0.29633	-0.29633	-0.29633	-0.29633	-0.29633	-0.29633	
-0.19633	-0.19633	-0.19633	-0.19633	-0.19633	-0.19633	-0.19633	-0.19633	-0.19633	-0.19633	-0.19633	-0.19633	-0.19633	-0.19633	-0.19633	-0.19633	-0.19633	-0.19633	-0.19633	-0.19633	-0.19633	-0.19633	-0.19633	-0.19633	
-0.09633	-0.09633	-0.09633	-0.09633	-0.09633	-0.09633	-0.09633	-0.09633	-0.09633	-0.09633	-0.09633	-0.09633	-0.09633	-0.09633	-0.09633	-0.09633	-0.09633	-0.09633	-0.09633	-0.09633	-0.09633	-0.09633	-0.09633	-0.09633	
0.00367	0.00367	0.00367	0.00367	0.00367	0.00367	0.00367	0.00367	0.00367	0.00367	0.00367	0.00367	0.00367	0.00367	0.00367	0.00367	0.00367	0.00367	0.00367	0.00367	0.00367	0.00367	0.00367	0.00367	
0.10367	0.10367	0.10367	0.10367	0.10367	0.10367	0.10367	0.10367	0.10367	0.10367	0.10367	0.10367	0.10367	0.10367	0.10367	0.10367	0.10367	0.10367	0.10367	0.10367	0.10367	0.10367	0.10367	0.10367	
0.20367	0.20367	0.20367	0.20367	0.20367	0.20367	0.20367	0.20367	0.20367	0.20367	0.20367	0.20367	0.20367	0.20367	0.20367	0.20367	0.20367	0.20367	0.20367	0.20367	0.20367	0.20367	0.20367	0.20367	
0.30367	0.30367	0.30367	0.30367	0.30367	0.30367	0.30367	0.30367	0.30367	0.30367	0.30367	0.30367	0.30367	0.30367	0.30367	0.30367	0.30367	0.30367	0.30367	0.30367	0.30367	0.30367	0.30367	0.30367	
0.40367	0.40367	0.40367	0.40367	0.40367	0.40367	0.40367	0.40367	0.40367	0.40367	0.40367	0.40367	0.40367	0.40367	0.40367	0.40367	0.40367	0.40367	0.40367	0.40367	0.40367	0.40367	0.40367	0.40367	
0.50367	0.50367	0.50367	0.50367	0.50367	0.50367	0.50367	0.50367	0.50367	0.50367	0.50367	0.50367	0.50367	0.50367	0.50367	0.50367	0.50367	0.50367	0.50367	0.50367	0.50367	0.50367	0.50367	0.50367	
0.60367	0.60367	0.60367	0.60367	0.60367	0.60367	0.60367	0.60367	0.60367	0.60367	0.60367	0.60367	0.60367	0.60367	0.60367	0.60367	0.60367	0.60367	0.60367	0.60367	0.60367	0.60367	0.60367	0.60367	
0.70367	0.70367	0.70367	0.70367	0.70367	0.70367	0.70367	0.70367	0.70367	0.70367	0.70367	0.70367	0.70367	0.70367	0.70367	0.70367	0.70367	0.70367	0.70367	0.70367	0.70367	0.70367	0.70367	0.70367	
0.80367	0.80367	0.80367	0.80367	0.80367	0.80367	0.80367	0.80367	0.80367	0.80367	0.80367	0.80367	0.80367	0.80367	0.80367	0.80367	0.80367	0.80367	0.80367	0.80367	0.80367	0.80367	0.80367	0.80367	
0.90367	0.90367	0.90367	0.90367	0.90367	0.90367	0.90367	0.90367	0.90367	0.90367	0.90367	0.90367	0.90367	0.90367	0.90367	0.90367	0.90367	0.90367	0.90367	0.90367	0.90367	0.90367	0.90367	0.90367	
1.00367	1.00367	1.00367	1.00367	1.00367	1.00367	1.00367	1.00367	1.00367	1.00367	1.00367	1.00367	1.00367	1.00367	1.00367	1.00367	1.00367	1.00367	1.00367	1.00367	1.00367	1.00367	1.00367	1.00367	
1.10367	1.10367	1.10367	1.10367	1.10367	1.10367	1.10367	1.10367	1.10367	1.10367	1.10367	1.10367	1.10367	1.10367	1.10367	1.10367	1.10367	1.10367	1.10367	1.10367	1.10367	1.10367	1.10367	1.10367	
1.20367	1.20367	1.20367	1.20367	1.20367	1.20367	1.20367	1.20367	1.20367	1.20367	1.20367	1.20367	1.20367	1.20367	1.20367	1.20367	1.20367	1.20367	1.20367	1.20367	1.20367	1.20367	1.20367	1.20367	
1.30367	1.30367	1.30367	1.30367	1.30367	1.30367	1.30367	1.30367	1.30367	1.30367	1.30367	1.30367	1.30367	1.30367	1.30367	1.30367	1.30367	1.30367	1.30367	1.30367	1.30367	1.30367	1.30367	1.30367	
-0.59686	-0.59686	-0.59686	-0.59686	-0.59686	-0.59686	-0.59686	-0.59686	-0.59686	-0.59686	-0.59686	-0.59686	-0.59686	-0.59686	-0.59686	-0.59686	-0.59686	-0.59686	-0.59686	-0.59686	-0.59686	-0.59686	-0.59686	-0.59686	
-0.49686	-0.49686	-0.49686	-0.49686	-0.49686	-0.49686	-0.49686	-0.49686	-0.49686	-0.49686	-0.49686	-0.49686	-0.49686	-0.49686	-0.49686	-0.49686	-0.49686	-0.49686	-0.49686	-0.49686	-0.49686	-0.49686	-0.49686	-0.49686	
-0.39686	-0.39686	-0.39686	-0.39686	-0.39686	-0.39686	-0.39686	-0.39686	-0.39686	-0.39686	-0.39686	-0.39686	-0.39686	-0.39686	-0.39686	-0.39686	-0.39686	-0.39686	-0.39686	-0.39686	-0.39686	-0.39686	-0.39686	-0.39686	
-0.29686	-0.29686	-0.29686	-0.29686	-0.29686	-0.29686	-0.29686	-0.29686	-0.29686	-0.29686	-0.29686	-0.29686	-0.29686	-0.29686	-0.29686	-0.29686	-0.29686	-0.29686	-0.29686	-0.29686	-0.29686	-0.29686	-0.29686	-0.29686	
-0.19686	-0.19686	-0.19686	-0.19686	-0.19686	-0.19686	-0.19686	-0.19686	-0.19686	-0.19686	-0.19686	-0.19686	-0.19686	-0.19686	-0.19686	-0.19686	-0.19686	-0.19686	-0.19686	-0.19686	-0.19686	-0.19686	-0.19686	-0.19686	
-0.09686	-0.09686	-0.09686	-0.09686	-0.09686	-0.09686	-0.09686	-0.09686	-0.09686	-0.09686	-0.09686	-0.09686	-0.09686	-0.09686	-0.09686	-0.09686	-0.09686	-0.09686	-0.09686	-0.09686	-0.09686	-0.09686	-0.09686	-0.09686	
0.00314	0.00314	0.00314	0.00314	0.00314	0.00314	0.00314	0.00314	0.00314	0.00314	0.00314	0.00314	0.00314	0.00314	0.00314	0.00314	0.00314	0.00314	0.00314	0.00314	0.00314	0.00314	0.00314	0.00314	
0.10314	0.10314	0.10314	0.10314	0.10314	0.10314	0.10314	0.10314	0.10314	0.10314	0.10314	0.10314	0.10314	0.10314	0.10314	0.10314	0.10314	0.10314	0.10314	0.10314	0.10314	0.10314	0.10314	0.10314	
0.20314	0.20314	0.20314	0.20314	0.20314	0.20314	0.20314	0.20314	0.20314	0.20314	0.20314	0.20314	0.20314	0.20314	0.20314	0.20314	0.20314	0.20314	0.20314	0.20314	0.20314	0.20314	0.20314	0.20314	
0.30314	0.30314	0.30314	0.30314	0.30314	0.30314	0.30314	0.30314	0.30314	0.30314	0.30314	0.30314	0.30314	0.30314	0.30314	0.30314	0.30314	0.30314	0.30314	0.30314	0.30314	0.30314	0.30314	0.30314	
0.40314	0.40314	0.40314	0.40314	0.40314	0.40314	0.40314	0.40314	0.40314	0.40314	0.40314	0.40314	0.40314	0.40314	0.40314	0.40314	0.40314	0.40314	0.40314	0.40314	0.40314	0.40314	0.40314	0.40314	
0.50314	0.50314	0.50314	0.50314	0.50314	0.50314	0.50314	0.50314	0.50314	0.50314	0.50314	0.50314	0.50314	0.50314	0.50314	0.50314	0.50314	0.50314	0.50314	0.50314	0.50314	0.50314	0.50314	0.50314	
0.60314	0.60314	0.60314	0.60314	0.60314	0.60314	0.60314	0.60314	0.60314	0.60314	0.60314	0.60314	0.60314	0.60314	0.60314	0.60314	0.60314	0.60314	0.60314	0.60314	0.60314	0.60314	0.60314	0.60314	
0.70314	0.70314	0.70314	0.70314	0.70314	0.70314	0.70314	0.70314	0.70314	0.70314	0.70314	0.70314	0.70314	0.70314	0.70314	0.70314	0.70314	0.70314	0.70314	0.70314	0.70314	0.70314	0.70314	0.70314	
0.80314	0.80314	0.80314	0.80314	0.80314	0.80314	0.80314	0.80314	0.80314	0.80314	0.80314	0.80314	0.80314	0.80314	0.80314	0.80314	0.80314	0.80314	0.80314	0.80314	0.80314	0.80314	0.80314	0.80314	
0.90314	0.90314	0.90314	0.90314	0.90314	0.90314	0.90314	0.90314	0.90314	0.90314	0.90314	0.90314	0.90314	0.90314	0.90314	0.90314	0.90314	0.90314	0.90314	0.90314	0.90314	0.90314	0.90314	0.90314	
1.00314	1.00314	1.00314	1.00314	1.00314	1.00314	1.00314	1.00314	1.00314	1.00314	1.00314	1.00314	1.00314	1.00314	1.00314	1.00314	1.00314	1.00314	1.00314	1.00314	1.00314	1.00314	1.00314	1.00314	
1.10314	1.10314	1.10314	1.10314	1.10314	1.10314	1.10314	1.10314	1.10314	1.10314	1.10314	1.10314	1.10314	1.10314	1.10314	1.10314	1.10314	1.10314	1.10314	1.10314	1.10314	1.10314	1.10314	1.10314	
1.20314	1.20314	1.20314	1.20314	1.20314	1.20314	1.20314	1.20314	1.20314	1.20314	1.20314	1.20314	1.20314	1.20314	1.20314	1.20314	1.20314	1.20314	1.20314	1.20314	1.20314	1.20314	1.20314	1.20314	
1.30314	1.30314	1.30314	1.30314	1.30314	1.30314	1.30314	1.30314	1.30314	1.30314	1.30314	1.30314	1.30314	1.30314	1.30314	1.30314	1.30314	1.30314	1.30314	1.30314	1.30314	1.30314	1.30314	1.30314	
1.40314	1.40314	1.40314	1.40314	1.40314	1.40314	1.40314	1.40314	1.40314	1.40314	1.40314	1.40314	1.40314	1.40314	1.40314	1.40314	1.40314	1.40314	1.40314	1.40314	1.40314	1.40314	1.40314	1.40314	
-0.49738	-0.49738	-0.49738	-0.49738	-0.49738	-0.49738	-0.49738	-0.49738	-0.49738	-0.49738	-0.49738	-0.49738	-0.49738	-0.49738	-0.49738	-0.49738	-0.49738	-0.49738	-0.49738	-0.49738	-0.49738	-0.49738	-0.49738	-0.49738	
-0.39738	-0.39738	-0.39738	-0.39738	-0.39738	-0.39738	-0.39738	-0.39738	-0.39738	-0.39738	-0.39738	-0.39738	-0.39738	-0.39738	-0.39738	-0.39738	-0.39738	-0.39738	-0.39738	-0.39738	-0.39738	-0.39738	-0.39738	-0.39738	
-0.29738	-0.29738	-0.29738	-0.29738	-0.29738	-0.29738	-0.29738	-0.29738	-0.29738	-0.29738	-0.29738	-0.29738	-0.29738	-0.29738	-0.29738	-0.29738	-0.29738	-0.29738	-0.29738	-0.29738	-0.29738	-0.29738	-0.29738	-0.29738	
-0.19738	-0.19738	-0.19738	-0.19738	-0.19738	-0.19738	-0.19738	-0.19738	-0.19738	-0.19738	-0.19738	-0.19738	-0.19738	-0.19738	-0.19738	-0.19738	-0.19738	-0.19738	-0.19738	-0.19738	-0.19738	-0.19738	-0.19738	-0.19738	
-0.09738	-0.09738	-0.09738	-0.09738	-0.09738	-0.09738	-0.09738	-0.09738	-0.09738	-0.09738	-0.09738	-0.09738	-0.09738	-0.09738	-0.09738	-0.09738	-0.09738	-0.09738	-0.09738	-0.09738	-0.09738	-0.09738	-0.09738	-0.09738	
0.00262	0.00262	0.00262	0.00262	0.00262	0.00262	0.00262	0.00262	0.00262	0.00262	0.00262	0.00262	0.00262	0.00262	0.00262	0.00262	0.00262	0.00262	0.00262	0.00262	0.00262	0.00262	0.00262	0.00262	
0.10262	0.10262	0.10262	0.10262	0.10262	0.10262	0.10262	0.10262	0.10262	0.10262	0.10262	0.10262	0.10262	0.10262	0.10262	0.10262	0.10262	0.10262	0.10262	0.10262	0.10262	0.10262	0.10262	0.10262	
0.20262	0.20262	0.20262	0.20262	0.20262	0.20262	0.20262	0.20262	0.20262	0.20262	0.20262	0.20262	0.20262	0.20262	0.20262	0.20262	0.20262	0.20262	0.20262	0.20262	0.20262	0.20262	0.20262	0.20262	
0.30262	0.30262	0.30262	0.30262	0.30262	0.30262	0.30262	0.30262	0.30262	0.30262	0.30262	0.30262	0.30262	0.30262	0.30262	0.30262	0.30262	0.30262	0.30262	0.30262	0.30262	0.30262	0.30262	0.30262	
0.40262	0.40262	0.40262	0.40262	0.40262	0.40262	0.40262	0.40262	0.40262	0.40262	0.40262	0.40262	0.40262	0.40262	0.40262	0.40262	0.40262	0.40262	0.40262	0.40262	0.40262	0.40262	0.40262	0.40262	
0.50262	0.50262	0.50262	0.50262	0.50262	0.50262	0.50262	0.50262	0.50262	0.50262	0.50262	0.50262	0.50262	0.50262	0.50262	0.50262	0.50262	0.50262	0.50262	0.50262	0.50262	0.50262	0.50262	0.50262	
0.60262	0.60262	0.60262	0.60262	0.60262	0.60262	0.60262	0.60262	0.60262	0.60262	0.60262	0.60262	0.60262	0.60262	0.60262	0.60262	0.60262	0.60262	0.60262	0.60262	0.60262	0.60262	0.60262	0.60262	
0.70262	0.70262	0.70262	0.70262	0.70262	0.70262	0.70262	0.70262	0.70262	0.70262	0.70262	0.70262	0.70262	0.70262	0.70262	0.70262	0.70262	0.70262	0.70262	0.70262	0.70262	0.70262	0.70262	0.70262	
0.80262	0.80262	0.80262	0.80262	0.80262	0.80262	0.80262	0.80262	0.80262	0.80262	0.80262	0.80262	0.80262	0.80262	0.80262	0.80262	0.80262	0.80262	0.80262	0.80262	0.80262	0.80262	0.80262	0.80262	
0.90262	0.90262	0.90262	0.90262	0.90262	0.90262	0.90262	0.90262	0.90262	0.90262	0.90262	0.90262	0.90262	0.90262	0.90262	0.90262	0.90262	0.90262	0.90262	0.90262	0.90262	0.90262	0.90262	0.90262	
1.00262	1.00262	1.00262	1.00262	1.00262	1.00262	1.00262	1.00262	1.00262	1.00262	1.00262	1.00262	1.00262	1.00262	1.00262	1.00262	1.00262	1.00262	1.00262	1.00262	1.00262	1.00262	1.00262	1.00262	
1.10262	1.10262	1.10262	1.10262	1.10262	1.10262	1.10262	1.10262	1.10262	1.10262	1.10262	1.10262	1.10262	1.10262	1.10262	1.10262	1.10262	1.10262	1.10262	1.10262	1.10262	1.10262	1.10262	1.10262	
1.20262	1.20262	1.20262	1.20262	1.20262	1.20262	1.20262	1.20262	1.20262	1.20262	1.20262	1.20262	1.20262	1.20262	1.20262	1.20262	1.20262	1.20262	1.20262	1.20262	1.20262	1.20262	1.20262	1.20262	
1.30262	1.30262	1.30262	1.30262	1.30262	1.30262	1.30262	1.30262	1.30262	1.30262	1.30262	1.30262	1.30262	1.30262	1.30262	1.30262	1.30262	1.30262	1.30262	1.30262	1.30262	1.30262	1.30262	1.30262	
1.40262	1.40262	1.40262	1.40262	1.40262	1.40262	1.40262	1.40262	1.40262	1.40262	1.40262	1.40262	1.40262	1.40262	1.40262	1.40262	1.40262	1.40262	1.40262	1.40262	1.40262	1.40262	1.40262	1.40262	
1.50262	1.50262	1.50262	1.50262	1.50262	1.50262	1.50262	1.50262	1.50262	1.50262	1.50262	1.50262	1.50262	1.50262	1.50262	1.50262	1.50262	1.50262	1.50262	1.50262	1.50262	1.50262	1.50262	1.50262	
-0.39791	-0.39791	-0.39791	-0.39791	-0.39791	-0.39791	-0.39791	-0.39791	-0.39791	-0.39791	-0.39791	-0.39791	-0.39791	-0.39791	-0.39791	-0.39791	-0.39791	-0.39791	-0.39791	-0.39791	-0.39791	-0.39791	-0.39791	-0.39791	
-0.29791	-0.29791	-0.29791	-0.29791	-0.29791	-0.29791	-0.29791	-0.29791	-0.29791	-0.29791	-0.29791	-0.29791	-0.29791	-0.29791	-0.29791	-0.29791	-0.29791	-0.29791	-0.29791	-0.29791	-0.29791	-0.29791	-0.29791	-0.29791	
-0.19791	-0.19791	-0.19791	-0.19791	-0.19791	-0.19791	-0.19791	-0.19791	-0.19791	-0.19791	-0.19791	-0.19791	-0.19791	-0.19791	-0.19791	-0.19791	-0.19791	-0.19791	-0.19791	-0.19791	-0.19791	-0.19791	-0.19791	-0.19791	
-0.09791	-0.09791	-0.09791	-0.09791	-0.09791	-0.09791	-0.09791	-0.09791	-0.09791	-0.09791	-0.09791	-0.09791	-0.09791	-0.09791	-0.09791	-0.09791	-0.09791	-0.09791	-0.09791	-0.09791	-0.09791	-0.09791	-0.09791	-0.09791	
0.00209	0.00209	0.00209	0.00209	0.00209	0.00209	0.00209	0.00209	0.00209	0.00209	0.00209	0.00209	0.00209	0.00209	0.00209	0.00209	0.00209	0.00209	0.00209	0.00209	0.00209	0.00209	0.00209	0.00209	
0.10209	0.10209	0.10209	0.10209	0.10209	0.10209	0.10209	0.10209	0.10209	0.10209	0.10209	0.10209	0.10209	0.10209	0.10209	0.10209	0.10209	0.10209	0.10209	0.10209	0.10209	0.10209	0.10209	0.10209	
0.20209	0.20209	0.20209	0.20209	0.20209	0.20209	0.20209	0.20209	0.20209	0.20209	0.20209	0.20209	0.20209	0.20209	0.20209	0.20209	0.20209	0.20209	0.20209	0.20209	0.20209	0.20209	0.20209	0.20209	
0.30209	0.30209	0.30209	0.30209	0.30209	0.30209	0.30209	0.30209	0.30209	0.30209	0.30209	0.30209	0.30209	0.30209	0.30209	0.30209	0.30209	0.30209	0.30209	0.30209	0.30209	0.30209	0.30209	0.30209	
0.40209	0.40209	0.40209	0.40209	0.40209	0.40209	0.40209	0.40209	0.40209	0.40209	0.40209	0.40209	0.40209	0.40209	0.40209	0.40209	0.40209	0.40209	0.40209	0.40209	0.40209	0.40209	0.40209	0.40209	
0.50209	0.50209	0.50209	0.50209	0.50209	0.50209	0.50209	0.50209	0.50209	0.50209	0.50209	0.50209	0.50209	0.50209	0.50209	0.50209	0.50209	0.50209	0.50209	0.50209	0.50209	0.50209	0.50209	0.50209	
0.60209	0.60209	0.60209	0.60209	0.60209	0.60209	0.60209	0.60209	0.60209	0.60209	0.60209	0.60209	0.60209	0.60209	0.60209	0.60209	0.60209	0.60209	0.60209	0.60209	0.60209	0.60209	0.60209	0.60209	
0.70209	0.70209	0.70209	0.70209	0.70209	0.70209	0.70209	0.70209	0.70209	0.70209	0.70209	0.70209	0.70209	0.70209	0.70209	0.70209	0.70209	0.70209	0.70209	0.70209	0.70209	0.70209	0.70209	0.70209	
0.80209	0.80209	0.80209	0.80209	0.80209	0.80209	0.80209	0.80209	0.80209	0.80209	0.80209	0.80209	0.80209	0.80209	0.80209	0.80209	0.80209	0.80209	0.80209	0.80209	0.80209	0.80209	0.80209	0.80209	
0.90209	0.90209	0.90209	0.90209	0.90209	0.90209	0.90209	0.90209	0.90209	0.90209	0.90209	0.90209	0.90209	0.90209	0.90209	0.90209	0.90209	0.90209	0.90209	0.90209	0.90209	0.90209	0.90209	0.90209	
1.00209	1.00209	1.00209	1.00209	1.00209	1.00209	1.00209	1.00209	1.00209	1.00209	1.00209	1.00209	1.00209	1.00209	1.00209	1.00209	1.00209	1.00209	1.00209	1.00209	1.00209	1.00209	1.00209	1.00209	
1.10209	1.10209	1.10209	1.10209	1.10209	1.10209	1.10209	1.10209	1.10209	1.10209	1.10209	1.10209	1.10209	1.10209	1.10209	1.10209	1.10209	1.10209	1.10209	1.10209	1.10209	1.10209	1.10209	1.10209	
1.20209	1.20209	1.20209	1.20209	1.20209	1.20209	1.20209	1.20209	1.20209	1.20209	1.20209	1.20209	1.20209	1.20209	1.20209	1.20209	1.20209	1.20209	1.20209	1.20209	1.20209	1.20209	1.20209	1.20209	
1.30209	1.30209	1.30209	1.30209	1.30209	1.30209	1.30209	1.30209	1.30209	1.30209	1.30209	1.30209	1.30209	1.30209	1.30209	1.30209	1.30209	1.30209	1.30209	1.30209	1.30209	1.30209	1.30209	1.30209	
1.40209	1.40209	1.40209	1.40209	1.40209	1.40209	1.40209	1.40209	1.40209	1.40209	1.40209	1.40209	1.40209	1.40209	1.40209	1.40209	1.40209	1.40209	1.40209	1.40209	1.40209	1.40209	1.40209	1.40209	
1.50209	1.50209	1.50209	1.50209	1.50209	1.50209	1.50209	1.50209	1.50209	1.50209	1.50209	1.50209	1.50209	1.50209	1.50209	1.50209	1.50209	1.50209	1.50209	1.50209	1.50209	1.50209	1.50209	1.50209	
1.60209	1.60209	1.60209	1.60209	1.60209	1.60209	1.60209	1.60209	1.60209	1.60209	1.60209	1.60209	1.60209	1.60209	1.60209	1.60209	1.60209	1.60209	1.60209	1.60209	1.60209	1.60209	1.60209	1.60209	
-0.29843	-0.29843	-0.29843	-0.29843	-0.29843	-0.29843	-0.29843	-0.29843	-0.29843	-0.29843	-0.29843	-0.29843	-0.29843	-0.29843	-0.29843	-0.29843	-0.29843	-0.29843	-0.29843	-0.29843	-0.29843	-0.29843	-0.29843	-0.29843	
-0.19843	-0.19843	-0.19843	-0.19843	-0.19843	-0.19843	-0.19843	-0.19843	-0.19843	-0.19843	-0.19843	-0.19843	-0.19843	-0.19843	-0.19843	-0.19843	-0.19843	-0.19843	-0.19843	-0.19843	-0.19843	-0.19843	-0.19843	-0.19843	
-0.09843	-0.09843	-0.09843	-0.09843	-0.09843	-0.09843	-0.09843	-0.09843	-0.09843	-0.09843	-0.09843	-0.09843	-0.09843	-0.09843	-0.09843	-0.09843	-0.09843	-0.09843	-0.09843	-0.09843	-0.09843	-0.09843	-0.09843	-0.09843	
0.00157	0.00157	0.00157	0.00157	0.00157	0.00157	0.00157	0.00157	0.00157	0.00157	0.00157	0.00157	0.00157	0.00157	0.00157	0.00157	0.00157	0.00157	0.00157	0.00157	0.00157	0.00157	0.00157	0.00157	
0.10157	0.10157	0.10157	0.10157	0.10157	0.10157	0.10157	0.10157	0.10157	0.10157	0.10157	0.10157	0.10157	0.10157	0.10157	0.10157	0.10157	0.10157	0.10157	0.10157	0.10157	0.10157	0.10157	0.10157	
0.20157	0.20157	0.20157	0.20157	0.20157	0.20157	0.20157	0.20157	0.20157	0.20157	0.20157	0.20157	0.20157	0.20157	0.20157	0.20157	0.20157	0.20157	0.20157	0.20157	0.20157	0.20157	0.20157	0.20157	
0.30157	0.30157	0.30157	0.30157	0.30157	0.30157	0.30157	0.30157	0.30157	0.30157	0.30157	0.30157	0.30157	0.30157	0.30157	0.30157	0.30157	0.30157	0.30157	0.30157	0.30157	0.30157	0.30157	0.30157	
0.40157	0.40157	0.40157	0.40157	0.40157	0.40157	0.40157	0.40157	0.40157	0.40157	0.40157	0.40157	0.40157	0.40157	0.40157	0.40157	0.40157	0.40157	0.40157	0.40157	0.40157	0.40157	0.40157	0.40157	
0.50157	0.50157	0.50157	0.50157	0.50157	0.50157	0.50157	0.50157	0.50157	0.50157	0.50157	0.50157	0.50157	0.50157	0.50157	0.50157	0.50157	0.50157	0.50157	0.50157	0.50157	0.50157	0.50157	0.50157	
0.60157	0.60157	0.60157	0.60157	0.60157	0.60157	0.60157	0.60157	0.60157	0.60157	0.60157	0.60157	0.60157	0.60157	0.60157	0.60157	0.60157	0.60157	0.60157	0.60157	0.60157	0.60157	0.60157	0.60157	
0.70157	0.70157	0.70157	0.70157	0.70157	0.70157	0.70157	0.70157	0.70157	0.70157	0.70157	0.70157	0.70157	0.70157	0.70157	0.70157	0.70157	0.70157	0.70157	0.70157	0.70157	0.70157	0.70157	0.70157	
0.80157	0.80157	0.80157	0.80157	0.80157	0.80157	0.80157	0.80157	0.80157	0.80157	0.80157	0.80157	0.80157	0.80157	0.80157	0.80157	0.80157	0.80157	0.80157	0.80157	0.80157	0.80157	0.80157	0.80157	
0.90157	0.90157	0.90157	0.90157	0.90157	0.90157	0.90157	0.90157	0.90157	0.90157	0.90157	0.90157	0.90157	0.90157	0.90157	0.90157	0.90157	0.90157	0.90157	0.90157	0.90157	0.90157	0.90157	0.90157	
1.00157	1.00157	1.00157	1.00157	1.00157	1.00157	1.00157	1.00157	1.00157	1.00157	1.00157	1.00157	1.00157	1.00157	1.00157	1.00157	1.00157	1.00157	1.00157	1.00157	1.00157	1.00157	1.00157	1.00157	
1.10157	1.10157	1.10157	1.10157	1.10157	1.10157	1.10157	1.10157	1.10157	1.10157	1.10157	1.10157	1.10157	1.10157	1.10157	1.10157	1.10157	1.10157	1.10157	1.10157	1.10157	1.10157	1.10157	1.10157	
1.20157	1.20157	1.20157	1.20157	1.20157	1.20157	1.20157	1.20157	1.20157	1.20157	1.20157	1.20157	1.20157	1.20157	1.20157	1.20157	1.20157	1.20157	1.20157	1.20157	1.20157	1.20157	1.20157	1.20157	
1.30157	1.30157	1.30157	1.30157	1.30157	1.30157	1.30157	1.30157	1.30157	1.30157	1.30157	1.30157	1.30157	1.30157	1.30157	1.30157	1.30157	1.30157	1.30157	1.30157	1.30157	1.30157	1.30157	1.30157	
1.40157	1.40157	1.40157	1.40157	1.40157	1.40157	1.40157	1.40157	1.40157	1.40157	1.40157	1.40157	1.40157	1.40157	1.40157	1.40157	1.40157	1.40157	1.40157	1.40157	1.40157	1.40157	1.40157	1.40157	
1.50157	1.50157	1.50157	1.50157	1.50157	1.50157	1.50157	1.50157	1.50157	1.50157	1.50157	1.50157	1.50157	1.50157	1.50157	1.50157	1.50157	1.50157	1.50157	1.50157	1.50157	1.50157	1.50157	1.50157	
1.60157	1.60157	1.60157	1.60157	1.60157	1.60157	1.60157	1.60157	1.60157	1.60157	1.60157	1.60157	1.60157	1.60157	1.60157	1.60157	1.60157	1.60157	1.60157	1.60157	1.60157	1.60157	1.60157	1.60157	
1.70157	1.70157	1.70157	1.70157	1.70157	1.70157	1.70157	1.70157	1.70157	1.70157	1.70157	1.70157	1.70157	1.70157	1.70157	1.70157	1.70157	1.70157	1.70157	1.70157	1.70157	1.70157	1.70157	1.70157	
-0.19895	-0.19895	-0.19895	-0.19895	-0.19895	-0.19895	-0.19895	-0.19895	-0.19895	-0.19895	-0.19895	-0.19895	-0.19895	-0.19895	-0.19895	-0.19895	-0.19895	-0.19895	-0.19895	-0.19895	-0.19895	-0.19895	-0.19895	-0.19895	
-0.09895	-0.09895	-0.09895	-0.09895	-0.09895	-0.09895	-0.09895	-0.09895	-0.09895	-0.09895	-0.09895	-0.09895	-0.09895	-0.09895	-0.09895	-0.09895	-0.09895	-0.09895	-0.09895	-0.09895	-0.09895	-0.09895	-0.09895	-0.09895	
0.00105	0.00105	0.00105	0.00105	0.00105	0.00105	0.00105	0.00105	0.00105	0.00105	0.00105	0.00105	0.00105	0.00105	0.00105	0.00105	0.00105	0.00105	0.00105	0.00105	0.00105	0.00105	0.00105	0.00105	
0.10105	0.10105	0.10105	0.10105	0.10105	0.10105	0.10105	0.10105	0.10105	0.10105	0.10105	0.10105	0.10105	0.10105	0.10105	0.10105	0.10105	0.10105	0.10105	0.10105	0.10105	0.10105	0.10105	0.10105	
0.20105	0.20105	0.20105	0.20105	0.20105	0.20105	0.20105	0.20105	0.20105	0.20105	0.20105	0.20105	0.20105	0.20105	0.20105	0.20105	0.20105	0.20105	0.20105	0.20105	0.20105	0.20105	0.20105	0.20105	
0.30105	0.30105	0.30105	0.30105	0.30105	0.30105	0.30105	0.30105	0.30105	0.30105	0.30105	0.30105	0.30105	0.30105	0.30105	0.30105	0.30105	0.30105	0.30105	0.30105	0.30105	0.30105	0.30105	0.30105	
0.40105	0.40105	0.40105	0.40105	0.40105	0.40105	0.40105	0.40105	0.40105	0.40105	0.40105	0.40105	0.40105	0.40105	0.40105	0.40105	0.40105	0.40105	0.40105	0.40105	0.40105	0.40105	0.40105	0.40105	
0.50105	0.50105	0.50105	0.50105	0.50105	0.50105	0.50105	0.50105	0.50105	0.50105	0.50105	0.50105	0.50105	0.50105	0.50105	0.50105	0.50105	0.50105	0.50105	0.50105	0.50105	0.50105	0.50105	0.50105	
0.60105	0.60105	0.60105	0.60105	0.60105	0.60105	0.60105	0.60105	0.60105	0.60105	0.60105	0.60105	0.60105	0.60105	0.60105	0.60105	0.60105	0.60105	0.60105	0.60105	0.60105	0.60105	0.60105	0.60105	
0.70105	0.70105	0.70105	0.70105	0.70105	0.70105	0.70105	0.70105	0.70105	0.70105	0.70105	0.70105	0.70105	0.70105	0.70105	0.70105	0.70105	0.70105	0.70105	0.70105	0.70105	0.70105	0.70105	0.70105	
0.80105	0.80105	0.80105	0.80105	0.80105	0.80105	0.80105	0.80105	0.80105	0.80105	0.80105	0.80105	0.80105	0.80105	0.80105	0.80105	0.80105	0.80105	0.80105	0.80105	0.80105	0.80105	0.80105	0.80105	
0.90105	0.90105	0.90105	0.90105	0.90105	0.90105	0.90105	0.90105	0.90105	0.90105	0.90105	0.90105	0.90105	0.90105	0.90105	0.90105	0.90105	0.90105	0.90105	0.90105	0.90105	0.90105	0.90105	0.90105	
1.00105	1.00105	1.00105	1.00105	1.00105	1.00105	1.00105	1.00105	1.00105	1.00105	1.00105	1.00105	1.00105	1.00105	1.00105	1.00105	1.00105	1.00105	1.00105	1.00105	1.00105	1.00105	1.00105	1.00105	
1.10105	1.10105	1.10105	1.10105	1.10105	1.10105	1.10105	1.10105	1.10105	1.10105	1.10105	1.10105	1.10105	1.10105	1.10105	1.10105	1.10105	1.10105	1.10105	1.10105	1.10105	1.10105	1.10105	1.10105	
1.20105	1.20105	1.20105	1.20105	1.20105	1.20105	1.20105	1.20105	1.20105	1.20105	1.20105	1.20105	1.20105	1.20105	1.20105	1.20105	1.20105	1.20105	1.20105	1.20105	1.20105	1.20105	1.20105	1.20105	
1.30105	1.30105	1.30105	1.30105	1.30105	1.30105	1.30105	1.30105	1.30105	1.30105	1.30105	1.30105	1.30105	1.30105	1.30105	1.30105	1.30105	1.30105	1.30105	1.30105	1.30105	1.30105	1.30105	1.30105	
1.40105	1.40105	1.40105	1.40105	1.40105	1.40105	1.40105	1.40105	1.40105	1.40105	1.40105	1.40105	1.40105	1.40105	1.40105	1.40105	1.40105	1.40105	1.40105	1.40105	1.40105	1.40105	1.40105	1.40105	
1.50105	1.50105	1.50105	1.50105	1.50105	1.50105	1.50105	1.50105	1.50105	1.50105	1.50105	1.50105	1.50105	1.50105	1.50105	1.50105	1.50105	1.50105	1.50105	1.50105	1.50105	1.50105	1.50105	1.50105	
1.60105	1.60105	1.60105	1.60105	1.60105	1.60105	1.60105	1.60105	1.60105	1.60105	1.60105	1.60105	1.60105	1.60105	1.60105	1.60105	1.60105	1.60105	1.60105	1.60105	1.60105	1.60105	1.60105	1.60105	
1.70105	1.70105	1.70105	1.70105	1.70105	1.70105	1.70105	1.70105	1.70105	1.70105	1.70105	1.70105	1.70105	1.70105	1.70105	1.70105	1.70105	1.70105	1.70105	1.70105	1.70105	1.70105	1.70105	1.70105	
1.80105	1.80105	1.80105	1.80105	1.80105	1.80105	1.80105	1.80105	1.80105	1.80105	1.80105	1.80105	1.80105	1.80105	1.80105	1.80105	1.80105	1.80105	1.80105	1.80105	1.80105	1.80105	1.80105	1.80105	
-0.09948	-0.09948	-0.09948	-0.09948	-0.09948	-0.09948	-0.09948	-0.09948	-0.09948	-0.09948	-0.09948	-0.09948	-0.09948	-0.09948	-0.09948	-0.09948	-0.09948	-0.09948	-0.09948	-0.09948	-0.09948	-0.09948	-0.09948	-0.09948	
0.00052	0.00052	0.00052	0.00052	0.00052	0.00052	0.00052	0.00052	0.00052	0.00052	0.00052	0.00052	0.00052	0.00052	0.00052	0.00052	0.00052	0.00052	0.00052	0.00052	0.00052	0.00052	0.00052	0.00052	
0.10052	0.10052	0.10052	0.10052	0.10052	0.10052	0.10052	0.10052	0.10052	0.10052	0.10052	0.10052	0.10052	0.10052	0.10052	0.10052	0.10052	0.10052	0.10052	0.10052	0.10052	0.10052	0.10052	0.10052	
0.20052	0.20052	0.20052	0.20052	0.20052	0.20052	0.20052	0.20052	0.20052	0.20052	0.20052	0.20052	0.20052	0.20052	0.20052	0.20052	0.20052	0.20052	0.20052	0.20052	0.20052	0.20052	0.20052	0.20052	
0.30052	0.30052	0.30052	0.30052	0.30052	0.30052	0.30052	0.30052	0.30052	0.30052	0.30052	0.30052	0.30052	0.30052	0.30052	0.30052	0.30052	0.30052	0.30052	0.30052	0.30052	0.30052	0.30052	0.30052	
0.40052	0.40052	0.40052	0.40052	0.40052	0.40052	0.40052	0.40052	0.40052	0.40052	0.40052	0.40052	0.40052	0.40052	0.40052	0.40052	0.40052	0.40052	0.40052	0.40052	0.40052	0.40052	0.40052	0.40052	
0.50052	0.50052	0.50052	0.50052	0.50052	0.50052	0.50052	0.50052	0.50052	0.50052	0.50052	0.50052	0.50052	0.50052	0.50052	0.50052	0.50052	0.50052	0.50052	0.50052	0.50052	0.50052	0.50052	0.50052	
0.60052	0.60052	0.60052	0.60052	0.60052	0.60052	0.60052	0.60052	0.60052	0.60052	0.60052	0.60052	0.60052	0.60052	0.60052	0.60052	0.60052	0.60052	0.60052	0.60052	0.60052	0.60052	0.60052	0.60052	
0.70052	0.70052	0.70052	0.70052	0.70052	0.70052	0.70052	0.70052	0.70052	0.70052	0.70052	0.70052	0.70052	0.70052	0.70052	0.70052	0.70052	0.70052	0.70052	0.70052	0.70052	0.70052	0.70052	0.70052	
0.80052	0.80052	0.80052	0.80052	0.80052	0.80052	0.80052	0.80052	0.80052	0.80052	0.80052	0.80052	0.80052	0.80052	0.80052	0.80052	0.80052	0.80052	0.80052	0.80052	0.80052	0.80052	0.80052	0.80052	
0.90052	0.90052	0.90052	0.90052	0.90052	0.90052	0.90052	0.90052	0.90052	0.90052	0.90052	0.90052	0.90052	0.90052	0.90052	0.90052	0.90052	0.90052	0.90052	0.90052	0.90052	0.90052	0.90052	0.90052	
1.00052	1.00052	1.00052	1.00052	1.00052	1.00052	1.00052	1.00052	1.00052	1.00052	1.00052	1.00052	1.00052	1.00052	1.00052	1.00052	1.00052	1.00052	1.00052	1.00052	1.00052	1.00052	1.00052	1.00052	
1.10052	1.10052	1.10052	1.10052	1.10052	1.10052	1.10052	1.10052	1.10052	1.10052	1.10052	1.10052	1.10052	1.10052	1.10052	1.10052	1.10052	1.10052	1.10052	1.10052	1.10052	1.10052	1.10052	1.10052	
1.20052	1.20052	1.20052	1.20052	1.20052	1.20052	1.20052	1.20052	1.20052	1.20052	1.20052	1.20052	1.20052	1.20052	1.20052	1.20052	1.20052	1.20052	1.20052	1.20052	1.20052	1.20052	1.20052	1.20052	
1.30052	1.30052	1.30052	1.30052	1.30052	1.30052	1.30052	1.30052	1.30052	1.30052	1.30052	1.30052	1.30052	1.30052	1.30052	1.30052	1.30052	1.30052	1.30052	1.30052	1.30052	1.30052	1.30052	1.30052	
1.40052	1.40052	1.40052	1.40052	1.40052	1.40052	1.40052	1.40052	1.40052	1.40052	1.40052	1.40052	1.40052	1.40052	1.40052	1.40052	1.40052	1.40052	1.40052	1.40052	1.40052	1.40052	1.40052	1.40052	
1.50052	1.50052	1.50052	1.50052	1.50052	1.50052	1.50052	1.50052	1.50052	1.50052	1.50052	1.50052	1.50052	1.50052	1.50052	1.50052	1.50052	1.50052	1.50052	1.50052	1.50052	1.50052	1.50052	1.50052	
1.60052	1.60052	1.60052	1.60052	1.60052	1.60052	1.60052	1.60052	1.60052	1.60052	1.60052	1.60052	1.60052	1.60052	1.60052	1.60052	1.60052	1.60052	1.60052	1.60052	1.60052	1.60052	1.60052	1.60052	
1.70052	1.70052	1.70052	1.70052	1.70052	1.70052	1.70052	1.70052	1.70052	1.70052	1.70052	1.70052	1.70052	1.70052	1.70052	1.70052	1.70052	1.70052	1.70052	1.70052	1.70052	1.70052	1.70052	1.70052	
1.80052	1.80052	1.80052	1.80052	1.80052	1.80052	1.80052	1.80052	1.80052	1.80052	1.80052	1.80052	1.80052	1.80052	1.80052	1.80052	1.80052	1.80052	1.80052	1.80052	1.80052	1.80052	1.80052	1.80052	
1.90052	1.90052	1.90052	1.90052	1.90052	1.90052	1.90052	1.90052	1.90052	1.90052	1.90052	1.90052	1.90052	1.90052	1.90052	1.90052	1.90052	1.90052	1.90052	1.90052	1.90052	1.90052	1.90052	1.90052	
0.00000	0.00000	0.00000	0.00000	0.00000	0.00000	0.00000	0.00000	0.00000	0.00000	0.00000	0.00000	0.00000	0.00000	0.00000	0.00000	0.00000	0.00000	0.00000	0.00000	0.00000	0.00000	0.00000	0.00000	
0.10000	0.10000	0.10000	0.10000	0.10000	0.10000	0.10000	0.10000	0.10000	0.10000	0.10000	0.10000	0.10000	0.10000	0.10000	0.10000	0.10000	0.10000	0.10000	0.10000	0.10000	0.10000	0.10000	0.10000	
0.20000	0.20000	0.20000	0.20000	0.20000	0.20000	0.20000	0.20000	0.20000	0.20000	0.20000	0.20000	0.20000	0.20000	0.20000	0.20000	0.20000	0.20000	0.20000	0.20000	0.20000	0.20000	0.20000	0.20000	
0.30000	0.30000	0.30000	0.30000	0.30000	0.30000	0.30000	0.30000	0.30000	0.30000	0.30000	0.30000	0.30000	0.30000	0.30000	0.30000	0.30000	0.30000	0.30000	0.30000	0.30000	0.30000	0.30000	0.30000	
0.40000	0.40000	0.40000	0.40000	0.40000	0.40000	0.40000	0.40000	0.40000	0.40000	0.40000	0.40000	0.40000	0.40000	0.40000	0.40000	0.40000	0.40000	0.40000	0.40000	0.40000	0.40000	0.40000	0.40000	
0.50000	0.50000	0.50000	0.50000	0.50000	0.50000	0.50000	0.50000	0.50000	0.50000	0.50000	0.50000	0.50000	0.50000	0.50000	0.50000	0.50000	0.50000	0.50000	0.50000	0.50000	0.50000	0.50000	0.50000	
0.60000	0.60000	0.60000	0.60000	0.60000	0.60000	0.60000	0.60000	0.60000	0.60000	0.60000	0.60000	0.60000	0.60000	0.60000	0.60000	0.60000	0.60000	0.60000	0.60000	0.60000	0.60000	0.60000	0.60000	
0.70000	0.70000	0.70000	0.70000	0.70000	0.70000	0.70000	0.70000	0.70000	0.70000	0.70000	0.70000	0.70000	0.70000	0.70000	0.70000	0.70000	0.70000	0.70000	0.70000	0.70000	0.70000	0.70000	0.70000	
0.80000	0.80000	0.80000	0.80000	0.80000	0.80000	0.80000	0.80000	0.80000	0.80000	0.80000	0.80000	0.80000	0.80000	0.80000	0.80000	0.80000	0.80000	0.80000	0.80000	0.80000	0.80000	0.80000	0.80000	
0.90000	0.90000	0.90000	0.90000	0.90000	0.90000	0.90000	0.90000	0.90000	0.90000	0.90000	0.90000	0.90000	0.90000	0.90000	0.90000	0.90000	0.90000	0.90000	0.90000	0.90000	0.90000	0.90000	0.90000	
1.00000	1.00000	1.00000	1.00000	1.00000	1.00000	1.00000	1.00000	1.00000	1.00000	1.00000	1.00000	1.00000	1.00000	1.00000	1.00000	1.00000	1.00000	1.00000	1.00000	1.00000	1.00000	1.00000	1.00000	
1.10000	1.10000	1.10000	1.10000	1.10000	1.10000	1.10000	1.10000	1.10000	1.10000	1.10000	1.10000	1.10000	1.10000	1.10000	1.10000	1.10000	1.10000	1.10000	1.10000	1.10000	1.10000	1.10000	1.10000	
1.20000	1.20000	1.20000	1.20000	1.20000	1.20000	1.20000	1.20000	1.20000	1.20000	1.20000	1.20000	1.20000	1.20000	1.20000	1.20000	1.20000	1.20000	1.20000	1.20000	1.20000	1.20000	1.20000	1.20000	
1.30000	1.30000	1.30000	1.30000	1.30000	1.30000	1.30000	1.30000	1.30000	1.30000	1.30000	1.30000	1.30000	1.30000	1.30000	1.30000	1.30000	1.30000	1.30000	1.30000	1.30000	1.30000	1.30000	1.30000	
1.40000	1.40000	1.40000	1.40000	1.40000	1.40000	1.40000	1.40000	1.40000	1.40000	1.40000	1.40000	1.40000	1.40000	1.40000	1.40000	1.40000	1.40000	1.40000	1.40000	1.40000	1.40000	1.40000	1.40000	
1.50000	1.50000	1.50000	1.50000	1.50000	1.50000	1.50000	1.50000	1.50000	1.50000	1.50000	1.50000	1.50000	1.50000	1.50000	1.50000	1.50000	1.50000	1.50000	1.50000	1.50000	1.50000	1.50000	1.50000	
1.60000	1.60000	1.60000	1.60000	1.60000	1.60000	1.60000	1.60000	1.60000	1.60000	1.60000	1.60000	1.60000	1.60000	1.60000	1.60000	1.60000	1.60000	1.60000	1.60000	1.60000	1.60000	1.60000	1.60000	
1.70000	1.70000	1.70000	1.70000	1.70000	1.70000	1.70000	1.70000	1.70000	1.70000	1.70000	1.70000	1.70000	1.70000	1.70000	1.70000	1.70000	1.70000	1.70000	1.70000	1.70000	1.70000	1.70000	1.70000	
1.80000	1.80000	1.80000	1.80000	1.80000	1.80000	1.80000	1.80000	1.80000	1.80000	1.80000	1.80000	1.80000	1.80000	1.80000	1.80000	1.80000	1.80000	1.80000	1.80000	1.80000	1.80000	1.80000	1.80000	
1.90000	1.90000	1.90000	1.90000	1.90000	1.90000	1.90000	1.90000	1.90000	1.90000	1.90000	1.90000	1.90000	1.90000	1.90000	1.90000	1.90000	1.90000	1.90000	1.90000	1.90000	1.90000	1.90000	1.90000	
2.00000	2.00000	2.00000	2.00000	2.00000	2.00000	2.00000	2.00000	2.00000	2.00000	2.00000	2.00000	2.00000	2.00000	2.00000	2.00000	2.00000	2.00000	2.00000	2.00000	2.00000	2.00000	2.00000	2.00000	
0.09948	0.09948	0.09948	0.09948	0.09948	0.09948	0.09948	0.09948	0.09948	0.09948	0.09948	0.09948	0.09948	0.09948	0.09948	0.09948	0.09948	0.09948	0.09948	0.09948	0.09948	0.09948	0.09948	0.09948	
0.19948	0.19948	0.19948	0.19948	0.19948	0.19948	0.19948	0.19948	0.19948	0.19948	0.19948	0.19948	0.19948	0.19948	0.19948	0.19948	0.19948	0.19948	0.19948	0.19948	0.19948	0.19948	0.19948	0.19948	
0.29948	0.29948	0.29948	0.29948	0.29948	0.29948	0.29948	0.29948	0.29948	0.29948	0.29948	0.29948	0.29948	0.29948	0.29948	0.29948	0.29948	0.29948	0.29948	0.29948	0.29948	0.29948	0.29948	0.29948	
0.39948	0.39948	0.39948	0.39948	0.39948	0.39948	0.39948	0.39948	0.39948	0.39948	0.39948	0.39948	0.39948	0.39948	0.39948	0.39948	0.39948	0.39948	0.39948	0.39948	0.39948	0.39948	0.39948	0.39948	
0.49948	0.49948	0.49948	0.49948	0.49948	0.49948	0.49948	0.49948	0.49948	0.49948	0.49948	0.49948	0.49948	0.49948	0.49948	0.49948	0.49948	0.49948	0.49948	0.49948	0.49948	0.49948	0.49948	0.49948	
0.59948	0.59948	0.59948	0.59948	0.59948	0.59948	0.59948	0.59948	0.59948	0.59948	0.59948	0.59948	0.59948	0.59948	0.59948	0.59948	0.59948	0.59948	0.59948	0.59948	0.59948	0.59948	0.59948	0.59948	
0.69948	0.69948	0.69948	0.69948	0.69948	0.69948	0.69948	0.69948	0.69948	0.69948	0.69948	0.69948	0.69948	0.69948	0.69948	0.69948	0.69948	0.69948	0.69948	0.69948	0.69948	0.69948	0.69948	0.69948	
0.79948	0.79948	0.79948	0.79948	0.79948	0.79948	0.79948	0.79948	0.79948	0.79948	0.79948	0.79948	0.79948	0.79948	0.79948	0.79948	0.79948	0.79948	0.79948	0.79948	0.79948	0.79948	0.79948	0.79948	
0.89948	0.89948	0.89948	0.89948	0.89948	0.89948	0.89948	0.89948	0.89948	0.89948	0.89948	0.89948	0.89948	0.89948	0.89948	0.89948	0.89948	0.89948	0.89948	0.89948	0.89948	0.89948	0.89948	0.89948	
0.99948	0.99948	0.99948	0.99948	0.99948	0.99948	0.99948	0.99948	0.99948	0.99948	0.99948	0.99948	0.99948	0.99948	0.99948	0.99948	0.99948	0.99948	0.99948	0.99948	0.99948	0.99948	0.99948	0.99948	
1.09948	1.09948	1.09948	1.09948	1.09948	1.09948	1.09948	1.09948	1.09948	1.09948	1.09948	1.09948	1.09948	1.09948	1.09948	1.09948	1.09948	1.09948	1.09948	1.09948	1.09948	1.09948	1.09948	1.09948	
1.19948	1.19948	1.19948	1.19948	1.19948	1.19948	1.19948	1.19948	1.19948	1.19948	1.19948	1.19948	1.19948	1.19948	1.19948	1.19948	1.19948	1.19948	1.19948	1.19948	1.19948	1.19948	1.19948	1.19948	
1.29948	1.29948	1.29948	1.29948	1.29948	1.29948	1.29948	1.29948	1.29948	1.29948	1.29948	1.29948	1.29948	1.29948	1.29948	1.29948	1.29948	1.29948	1.29948	1.29948	1.29948	1.29948	1.29948	1.29948	
1.39948	1.39948	1.39948	1.39948	1.39948	1.39948	1.39948	1.39948	1.39948	1.39948	1.39948	1.39948	1.39948	1.39948	1.39948	1.39948	1.39948	1.39948	1.39948	1.39948	1.39948	1.39948	1.39948	1.39948	
1.49948	1.49948	1.49948	1.49948	1.49948	1.49948	1.49948	1.49948	1.49948	1.49948	1.49948	1.49948	1.49948	1.49948	1.49948	1.49948	1.49948	1.49948	1.49948	1.49948	1.49948	1.49948	1.49948	1.49948	
1.59948	1.59948	1.59948	1.59948	1.59948	1.59948	1.59948	1.59948	1.59948	1.59948	1.59948	1.59948	1.59948	1.59948	1.59948	1.59948	1.59948	1.59948	1.59948	1.59948	1.59948	1.59948	1.59948	1.59948	
1.69948	1.69948	1.69948	1.69948	1.69948	1.69948	1.69948	1.69948	1.69948	1.69948	1.69948	1.69948	1.69948	1.69948	1.69948	1.69948	1.69948	1.69948	1.69948	1.69948	1.69948	1.69948	1.69948	1.69948	
1.79948	1.79948	1.79948	1.79948	1.79948	1.79948	1.79948	1.79948	1.79948	1.79948	1.79948	1.79948	1.79948	1.79948	1.79948	1.79948	1.79948	1.79948	1.79948	1.79948	1.79948	1.79948	1.79948	1.79948	
1.89948	1.89948	1.89948	1.89948	1.89948	1.89948	1.89948	1.89948	1.89948	1.89948	1.89948	1.89948	1.89948	1.89948	1.89948	1.89948	1.89948	1.89948	1.89948	1.89948	1.89948	1.89948	1.89948	1.89948	
1.99948	1.99948	1.99948	1.99948	1.99948	1.99948	1.99948	1.99948	1.99948	1.99948	1.99948	1.99948	1.99948	1.99948	1.99948	1.99948	1.99948	1.99948	1.99948	1.99948	1.99948	1.99948	1.99948	1.99948	
2.09948	2.09948	2.09948	2.09948	2.09948	2.09948	2.09948	2.09948	2.09948	2.09948	2.09948	2.09948	2.09948	2.09948	2.09948	2.09948	2.09948	2.09948	2.09948	2.09948	2.09948	2.09948	2.09948	2.09948	
0.19895	0.19895	0.19895	0.19895	0.19895	0.19895	0.19895	0.19895	0.19895	0.19895	0.19895	0.19895	0.19895	0.19895	0.19895	0.19895	0.19895	0.19895	0.19895	0.19895	0.19895	0.19895	0.19895	0.19895	
0.29895	0.29895	0.29895	0.29895	0.29895	0.29895	0.29895	0.29895	0.29895	0.29895	0.29895	0.29895	0.29895	0.29895	0.29895	0.29895	0.29895	0.29895	0.29895	0.29895	0.29895	0.29895	0.29895	0.29895	
0.39895	0.39895	0.39895	0.39895	0.39895	0.39895	0.39895	0.39895	0.39895	0.39895	0.39895	0.39895	0.39895	0.39895	0.39895	0.39895	0.39895	0.39895	0.39895	0.39895	0.39895	0.39895	0.39895	0.39895	
0.49895	0.49895	0.49895	0.49895	0.49895	0.49895	0.49895	0.49895	0.49895	0.49895	0.49895	0.49895	0.49895	0.49895	0.49895	0.49895	0.49895	0.49895	0.49895	0.49895	0.49895	0.49895	0.49895	0.49895	
0.59895	0.59895	0.59895	0.59895	0.59895	0.59895	0.59895	0.59895	0.59895	0.59895	0.59895	0.59895	0.59895	0.59895	0.59895	0.59895	0.59895	0.59895	0.59895	0.59895	0.59895	0.59895	0.59895	0.59895	
0.69895	0.69895	0.69895	0.69895	0.69895	0.69895	0.69895	0.69895	0.69895	0.69895	0.69895	0.69895	0.69895	0.69895	0.69895	0.69895	0.69895	0.69895	0.69895	0.69895	0.69895	0.69895	0.69895	0.69895	
0.79895	0.79895	0.79895	0.79895	0.79895	0.79895	0.79895	0.79895	0.79895	0.79895	0.79895	0.79895	0.79895	0.79895	0.79895	0.79895	0.79895	0.79895	0.79895	0.79895	0.79895	0.79895	0.79895	0.79895	
0.89895	0.89895	0.89895	0.89895	0.89895	0.89895	0.89895	0.89895	0.89895	0.89895	0.89895	0.89895	0.89895	0.89895	0.89895	0.89895	0.89895	0.89895	0.89895	0.89895	0.89895	0.89895	0.89895	0.89895	
0.99895	0.99895	0.99895	0.99895	0.99895	0.99895	0.99895	0.99895	0.99895	0.99895	0.99895	0.99895	0.99895	0.99895	0.99895	0.99895	0.99895	0.99895	0.99895	0.99895	0.99895	0.99895	0.99895	0.99895	
1.09895	1.09895	1.09895	1.09895	1.09895	1.09895	1.09895	1.09895	1.09895	1.09895	1.09895	1.09895	1.09895	1.09895	1.09895	1.09895	1.09895	1.09895	1.09895	1.09895	1.09895	1.09895	1.09895	1.09895	
1.19895	1.19895	1.19895	1.19895	1.19895	1.19895	1.19895	1.19895	1.19895	1.19895	1.19895	1.19895	1.19895	1.19895	1.19895	1.19895	1.19895	1.19895	1.19895	1.19895	1.19895	1.19895	1.19895	1.19895	
1.29895	1.29895	1.29895	1.29895	1.29895	1.29895	1.29895	1.29895	1.29895	1.29895	1.29895	1.29895	1.29895	1.29895	1.29895	1.29895	1.29895	1.29895	1.29895	1.29895	1.29895	1.29895	1.29895	1.29895	
1.39895	1.39895	1.39895	1.39895	1.39895	1.39895	1.39895	1.39895	1.39895	1.39895	1.39895	1.39895	1.39895	1.39895	1.39895	1.39895	1.39895	1.39895	1.39895	1.39895	1.39895	1.39895	1.39895	1.39895	
1.49895	1.49895	1.49895	1.49895	1.49895	1.49895	1.49895	1.49895	1.49895	1.49895	1.49895	1.49895	1.49895	1.49895	1.49895	1.49895	1.49895	1.49895	1.49895	1.49895	1.49895	1.49895	1.49895	1.49895	
1.59895	1.59895	1.59895	1.59895	1.59895	1.59895	1.59895	1.59895	1.59895	1.59895	1.59895	1.59895	1.59895	1.59895	1.59895	1.59895	1.59895	1.59895	1.59895	1.59895	1.59895	1.59895	1.59895	1.59895	
1.69895	1.69895	1.69895	1.69895	1.69895	1.69895	1.69895	1.69895	1.69895	1.69895	1.69895	1.69895	1.69895	1.69895	1.69895	1.69895	1.69895	1.69895	1.69895	1.69895	1.69895	1.69895	1.69895	1.69895	
1.79895	1.79895	1.79895	1.79895	1.79895	1.79895	1.79895	1.79895	1.79895	1.79895	1.79895	1.79895	1.79895	1.79895	1.79895	1.79895	1.79895	1.79895	1.79895	1.79895	1.79895	1.79895	1.79895	1.79895	
1.89895	1.89895	1.89895	1.89895	1.89895	1.89895	1.89895	1.89895	1.89895	1.89895	1.89895	1.89895	1.89895	1.89895	1.89895	1.89895	1.89895	1.89895	1.89895	1.89895	1.89895	1.89895	1.89895	1.89895	
1.99895	1.99895	1.99895	1.99895	1.99895	1.99895	1.99895	1.99895	1.99895	1.99895	1.99895	1.99895	1.99895	1.99895	1.99895	1.99895	1.99895	1.99895	1.99895	1.99895	1.99895	1.99895	1.99895	1.99895	
2.09895	2.09895	2.09895	2.09895	2.09895	2.09895	2.09895	2.09895	2.09895	2.09895	2.09895	2.09895	2.09895	2.09895	2.09895	2.09895	2.09895	2.09895	2.09895	2.09895	2.09895	2.09895	2.09895	2.09895	
2.19895	2.19895	2.19895	2.19895	2.19895	2.19895	2.19895	2.19895	2.19895	2.19895	2.19895	2.19895	2.19895	2.19895	2.19895	2.19895	2.19895	2.19895	2.19895	2.19895	2.19895	2.19895	2.19895	2.19895	
0.29843	0.29843	0.29843	0.29843	0.29843	0.29843	0.29843	0.29843	0.29843	0.29843	0.29843	0.29843	0.29843	0.29843	0.29843	0.29843	0.29843	0.29843	0.29843	0.29843	0.29843	0.29843	0.29843	0.29843	
0.39843	0.39843	0.39843	0.39843	0.39843	0.39843	0.39843	0.39843	0.39843	0.39843	0.39843	0.39843	0.39843	0.39843	0.39843	0.39843	0.39843	0.39843	0.39843	0.39843	0.39843	0.39843	0.39843	0.39843	
0.49843	0.49843	0.49843	0.49843	0.49843	0.49843	0.49843	0.49843	0.49843	0.49843	0.49843	0.49843	0.49843	0.49843	0.49843	0.49843	0.49843	0.49843	0.49843	0.49843	0.49843	0.49843	0.49843	0.49843	
0.59843	0.59843	0.59843	0.59843	0.59843	0.59843	0.59843	0.59843	0.59843	0.59843	0.59843	0.59843	0.59843	0.59843	0.59843	0.59843	0.59843	0.59843	0.59843	0.59843	0.59843	0.59843	0.59843	0.59843	
0.69843	0.69843	0.69843	0.69843	0.69843	0.69843	0.69843	0.69843	0.69843	0.69843	0.69843	0.69843	0.69843	0.69843	0.69843	0.69843	0.69843	0.69843	0.69843	0.69843	0.69843	0.69843	0.69843	0.69843	
0.79843	0.79843	0.79843	0.79843	0.79843	0.79843	0.79843	0.79843	0.79843	0.79843	0.79843	0.79843	0.79843	0.79843	0.79843	0.79843	0.79843	0.79843	0.79843	0.79843	0.79843	0.79843	0.79843	0.79843	
0.89843	0.89843	0.89843	0.89843	0.89843	0.89843	0.89843	0.89843	0.89843	0.89843	0.89843	0.89843	0.89843	0.89843	0.89843	0.89843	0.89843	0.89843	0.89843	0.89843	0.89843	0.89843	0.89843	0.89843	
0.99843	0.99843	0.99843	0.99843	0.99843	0.99843	0.99843	0.99843	0.99843	0.99843	0.99843	0.99843	0.99843	0.99843	0.99843	0.99843	0.99843	0.99843	0.99843	0.99843	0.99843	0.99843	0.99843	0.99843	
1.09843	1.09843	1.09843	1.09843	1.09843	1.09843	1.09843	1.09843	1.09843	1.09843	1.09843	1.09843	1.09843	1.09843	1.09843	1.09843	1.09843	1.09843	1.09843	1.09843	1.09843	1.09843	1.09843	1.09843	
1.19843	1.19843	1.19843	1.19843	1.19843	1.19843	1.19843	1.19843	1.19843	1.19843	1.19843	1.19843	1.19843	1.19843	1.19843	1.19843	1.19843	1.19843	1.19843	1.19843	1.19843	1.19843	1.19843	1.19843	
1.29843	1.29843	1.29843	1.29843	1.29843	1.29843	1.29843	1.29843	1.29843	1.29843	1.29843	1.29843	1.29843	1.29843	1.29843	1.29843	1.29843	1.29843	1.29843	1.29843	1.29843	1.29843	1.29843	1.29843	
1.39843	1.39843	1.39843	1.39843	1.39843	1.39843	1.39843	1.39843	1.39843	1.39843	1.39843	1.39843	1.39843	1.39843	1.39843	1.39843	1.39843	1.39843	1.39843	1.39843	1.39843	1.39843	1.39843	1.39843	
1.49843	1.49843	1.49843	1.49843	1.49843	1.49843	1.49843	1.49843	1.49843	1.49843	1.49843	1.49843	1.49843	1.49843	1.49843	1.49843	1.49843	1.49843	1.49843	1.49843	1.49843	1.49843	1.49843	1.49843	
1.59843	1.59843	1.59843	1.59843	1.59843	1.59843	1.59843	1.59843	1.59843	1.59843	1.59843	1.59843	1.59843	1.59843	1.59843	1.59843	1.59843	1.59843	1.59843	1.59843	1.59843	1.59843	1.59843	1.59843	
1.69843	1.69843	1.69843	1.69843	1.69843	1.69843	1.69843	1.69843	1.69843	1.69843	1.69843	1.69843	1.69843	1.69843	1.69843	1.69843	1.69843	1.69843	1.69843	1.69843	1.69843	1.69843	1.69843	1.69843	
1.79843	1.79843	1.79843	1.79843	1.79843	1.79843	1.79843	1.79843	1.79843	1.79843	1.79843	1.79843	1.79843	1.79843	1.79843	1.79843	1.79843	1.79843	1.79843	1.79843	1.79843	1.79843	1.79843	1.79843	
1.89843	1.89843	1.89843	1.89843	1.89843	1.89843	1.89843	1.89843	1.89843	1.89843	1.89843	1.89843	1.89843	1.89843	1.89843	1.89843	1.89843	1.89843	1.89843	1.89843	1.89843	1.89843	1.89843	1.89843	
1.99843	1.99843	1.99843	1.99843	1.99843	1.99843	1.99843	1.99843	1.99843	1.99843	1.99843	1.99843	1.99843	1.99843	1.99843	1.99843	1.99843	1.99843	1.99843	1.99843	1.99843	1.99843	1.99843	1.99843	
2.09843	2.09843	2.09843	2.09843	2.09843	2.09843	2.09843	2.09843	2.09843	2.09843	2.09843	2.09843	2.09843	2.09843	2.09843	2.09843	2.09843	2.09843	2.09843	2.09843	2.09843	2.09843	2.09843	2.09843	
2.19843	2.19843	2.19843	2.19843	2.19843	2.19843	2.19843	2.19843	2.19843	2.19843	2.19843	2.19843	2.19843	2.19843	2.19843	2.19843	2.19843	2.19843	2.19843	2.19843	2.19843	2.19843	2.19843	2.19843	
2.29843	2.29843	2.29843	2.29843	2.29843	2.29843	2.29843	2.29843	2.29843	2.29843	2.29843	2.29843	2.29843	2.29843	2.29843	2.29843	2.29843	2.29843	2.29843	2.29843	2.29843	2.29843	2.29843	2.29843	
0.39791	0.39791	0.39791	0.39791	0.39791	0.39791	0.39791	0.39791	0.39791	0.39791	0.39791	0.39791	0.39791	0.39791	0.39791	0.39791	0.39791	0.39791	0.39791	0.39791	0.39791	0.39791	0.39791	0.39791	
0.49791	0.49791	0.49791	0.49791	0.49791	0.49791	0.49791	0.49791	0.49791	0.49791	0.49791	0.49791	0.49791	0.49791	0.49791	0.49791	0.49791	0.49791	0.49791	0.49791	0.49791	0.49791	0.49791	0.49791	
0.59791	0.59791	0.59791	0.59791	0.59791	0.59791	0.59791	0.59791	0.59791	0.59791	0.59791	0.59791	0.59791	0.59791	0.59791	0.59791	0.59791	0.59791	0.59791	0.59791	0.59791	0.59791	0.59791	0.59791	
0.69791	0.69791	0.69791	0.69791	0.69791	0.69791	0.69791	0.69791	0.69791	0.69791	0.69791	0.69791	0.69791	0.69791	0.69791	0.69791	0.69791	0.69791	0.69791	0.69791	0.69791	0.69791	0.69791	0.69791	
0.79791	0.79791	0.79791	0.79791	0.79791	0.79791	0.79791	0.79791	0.79791	0.79791	0.79791	0.79791	0.79791	0.79791	0.79791	0.79791	0.79791	0.79791	0.79791	0.79791	0.79791	0.79791	0.79791	0.79791	
0.89791	0.89791	0.89791	0.89791	0.89791	0.89791	0.89791	0.89791	0.89791	0.89791	0.89791	0.89791	0.89791	0.89791	0.89791	0.89791	0.89791	0.89791	0.89791	0.89791	0.89791	0.89791	0.89791	0.89791	
0.99791	0.99791	0.99791	0.99791	0.99791	0.99791	0.99791	0.99791	0.99791	0.99791	0.99791	0.99791	0.99791	0.99791	0.99791	0.99791	0.99791	0.99791	0.99791	0.99791	0.99791	0.99791	0.99791	0.99791	
1.09791	1.09791	1.09791	1.09791	1.09791	1.09791	1.09791	1.09791	1.09791	1.09791	1.09791	1.09791	1.09791	1.09791	1.09791	1.09791	1.09791	1.09791	1.09791	1.09791	1.09791	1.09791	1.09791	1.09791	
1.19791	1.19791	1.19791	1.19791	1.19791	1.19791	1.19791	1.19791	1.19791	1.19791	1.19791	1.19791	1.19791	1.19791	1.19791	1.19791	1.19791	1.19791	1.19791	1.19791	1.19791	1.19791	1.19791	1.19791	
1.29791	1.29791	1.29791	1.29791	1.29791	1.29791	1.29791	1.29791	1.29791	1.29791	1.29791	1.29791	1.29791	1.29791	1.29791	1.29791	1.29791	1.29791	1.29791	1.29791	1.29791	1.29791	1.29791	1.29791	
1.39791	1.39791	1.39791	1.39791	1.39791	1.39791	1.39791	1.39791	1.39791	1.39791	1.39791	1.39791	1.39791	1.39791	1.39791	1.39791	1.39791	1.39791	1.39791	1.39791	1.39791	1.39791	1.39791	1.39791	
1.49791	1.49791	1.49791	1.49791	1.49791	1.49791	1.49791	1.49791	1.49791	1.49791	1.49791	1.49791	1.49791	1.49791	1.49791	1.49791	1.49791	1.49791	1.49791	1.49791	1.49791	1.49791	1.49791	1.49791	
1.59791	1.59791	1.59791	1.59791	1.59791	1.59791	1.59791	1.59791	1.59791	1.59791	1.59791	1.59791	1.59791	1.59791	1.59791	1.59791	1.59791	1.59791	1.59791	1.59791	1.59791	1.59791	1.59791	1.59791	
1.69791	1.69791	1.69791	1.69791	1.69791	1.69791	1.69791	1.69791	1.69791	1.69791	1.69791	1.69791	1.69791	1.69791	1.69791	1.69791	1.69791	1.69791	1.69791	1.69791	1.69791	1.69791	1.69791	1.69791	
1.79791	1.79791	1.79791	1.79791	1.79791	1.79791	1.79791	1.79791	1.79791	1.79791	1.79791	1.79791	1.79791	1.79791	1.79791	1.79791	1.79791	1.79791	1.79791	1.79791	1.79791	1.79791	1.79791	1.79791	
1.89791	1.89791	1.89791	1.89791	1.89791	1.89791	1.89791	1.89791	1.89791	1.89791	1.89791	1.89791	1.89791	1.89791	1.89791	1.89791	1.89791	1.89791	1.89791	1.89791	1.89791	1.89791	1.89791	1.89791	
1.99791	1.99791	1.99791	1.99791	1.99791	1.99791	1.99791	1.99791	1.99791	1.99791	1.99791	1.99791	1.99791	1.99791	1.99791	1.99791	1.99791	1.99791	1.99791	1.99791	1.99791	1.99791	1.99791	1.99791	
2.09791	2.09791	2.09791	2.09791	2.09791	2.09791	2.09791	2.09791	2.09791	2.09791	2.09791	2.09791	2.09791	2.09791	2.09791	2.09791	2.09791	2.09791	2.09791	2.09791	2.09791	2.09791	2.09791	2.09791	
2.19791	2.19791	2.19791	2.19791	2.19791	2.19791	2.19791	2.19791	2.19791	2.19791	2.19791	2.19791	2.19791	2.19791	2.19791	2.19791	2.19791	2.19791	2.19791	2.19791	2.19791	2.19791	2.19791	2.19791	
2.29791	2.29791	2.29791	2.29791	2.29791	2.29791	2.29791	2.29791	2.29791	2.29791	2.29791	2.29791	2.29791	2.29791	2.29791	2.29791	2.29791	2.29791	2.29791	2.29791	2.29791	2.29791	2.29791	2.29791	
2.39791	2.39791	2.39791	2.39791	2.39791	2.39791	2.39791	2.39791	2.39791	2.39791	2.39791	2.39791	2.39791	2.39791	2.39791	2.39791	2.39791	2.39791	2.39791	2.39791	2.39791	2.39791	2.39791	2.39791	
0.49738	0.49738	0.49738	0.49738	0.49738	0.49738	0.49738	0.49738	0.49738	0.49738	0.49738	0.49738	0.49738	0.49738	0.49738	0.49738	0.49738	0.49738	0.49738	0.49738	0.49738	0.49738	0.49738	0.49738	
0.59738	0.59738	0.59738	0.59738	0.59738	0.59738	0.59738	0.59738	0.59738	0.59738	0.59738	0.59738	0.59738	0.59738	0.59738	0.59738	0.59738	0.59738	0.59738	0.59738	0.59738	0.59738	0.59738	0.59738	
0.69738	0.69738	0.69738	0.69738	0.69738	0.69738	0.69738	0.69738	0.69738	0.69738	0.69738	0.69738	0.69738	0.69738	0.69738	0.69738	0.69738	0.69738	0.69738	0.69738	0.69738	0.69738	0.69738	0.69738	
0.79738	0.79738	0.79738	0.79738	0.79738	0.79738	0.79738	0.79738	0.79738	0.79738	0.79738	0.79738	0.79738	0.79738	0.79738	0.79738	0.79738	0.79738	0.79738	0.79738	0.79738	0.79738	0.79738	0.79738	
0.89738	0.89738	0.89738	0.89738	0.89738	0.89738	0.89738	0.89738	0.89738	0.89738	0.89738	0.89738	0.89738	0.89738	0.89738	0.89738	0.89738	0.89738	0.89738	0.89738	0.89738	0.89738	0.89738	0.89738	
0.99738	0.99738	0.99738	0.99738	0.99738	0.99738	0.99738	0.99738	0.99738	0.99738	0.99738	0.99738	0.99738	0.99738	0.99738	0.99738	0.99738	0.99738	0.99738	0.99738	0.99738	0.99738	0.99738	0.99738	
1.09738	1.09738	1.09738	1.09738	1.09738	1.09738	1.09738	1.09738	1.09738	1.09738	1.09738	1.09738	1.09738	1.09738	1.09738	1.09738	1.09738	1.09738	1.09738	1.09738	1.09738	1.09738	1.09738	1.09738	
1.19738	1.19738	1.19738	1.19738	1.19738	1.19738	1.19738	1.19738	1.19738	1.19738	1.19738	1.19738	1.19738	1.19738	1.19738	1.19738	1.19738	1.19738	1.19738	1.19738	1.19738	1.19738	1.19738	1.19738	
1.29738	1.29738	1.29738	1.29738	1.29738	1.29738	1.29738	1.29738	1.29738	1.29738	1.29738	1.29738	1.29738	1.29738	1.29738	1.29738	1.29738	1.29738	1.29738	1.29738	1.29738	1.29738	1.29738	1.29738	
1.39738	1.39738	1.39738	1.39738	1.39738	1.39738	1.39738	1.39738	1.39738	1.39738	1.39738	1.39738	1.39738	1.39738	1.39738	1.39738	1.39738	1.39738	1.39738	1.39738	1.39738	1.39738	1.39738	1.39738	
1.49738	1.49738	1.49738	1.49738	1.49738	1.49738	1.49738	1.49738	1.49738	1.49738	1.49738	1.49738	1.49738	1.49738	1.49738	1.49738	1.49738	1.49738	1.49738	1.49738	1.49738	1.49738	1.49738	1.49738	
1.59738	1.59738	1.59738	1.59738	1.59738	1.59738	1.59738	1.59738	1.59738	1.59738	1.59738	1.59738	1.59738	1.59738	1.59738	1.59738	1.59738	1.59738	1.59738	1.59738	1.59738	1.59738	1.59738	1.59738	
1.69738	1.69738	1.69738	1.69738	1.69738	1.69738	1.69738	1.69738	1.69738	1.69738	1.69738	1.69738	1.69738	1.69738	1.69738	1.69738	1.69738	1.69738	1.69738	1.69738	1.69738	1.69738	1.69738	1.69738	
1.79738	1.79738	1.79738	1.79738	1.79738	1.79738	1.79738	1.79738	1.79738	1.79738	1.79738	1.79738	1.79738	1.79738	1.79738	1.79738	1.79738	1.79738	1.79738	1.79738	1.79738	1.79738	1.79738	1.79738	
1.89738	1.89738	1.89738	1.89738	1.89738	1.89738	1.89738	1.89738	1.89738	1.89738	1.89738	1.89738	1.89738	1.89738	1.89738	1.89738	1.89738	1.89738	1.89738	1.89738	1.89738	1.89738	1.89738	1.89738	
1.99738	1.99738	1.99738	1.99738	1.99738	1.99738	1.99738	1.99738	1.99738	1.99738	1.99738	1.99738	1.99738	1.99738	1.99738	1.99738	1.99738	1.99738	1.99738	1.99738	1.99738	1.99738	1.99738	1.99738	
2.09738	2.09738	2.09738	2.09738	2.09738	2.09738	2.09738	2.09738	2.09738	2.09738	2.09738	2.09738	2.09738	2.09738	2.09738	2.09738	2.09738	2.09738	2.09738	2.09738	2.09738	2.09738	2.09738	2.09738	
2.19738	2.19738	2.19738	2.19738	2.19738	2.19738	2.19738	2.19738	2.19738	2.19738	2.19738	2.19738	2.19738	2.19738	2.19738	2.19738	2.19738	2.19738	2.19738	2.19738	2.19738	2.19738	2.19738	2.19738	
2.29738	2.29738	2.29738	2.29738	2.29738	2.29738	2.29738	2.29738	2.29738	2.29738	2.29738	2.29738	2.29738	2.29738	2.29738	2.29738	2.29738	2.29738	2.29738	2.29738	2.29738	2.29738	2.29738	2.29738	
2.39738	2.39738	2.39738	2.39738	2.39738	2.39738	2.39738	2.39738	2.39738	2.39738	2.39738	2.39738	2.39738	2.39738	2.39738	2.39738	2.39738	2.39738	2.39738	2.39738	2.39738	2.39738	2.39738	2.39738	
2.49738	2.49738	2.49738	2.49738	2.49738	2.49738	2.49738	2.49738	2.49738	2.49738	2.49738	2.49738	2.49738	2.49738	2.49738	2.49738	2.49738	2.49738	2.49738	2.49738	2.49738	2.49738	2.49738	2.49738	
0.59686	0.59686	0.59686	0.59686	0.59686	0.59686	0.59686	0.59686	0.59686	0.59686	0.59686	0.59686	0.59686	0.59686	0.59686	0.59686	0.59686	0.59686	0.59686	0.59686	0.59686	0.59686	0.59686	0.59686	
0.69686	0.69686	0.69686	0.69686	0.69686	0.69686	0.69686	0.69686	0.69686	0.69686	0.69686	0.69686	0.69686	0.69686	0.69686	0.69686	0.69686	0.69686	0.69686	0.69686	0.69686	0.69686	0.69686	0.69686	
0.79686	0.79686	0.79686	0.79686	0.79686	0.79686	0.79686	0.79686	0.79686	0.79686	0.79686	0.79686	0.79686	0.79686	0.79686	0.79686	0.79686	0.79686	0.79686	0.79686	0.79686	0.79686	0.79686	0.79686	
0.89686	0.89686	0.89686	0.89686	0.89686	0.89686	0.89686	0.89686	0.89686	0.89686	0.89686	0.89686	0.89686	0.89686	0.89686	0.89686	0.89686	0.89686	0.89686	0.89686	0.89686	0.89686	0.89686	0.89686	
0.99686	0.99686	0.99686	0.99686	0.99686	0.99686	0.99686	0.99686	0.99686	0.99686	0.99686	0.99686	0.99686	0.99686	0.99686	0.99686	0.99686	0.99686	0.99686	0.99686	0.99686	0.99686	0.99686	0.99686	
1.09686	1.09686	1.09686	1.09686	1.09686	1.09686	1.09686	1.09686	1.09686	1.09686	1.09686	1.09686	1.09686	1.09686	1.09686	1.09686	1.09686	1.09686	1.09686	1.09686	1.09686	1.09686	1.09686	1.09686	
1.19686	1.19686	1.19686	1.19686	1.19686	1.19686	1.19686	1.19686	1.19686	1.19686	1.19686	1.19686	1.19686	1.19686	1.19686	1.19686	1.19686	1.19686	1.19686	1.19686	1.19686	1.19686	1.19686	1.19686	
1.29686	1.29686	1.29686	1.29686	1.29686	1.29686	1.29686	1.29686	1.29686	1.29686	1.29686	1.29686	1.29686	1.29686	1.29686	1.29686	1.29686	1.29686	1.29686	1.29686	1.29686	1.29686	1.29686	1.29686	
1.39686	1.39686	1.39686	1.39686	1.39686	1.39686	1.39686	1.39686	1.39686	1.39686	1.39686	1.39686	1.39686	1.39686	1.39686	1.39686	1.39686	1.39686	1.39686	1.39686	1.39686	1.39686	1.39686	1.39686	
1.49686	1.49686	1.49686	1.49686	1.49686	1.49686	1.49686	1.49686	1.49686	1.49686	1.49686	1.49686	1.49686	1.49686	1.49686	1.49686	1.49686	1.49686	1.49686	1.49686	1.49686	1.49686	1.49686	1.49686	
1.59686	1.59686	1.59686	1.59686	1.59686	1.59686	1.59686	1.59686	1.59686	1.59686	1.59686	1.59686	1.59686	1.59686	1.59686	1.59686	1.59686	1.59686	1.59686	1.59686	1.59686	1.59686	1.59686	1.59686	
1.69686	1.69686	1.69686	1.69686	1.69686	1.69686	1.69686	1.69686	1.69686	1.69686	1.69686	1.69686	1.69686	1.69686	1.69686	1.69686	1.69686	1.69686	1.69686	1.69686	1.69686	1.69686	1.69686	1.69686	
1.79686	1.79686	1.79686	1.79686	1.79686	1.79686	1.79686	1.79686	1.79686	1.79686	1.79686	1.79686	1.79686	1.79686	1.79686	1.79686	1.79686	1.79686	1.79686	1.79686	1.79686	1.79686	1.79686	1.79686	
1.89686	1.89686	1.89686	1.89686	1.89686	1.89686	1.89686	1.89686	1.89686	1.89686	1.89686	1.89686	1.89686	1.89686	1.89686	1.89686	1.89686	1.89686	1.89686	1.89686	1.89686	1.89686	1.89686	1.89686	
1.99686	1.99686	1.99686	1.99686	1.99686	1.99686	1.99686	1.99686	1.99686	1.99686	1.99686	1.99686	1.99686	1.99686	1.99686	1.99686	1.99686	1.99686	1.99686	1.99686	1.99686	1.99686	1.99686	1.99686	
2.09686	2.09686	2.09686	2.09686	2.09686	2.09686	2.09686	2.09686	2.09686	2.09686	2.09686	2.09686	2.09686	2.09686	2.09686	2.09686	2.09686	2.09686	2.09686	2.09686	2.09686	2.09686	2.09686	2.09686	
2.19686	2.19686	2.19686	2.19686	2.19686	2.19686	2.19686	2.19686	2.19686	2.19686	2.19686	2.19686	2.19686	2.19686	2.19686	2.19686	2.19686	2.19686	2.19686	2.19686	2.19686	2.19686	2.19686	2.19686	
2.29686	2.29686	2.29686	2.29686	2.29686	2.29686	2.29686	2.29686	2.29686	2.29686	2.29686	2.29686	2.29686	2.29686	2.29686	2.29686	2.29686	2.29686	2.29686	2.29686	2.29686	2.29686	2.29686	2.29686	
2.39686	2.39686	2.39686	2.39686	2.39686	2.39686	2.39686	2.39686	2.39686	2.39686	2.39686	2.39686	2.39686	2.39686	2.39686	2.39686	2.39686	2.39686	2.39686	2.39686	2.39686	2.39686	2.39686	2.39686	
2.49686	2.49686	2.49686	2.49686	2.49686	2.49686	2.49686	2.49686	2.49686	2.49686	2.49686	2.49686	2.49686	2.49686	2.49686	2.49686	2.49686	2.49686	2.49686	2.49686	2.49686	2.49686	2.49686	2.49686	
2.59686	2.59686	2.59686	2.59686	2.59686	2.59686	2.59686	2.59686	2.59686	2.59686	2.59686	2.59686	2.59686	2.59686	2.59686	2.59686	2.59686	2.59686	2.59686	2.59686	2.59686	2.59686	2.59686	2.59686	
0.69633	0.69633	0.69633	0.69633	0.69633	0.69633	0.69633	0.69633	0.69633	0.69633	0.69633	0.69633	0.69633	0.69633	0.69633	0.69633	0.69633	0.69633	0.69633	0.69633	0.69633	0.69633	0.69633	0.69633	
0.79633	0.79633	0.79633	0.79633	0.79633	0.79633	0.79633	0.79633	0.79633	0.79633	0.79633	0.79633	0.79633	0.79633	0.79633	0.79633	0.79633	0.79633	0.79633	0.79633	0.79633	0.79633	0.79633	0.79633	
0.89633	0.89633	0.89633	0.89633	0.89633	0.89633	0.89633	0.89633	0.89633	0.89633	0.89633	0.89633	0.89633	0.89633	0.89633	0.89633	0.89633	0.89633	0.89633	0.89633	0.89633	0.89633	0.89633	0.89633	
0.99633	0.99633	0.99633	0.99633	0.99633	0.99633	0.99633	0.99633	0.99633	0.99633	0.99633	0.99633	0.99633	0.99633	0.99633	0.99633	0.99633	0.99633	0.99633	0.99633	0.99633	0.99633	0.99633	0.99633	
1.09633	1.09633	1.09633	1.09633	1.09633	1.09633	1.09633	1.09633	1.09633	1.09633	1.09633	1.09633	1.09633	1.09633	1.09633	1.09633	1.09633	1.09633	1.09633	1.09633	1.09633	1.09633	1.09633	1.09633	
1.19633	1.19633	1.19633	1.19633	1.19633	1.19633	1.19633	1.19633	1.19633	1.19633	1.19633	1.19633	1.19633	1.19633	1.19633	1.19633	1.19633	1.19633	1.19633	1.19633	1.19633	1.19633	1.19633	1.19633	
1.29633	1.29633	1.29633	1.29633	1.29633	1.29633	1.29633	1.29633	1.29633	1.29633	1.29633	1.29633	1.29633	1.29633	1.29633	1.29633	1.29633	1.29633	1.29633	1.29633	1.29633	1.29633	1.29633	1.29633	
1.39633	1.39633	1.39633	1.39633	1.39633	1.39633	1.39633	1.39633	1.39633	1.39633	1.39633	1.39633	1.39633	1.39633	1.39633	1.39633	1.39633	1.39633	1.39633	1.39633	1.39633	1.39633	1.39633	1.39633	
1.49633	1.49633	1.49633	1.49633	1.49633	1.49633	1.49633	1.49633	1.49633	1.49633	1.49633	1.49633	1.49633	1.49633	1.49633	1.49633	1.49633	1.49633	1.49633	1.49633	1.49633	1.49633	1.49633	1.49633	
1.59633	1.59633	1.59633	1.59633	1.59633	1.59633	1.59633	1.59633	1.59633	1.59633	1.59633	1.59633	1.59633	1.59633	1.59633	1.59633	1.59633	1.59633	1.59633	1.59633	1.59633	1.59633	1.59633	1.59633	
1.69633	1.69633	1.69633	1.69633	1.69633	1.69633	1.69633	1.69633	1.69633	1.69633	1.69633	1.69633	1.69633	1.69633	1.69633	1.69633	1.69633	1.69633	1.69633	1.69633	1.69633	1.69633	1.69633	1.69633	
1.79633	1.79633	1.79633	1.79633	1.79633	1.79633	1.79633	1.79633	1.79633	1.79633	1.79633	1.79633	1.79633	1.79633	1.79633	1.79633	1.79633	1.79633	1.79633	1.79633	1.79633	1.79633	1.79633	1.79633	
1.89633	1.89633	1.89633	1.89633	1.89633	1.89633	1.89633	1.89633	1.89633	1.89633	1.89633	1.89633	1.89633	1.89633	1.89633	1.89633	1.89633	1.89633	1.89633	1.89633	1.89633	1.89633	1.89633	1.89633	
1.99633	1.99633	1.99633	1.99633	1.99633	1.99633	1.99633	1.99633	1.99633	1.99633	1.99633	1.99633	1.99633	1.99633	1.99633	1.99633	1.99633	1.99633	1.99633	1.99633	1.99633	1.99633	1.99633	1.99633	
2.09633	2.09633	2.09633	2.09633	2.09633	2.09633	2.09633	2.09633	2.09633	2.09633	2.09633	2.09633	2.09633	2.09633	2.09633	2.09633	2.09633	2.09633	2.09633	2.09633	2.09633	2.09633	2.09633	2.09633	
2.19633	2.19633	2.19633	2.19633	2.19633	2.19633	2.19633	2.19633	2.19633	2.19633	2.19633	2.19633	2.19633	2.19633	2.19633	2.19633	2.19633	2.19633	2.19633	2.19633	2.19633	2.19633	2.19633	2.19633	
2.29633	2.29633	2.29633	2.29633	2.29633	2.29633	2.29633	2.29633	2.29633	2.29633	2.29633	2.29633	2.29633	2.29633	2.29633	2.29633	2.29633	2.29633	2.29633	2.29633	2.29633	2.29633	2.29633	2.29633	
2.39633	2.39633	2.39633	2.39633	2.39633	2.39633	2.39633	2.39633	2.39633	2.39633	2.39633	2.39633	2.39633	2.39633	2.39633	2.39633	2.39633	2.39633	2.39633	2.39633	2.39633	2.39633	2.39633	2.39633	
2.49633	2.49633	2.49633	2.49633	2.49633	2.49633	2.49633	2.49633	2.49633	2.49633	2.49633	2.49633	2.49633	2.49633	2.49633	2.49633	2.49633	2.49633	2.49633	2.49633	2.49633	2.49633	2.49633	2.49633	
2.59633	2.59633	2.59633	2.59633	2.59633	2.59633	2.59633	2.59633	2.59633	2.59633	2.59633	2.59633	2.59633	2.59633	2.59633	2.59633	2.59633	2.59633	2.59633	2.59633	2.59633	2.59633	2.59633	2.59633	
2.69633	2.69633	2.69633	2.69633	2.69633	2.69633	2.69633	2.69633	2.69633	2.69633	2.69633	2.69633	2.69633	2.69633	2.69633	2.69633	2.69633	2.69633	2.69633	2.69633	2.69633	2.69633	2.69633	2.69633	
0.79581	0.79581	0.79581	0.79581	0.79581	0.79581	0.79581	0.79581	0.79581	0.79581	0.79581	0.79581	0.79581	0.79581	0.79581	0.79581	0.79581	0.79581	0.79581	0.79581	0.79581	0.79581	0.79581	0.79581	
0.89581	0.89581	0.89581	0.89581	0.89581	0.89581	0.89581	0.89581	0.89581	0.89581	0.89581	0.89581	0.89581	0.89581	0.89581	0.89581	0.89581	0.89581	0.89581	0.89581	0.89581	0.89581	0.89581	0.89581	
0.99581	0.99581	0.99581	0.99581	0.99581	0.99581	0.99581	0.99581	0.99581	0.99581	0.99581	0.99581	0.99581	0.99581	0.99581	0.99581	0.99581	0.99581	0.99581	0.99581	0.99581	0.99581	0.99581	0.99581	
1.09581	1.09581	1.09581	1.09581	1.09581	1.09581	1.09581	1.09581	1.09581	1.09581	1.09581	1.09581	1.09581	1.09581	1.09581	1.09581	1.09581	1.09581	1.09581	1.09581	1.09581	1.09581	1.09581	1.09581	
1.19581	1.19581	1.19581	1.19581	1.19581	1.19581	1.19581	1.19581	1.19581	1.19581	1.19581	1.19581	1.19581	1.19581	1.19581	1.19581	1.19581	1.19581	1.19581	1.19581	1.19581	1.19581	1.19581	1.19581	
1.29581	1.29581	1.29581	1.29581	1.29581	1.29581	1.29581	1.29581	1.29581	1.29581	1.29581	1.29581	1.29581	1.29581	1.29581	1.29581	1.29581	1.29581	1.29581	1.29581	1.29581	1.29581	1.29581	1.29581	
1.39581	1.39581	1.39581	1.39581	1.39581	1.39581	1.39581	1.39581	1.39581	1.39581	1.39581	1.39581	1.39581	1.39581	1.39581	1.39581	1.39581	1.39581	1.39581	1.39581	1.39581	1.39581	1.39581	1.39581	
1.49581	1.49581	1.49581	1.49581	1.49581	1.49581	1.49581	1.49581	1.49581	1.49581	1.49581	1.49581	1.49581	1.49581	1.49581	1.49581	1.49581	1.49581	1.49581	1.49581	1.49581	1.49581	1.49581	1.49581	
1.59581	1.59581	1.59581	1.59581	1.59581	1.59581	1.59581	1.59581	1.59581	1.59581	1.59581	1.59581	1.59581	1.59581	1.59581	1.59581	1.59581	1.59581	1.59581	1.59581	1.59581	1.59581	1.59581	1.59581	
1.69581	1.69581	1.69581	1.69581	1.69581	1.69581	1.69581	1.69581	1.69581	1.69581	1.69581	1.69581	1.69581	1.69581	1.69581	1.69581	1.69581	1.69581	1.69581	1.69581	1.69581	1.69581	1.69581	1.69581	
1.79581	1.79581	1.79581	1.79581	1.79581	1.79581	1.79581	1.79581	1.79581	1.79581	1.79581	1.79581	1.79581	1.79581	1.79581	1.79581	1.79581	1.79581	1.79581	1.79581	1.79581	1.79581	1.79581	1.79581	
1.89581	1.89581	1.89581	1.89581	1.89581	1.89581	1.89581	1.89581	1.89581	1.89581	1.89581	1.89581	1.89581	1.89581	1.89581	1.89581	1.89581	1.89581	1.89581	1.89581	1.89581	1.89581	1.89581	1.89581	
1.99581	1.99581	1.99581	1.99581	1.99581	1.99581	1.99581	1.99581	1.99581	1.99581	1.99581	1.99581	1.99581	1.99581	1.99581	1.99581	1.99581	1.99581	1.99581	1.99581	1.99581	1.99581	1.99581	1.99581	
2.09581	2.09581	2.09581	2.09581	2.09581	2.09581	2.09581	2.09581	2.09581	2.09581	2.09581	2.09581	2.09581	2.09581	2.09581	2.09581	2.09581	2.09581	2.09581	2.09581	2.09581	2.09581	2.09581	2.09581	
2.19581	2.19581	2.19581	2.19581	2.19581	2.19581	2.19581	2.19581	2.19581	2.19581	2.19581	2.19581	2.19581	2.19581	2.19581	2.19581	2.19581	2.19581	2.19581	2.19581	2.19581	2.19581	2.19581	2.19581	
2.29581	2.29581	2.29581	2.29581	2.29581	2.29581	2.29581	2.29581	2.29581	2.29581	2.29581	2.29581	2.29581	2.29581	2.29581	2.29581	2.29581	2.29581	2.29581	2.29581	2.29581	2.29581	2.29581	2.29581	
2.39581	2.39581	2.39581	2.39581	2.39581	2.39581	2.39581	2.39581	2.39581	2.39581	2.39581	2.39581	2.39581	2.39581	2.39581	2.39581	2.39581	2.39581	2.39581	2.39581	2.39581	2.39581	2.39581	2.39581	
2.49581	2.49581	2.49581	2.49581	2.49581	2.49581	2.49581	2.49581	2.49581	2.49581	2.49581	2.49581	2.49581	2.49581	2.49581	2.49581	2.49581	2.49581	2.49581	2.49581	2.49581	2.49581	2.49581	2.49581	
2.59581	2.59581	2.59581	2.59581	2.59581	2.59581	2.59581	2.59581	2.59581	2.59581	2.59581	2.59581	2.59581	2.59581	2.59581	2.59581	2.59581	2.59581	2.59581	2.59581	2.59581	2.59581	2.59581	2.59581	
2.69581	2.69581	2.69581	2.69581	2.69581	2.69581	2.69581	2.69581	2.69581	2.69581	2.69581	2.69581	2.69581	2.69581	2.69581	2.69581	2.69581	2.69581	2.69581	2.69581	2.69581	2.69581	2.69581	2.69581	
2.79581	2.79581	2.79581	2.79581	2.79581	2.79581	2.79581	2.79581	2.79581	2.79581	2.79581	2.79581	2.79581	2.79581	2.79581	2.79581	2.79581	2.79581	2.79581	2.79581	2.79581	2.79581	2.79581	2.79581	
0.89529	0.89529	0.89529	0.89529	0.89529	0.89529	0.89529	0.89529	0.89529	0.89529	0.89529	0.89529	0.89529	0.89529	0.89529	0.89529	0.89529	0.89529	0.89529	0.89529	0.89529	0.89529	0.89529	0.89529	
0.99529	0.99529	0.99529	0.99529	0.99529	0.99529	0.99529	0.99529	0.99529	0.99529	0.99529	0.99529	0.99529	0.99529	0.99529	0.99529	0.99529	0.99529	0.99529	0.99529	0.99529	0.99529	0.99529	0.99529	
1.09529	1.09529	1.09529	1.09529	1.09529	1.09529	1.09529	1.09529	1.09529	1.09529	1.09529	1.09529	1.09529	1.09529	1.09529	1.09529	1.09529	1.09529	1.09529	1.09529	1.09529	1.09529	1.09529	1.09529	
1.19529	1.19529	1.19529	1.19529	1.19529	1.19529	1.19529	1.19529	1.19529	1.19529	1.19529	1.19529	1.19529	1.19529	1.19529	1.19529	1.19529	1.19529	1.19529	1.19529	1.19529	1.19529	1.19529	1.19529	
1.29529	1.29529	1.29529	1.29529	1.29529	1.29529	1.29529	1.29529	1.29529	1.29529	1.29529	1.29529	1.29529	1.29529	1.29529	1.29529	1.29529	1.29529	1.29529	1.29529	1.29529	1.29529	1.29529	1.29529	
1.39529	1.39529	1.39529	1.39529	1.39529	1.39529	1.39529	1.39529	1.39529	1.39529	1.39529	1.39529	1.39529	1.39529	1.39529	1.39529	1.39529	1.39529	1.39529	1.39529	1.39529	1.39529	1.39529	1.39529	
1.49529	1.49529	1.49529	1.49529	1.49529	1.49529	1.49529	1.49529	1.49529	1.49529	1.49529	1.49529	1.49529	1.49529	1.49529	1.49529	1.49529	1.49529	1.49529	1.49529	1.49529	1.49529	1.49529	1.49529	
1.59529	1.59529	1.59529	1.59529	1.59529	1.59529	1.59529	1.59529	1.59529	1.59529	1.59529	1.59529	1.59529	1.59529	1.59529	1.59529	1.59529	1.59529	1.59529	1.59529	1.59529	1.59529	1.59529	1.59529	
1.69529	1.69529	1.69529	1.69529	1.69529	1.69529	1.69529	1.69529	1.69529	1.69529	1.69529	1.69529	1.69529	1.69529	1.69529	1.69529	1.69529	1.69529	1.69529	1.69529	1.69529	1.69529	1.69529	1.69529	
1.79529	1.79529	1.79529	1.79529	1.79529	1.79529	1.79529	1.79529	1.79529	1.79529	1.79529	1.79529	1.79529	1.79529	1.79529	1.79529	1.79529	1.79529	1.79529	1.79529	1.79529	1.79529	1.79529	1.79529	
1.89529	1.89529	1.89529	1.89529	1.89529	1.89529	1.89529	1.89529	1.89529	1.89529	1.89529	1.89529	1.89529	1.89529	1.89529	1.89529	1.89529	1.89529	1.89529	1.89529	1.89529	1.89529	1.89529	1.89529	
1.99529	1.99529	1.99529	1.99529	1.99529	1.99529	1.99529	1.99529	1.99529	1.99529	1.99529	1.99529	1.99529	1.99529	1.99529	1.99529	1.99529	1.99529	1.99529	1.99529	1.99529	1.99529	1.99529	1.99529	
2.09529	2.09529	2.09529	2.09529	2.09529	2.09529	2.09529	2.09529	2.09529	2.09529	2.09529	2.09529	2.09529	2.09529	2.09529	2.09529	2.09529	2.09529	2.09529	2.09529	2.09529	2.09529	2.09529	2.09529	
2.19529	2.19529	2.19529	2.19529	2.19529	2.19529	2.19529	2.19529	2.19529	2.19529	2.19529	2.19529	2.19529	2.19529	2.19529	2.19529	2.19529	2.19529	2.19529	2.19529	2.19529	2.19529	2.19529	2.19529	
2.29529	2.29529	2.29529	2.29529	2.29529	2.29529	2.29529	2.29529	2.29529	2.29529	2.29529	2.29529	2.29529	2.29529	2.29529	2.29529	2.29529	2.29529	2.29529	2.29529	2.29529	2.29529	2.29529	2.29529	
2.39529	2.39529	2.39529	2.39529	2.39529	2.39529	2.39529	2.39529	2.39529	2.39529	2.39529	2.39529	2.39529	2.39529	2.39529	2.39529	2.39529	2.39529	2.39529	2.39529	2.39529	2.39529	2.39529	2.39529	
2.49529	2.49529	2.49529	2.49529	2.49529	2.49529	2.49529	2.49529	2.49529	2.49529	2.49529	2.49529	2.49529	2.49529	2.49529	2.49529	2.49529	2.49529	2.49529	2.49529	2.49529	2.49529	2.49529	2.49529	
2.59529	2.59529	2.59529	2.59529	2.59529	2.59529	2.59529	2.59529	2.59529	2.59529	2.59529	2.59529	2.59529	2.59529	2.59529	2.59529	2.59529	2.59529	2.59529	2.59529	2.59529	2.59529	2.59529	2.59529	
2.69529	2.69529	2.69529	2.69529	2.69529	2.69529	2.69529	2.69529	2.69529	2.69529	2.69529	2.69529	2.69529	2.69529	2.69529	2.69529	2.69529	2.69529	2.69529	2.69529	2.69529	2.69529	2.69529	2.69529	
2.79529	2.79529	2.79529	2.79529	2.79529	2.79529	2.79529	2.79529	2.79529	2.79529	2.79529	2.79529	2.79529	2.79529	2.79529	2.79529	2.79529	2.79529	2.79529	2.79529	2.79529	2.79529	2.79529	2.79529	
2.89529	2.89529	2.89529	2.89529	2.89529	2.89529	2.89529	2.89529	2.89529	2.89529	2.89529	2.89529	2.89529	2.89529	2.89529	2.89529	2.89529	2.89529	2.89529	2.89529	2.89529	2.89529	2.89529	2.89529	
0.99476	0.99476	0.99476	0.99476	0.99476	0.99476	0.99476	0.99476	0.99476	0.99476	0.99476	0.99476	0.99476	0.99476	0.99476	0.99476	0.99476	0.99476	0.99476	0.99476	0.99476	0.99476	0.99476	0.99476	
1.09476	1.09476	1.09476	1.09476	1.09476	1.09476	1.09476	1.09476	1.09476	1.09476	1.09476	1.09476	1.09476	1.09476	1.09476	1.09476	1.09476	1.09476	1.09476	1.09476	1.09476	1.09476	1.09476	1.09476	
1.19476	1.19476	1.19476	1.19476	1.19476	1.19476	1.19476	1.19476	1.19476	1.19476	1.19476	1.19476	1.19476	1.19476	1.19476	1.19476	1.19476	1.19476	1.19476	1.19476	1.19476	1.19476	1.19476	1.19476	
1.29476	1.29476	1.29476	1.29476	1.29476	1.29476	1.29476	1.29476	1.29476	1.29476	1.29476	1.29476	1.29476	1.29476	1.29476	1.29476	1.29476	1.29476	1.29476	1.29476	1.29476	1.29476	1.29476	1.29476	
1.39476	1.39476	1.39476	1.39476	1.39476	1.39476	1.39476	1.39476	1.39476	1.39476	1.39476	1.39476	1.39476	1.39476	1.39476	1.39476	1.39476	1.39476	1.39476	1.39476	1.39476	1.39476	1.39476	1.39476	
1.49476	1.49476	1.49476	1.49476	1.49476	1.49476	1.49476	1.49476	1.49476	1.49476	1.49476	1.49476	1.49476	1.49476	1.49476	1.49476	1.49476	1.49476	1.49476	1.49476	1.49476	1.49476	1.49476	1.49476	
1.59476	1.59476	1.59476	1.59476	1.59476	1.59476	1.59476	1.59476	1.59476	1.59476	1.59476	1.59476	1.59476	1.59476	1.59476	1.59476	1.59476	1.59476	1.59476	1.59476	1.59476	1.59476	1.59476	1.59476	
1.69476	1.69476	1.69476	1.69476	1.69476	1.69476	1.69476	1.69476	1.69476	1.69476	1.69476	1.69476	1.69476	1.69476	1.69476	1.69476	1.69476	1.69476	1.69476	1.69476	1.69476	1.69476	1.69476	1.69476	
1.79476	1.79476	1.79476	1.79476	1.79476	1.79476	1.79476	1.79476	1.79476	1.79476	1.79476	1.79476	1.79476	1.79476	1.79476	1.79476	1.79476	1.79476	1.79476	1.79476	1.79476	1.79476	1.79476	1.79476	
1.89476	1.89476	1.89476	1.89476	1.89476	1.89476	1.89476	1.89476	1.89476	1.89476	1.89476	1.89476	1.89476	1.89476	1.89476	1.89476	1.89476	1.89476	1.89476	1.89476	1.89476	1.89476	1.89476	1.89476	
1.99476	1.99476	1.99476	1.99476	1.99476	1.99476	1.99476	1.99476	1.99476	1.99476	1.99476	1.99476	1.99476	1.99476	1.99476	1.99476	1.99476	1.99476	1.99476	1.99476	1.99476	1.99476	1.99476	1.99476	
2.09476	2.09476	2.09476	2.09476	2.09476	2.09476	2.09476	2.09476	2.09476	2.09476	2.09476	2.09476	2.09476	2.09476	2.09476	2.09476	2.09476	2.09476	2.09476	2.09476	2.09476	2.09476	2.09476	2.09476	
2.19476	2.19476	2.19476	2.19476	2.19476	2.19476	2.19476	2.19476	2.19476	2.19476	2.19476	2.19476	2.19476	2.19476	2.19476	2.19476	2.19476	2.19476	2.19476	2.19476	2.19476	2.19476	2.19476	2.19476	
2.29476	2.29476	2.29476	2.29476	2.29476	2.29476	2.29476	2.29476	2.29476	2.29476	2.29476	2.29476	2.29476	2.29476	2.29476	2.29476	2.29476	2.29476	2.29476	2.29476	2.29476	2.29476	2.29476	2.29476	
2.39476	2.39476	2.39476	2.39476	2.39476	2.39476	2.39476	2.39476	2.39476	2.39476	2.39476	2.39476	2.39476	2.39476	2.39476	2.39476	2.39476	2.39476	2.39476	2.39476	2.39476	2.39476	2.39476	2.39476	
2.49476	2.49476	2.49476	2.49476	2.49476	2.49476	2.49476	2.49476	2.49476	2.49476	2.49476	2.49476	2.49476	2.49476	2.49476	2.49476	2.49476	2.49476	2.49476	2.49476	2.49476	2.49476	2.49476	2.49476	
2.59476	2.59476	2.59476	2.59476	2.59476	2.59476	2.59476	2.59476	2.59476	2.59476	2.59476	2.59476	2.59476	2.59476	2.59476	2.59476	2.59476	2.59476	2.59476	2.59476	2.59476	2.59476	2.59476	2.59476	
2.69476	2.69476	2.69476	2.69476	2.69476	2.69476	2.69476	2.69476	2.69476	2.69476	2.69476	2.69476	2.69476	2.69476	2.69476	2.69476	2.69476	2.69476	2.69476	2.69476	2.69476	2.69476	2.69476	2.69476	
2.79476	2.79476	2.79476	2.79476	2.79476	2.79476	2.79476	2.79476	2.79476	2.79476	2.79476	2.79476	2.79476	2.79476	2.79476	2.79476	2.79476	2.79476	2.79476	2.79476	2.79476	2.79476	2.79476	2.79476	
2.89476	2.89476	2.89476	2.89476	2.89476	2.89476	2.89476	2.89476	2.89476	2.89476	2.89476	2.89476	2.89476	2.89476	2.89476	2.89476	2.89476	2.89476	2.89476	2.89476	2.89476	2.89476	2.89476	2.89476	
2.99476	2.99476	2.99476	2.99476	2.99476	2.99476	2.99476	2.99476	2.99476	2.99476	2.99476	2.99476	2.99476	2.99476	2.99476	2.99476	2.99476	2.99476	2.99476	2.99476	2.99476	2.99476	2.99476	2.99476	
