0.86546	0.86546	0.86546	0.86546	0.86546	0.86546	0.86546	0.86546	0.86546	0.86546	0.86546	0.86546	0.86546	0.86546	0.86546	0.86546	0.86546	0.86546	0.86546	0.86546	0.86546	0.86546	0.86546	0.86546	
0.87891	0.87891	0.87891	0.87891	0.87891	0.87891	0.87891	0.87891	0.87891	0.87891	0.87891	0.87891	0.87891	0.87891	0.87891	0.87891	0.87891	0.87891	0.87891	0.87891	0.87891	0.87891	0.87891	0.87891	
0.89237	0.89237	0.89237	0.89237	0.89237	0.89237	0.89237	0.89237	0.89237	0.89237	0.89237	0.89237	0.89237	0.89237	0.89237	0.89237	0.89237	0.89237	0.89237	0.89237	0.89237	0.89237	0.89237	0.89237	
0.90582	0.90582	0.90582	0.90582	0.90582	0.90582	0.90582	0.90582	0.90582	0.90582	0.90582	0.90582	0.90582	0.90582	0.90582	0.90582	0.90582	0.90582	0.90582	0.90582	0.90582	0.90582	0.90582	0.90582	
0.91928	0.91928	0.91928	0.91928	0.91928	0.91928	0.91928	0.91928	0.91928	0.91928	0.91928	0.91928	0.91928	0.91928	0.91928	0.91928	0.91928	0.91928	0.91928	0.91928	0.91928	0.91928	0.91928	0.91928	
0.93273	0.93273	0.93273	0.93273	0.93273	0.93273	0.93273	0.93273	0.93273	0.93273	0.93273	0.93273	0.93273	0.93273	0.93273	0.93273	0.93273	0.93273	0.93273	0.93273	0.93273	0.93273	0.93273	0.93273	
0.94618	0.94618	0.94618	0.94618	0.94618	0.94618	0.94618	0.94618	0.94618	0.94618	0.94618	0.94618	0.94618	0.94618	0.94618	0.94618	0.94618	0.94618	0.94618	0.94618	0.94618	0.94618	0.94618	0.94618	
0.95964	0.95964	0.95964	0.95964	0.95964	0.95964	0.95964	0.95964	0.95964	0.95964	0.95964	0.95964	0.95964	0.95964	0.95964	0.95964	0.95964	0.95964	0.95964	0.95964	0.95964	0.95964	0.95964	0.95964	
0.97309	0.97309	0.97309	0.97309	0.97309	0.97309	0.97309	0.97309	0.97309	0.97309	0.97309	0.97309	0.97309	0.97309	0.97309	0.97309	0.97309	0.97309	0.97309	0.97309	0.97309	0.97309	0.97309	0.97309	
0.98655	0.98655	0.98655	0.98655	0.98655	0.98655	0.98655	0.98655	0.98655	0.98655	0.98655	0.98655	0.98655	0.98655	0.98655	0.98655	0.98655	0.98655	0.98655	0.98655	0.98655	0.98655	0.98655	0.98655	
1.00000	1.00000	1.00000	1.00000	1.00000	1.00000	1.00000	1.00000	1.00000	1.00000	1.00000	1.00000	1.00000	1.00000	1.00000	1.00000	1.00000	1.00000	1.00000	1.00000	1.00000	1.00000	1.00000	1.00000	
1.01345	1.01345	1.01345	1.01345	1.01345	1.01345	1.01345	1.01345	1.01345	1.01345	1.01345	1.01345	1.01345	1.01345	1.01345	1.01345	1.01345	1.01345	1.01345	1.01345	1.01345	1.01345	1.01345	1.01345	
1.02691	1.02691	1.02691	1.02691	1.02691	1.02691	1.02691	1.02691	1.02691	1.02691	1.02691	1.02691	1.02691	1.02691	1.02691	1.02691	1.02691	1.02691	1.02691	1.02691	1.02691	1.02691	1.02691	1.02691	
1.04036	1.04036	1.04036	1.04036	1.04036	1.04036	1.04036	1.04036	1.04036	1.04036	1.04036	1.04036	1.04036	1.04036	1.04036	1.04036	1.04036	1.04036	1.04036	1.04036	1.04036	1.04036	1.04036	1.04036	
1.05382	1.05382	1.05382	1.05382	1.05382	1.05382	1.05382	1.05382	1.05382	1.05382	1.05382	1.05382	1.05382	1.05382	1.05382	1.05382	1.05382	1.05382	1.05382	1.05382	1.05382	1.05382	1.05382	1.05382	
1.06727	1.06727	1.06727	1.06727	1.06727	1.06727	1.06727	1.06727	1.06727	1.06727	1.06727	1.06727	1.06727	1.06727	1.06727	1.06727	1.06727	1.06727	1.06727	1.06727	1.06727	1.06727	1.06727	1.06727	
1.08072	1.08072	1.08072	1.08072	1.08072	1.08072	1.08072	1.08072	1.08072	1.08072	1.08072	1.08072	1.08072	1.08072	1.08072	1.08072	1.08072	1.08072	1.08072	1.08072	1.08072	1.08072	1.08072	1.08072	
1.09418	1.09418	1.09418	1.09418	1.09418	1.09418	1.09418	1.09418	1.09418	1.09418	1.09418	1.09418	1.09418	1.09418	1.09418	1.09418	1.09418	1.09418	1.09418	1.09418	1.09418	1.09418	1.09418	1.09418	
1.10763	1.10763	1.10763	1.10763	1.10763	1.10763	1.10763	1.10763	1.10763	1.10763	1.10763	1.10763	1.10763	1.10763	1.10763	1.10763	1.10763	1.10763	1.10763	1.10763	1.10763	1.10763	1.10763	1.10763	
1.12109	1.12109	1.12109	1.12109	1.12109	1.12109	1.12109	1.12109	1.12109	1.12109	1.12109	1.12109	1.12109	1.12109	1.12109	1.12109	1.12109	1.12109	1.12109	1.12109	1.12109	1.12109	1.12109	1.12109	
1.13454	1.13454	1.13454	1.13454	1.13454	1.13454	1.13454	1.13454	1.13454	1.13454	1.13454	1.13454	1.13454	1.13454	1.13454	1.13454	1.13454	1.13454	1.13454	1.13454	1.13454	1.13454	1.13454	1.13454	
0.77891	0.77891	0.77891	0.77891	0.77891	0.77891	0.77891	0.77891	0.77891	0.77891	0.77891	0.77891	0.77891	0.77891	0.77891	0.77891	0.77891	0.77891	0.77891	0.77891	0.77891	0.77891	0.77891	0.77891	
0.96546	0.95986	0.94343	0.91730	0.88324	0.84358	0.80102	0.75846	0.71880	0.68475	0.65862	0.64219	0.63658	0.64219	0.65862	0.68475	0.71880	0.75846	0.80102	0.84358	0.88324	0.91730	0.94343	0.95986	
1.04948	1.04177	1.01915	0.98318	0.93630	0.88171	0.82313	0.76455	0.70996	0.66308	0.62711	0.60450	0.59678	0.60450	0.62711	0.66308	0.70996	0.76455	0.82313	0.88171	0.93630	0.98318	1.01915	1.04177	
1.11465	1.10547	1.07855	1.03574	0.97994	0.91497	0.84524	0.77551	0.71054	0.65474	0.61193	0.58501	0.57583	0.58501	0.61193	0.65474	0.71054	0.77551	0.84524	0.91497	0.97994	1.03574	1.07855	1.10547	
1.16914	1.15886	1.12871	1.08075	1.01825	0.94546	0.86735	0.78924	0.71645	0.65395	0.60599	0.57584	0.56555	0.57584	0.60599	0.65395	0.71645	0.78924	0.86735	0.94546	1.01825	1.08075	1.12871	1.15886	
1.21616	1.20503	1.17239	1.12047	1.05281	0.97401	0.88946	0.80490	0.72610	0.65844	0.60652	0.57389	0.56275	0.57389	0.60652	0.65844	0.72610	0.80490	0.88946	0.97401	1.05281	1.12047	1.17239	1.20503	
1.25732	1.24553	1.21099	1.15605	1.08444	1.00105	0.91157	0.82208	0.73869	0.66708	0.61214	0.57760	0.56581	0.57760	0.61214	0.66708	0.73869	0.82208	0.91157	1.00105	1.08444	1.15605	1.21099	1.24553	
1.29354	1.28128	1.24533	1.18814	1.11361	1.02681	0.93367	0.84053	0.75374	0.67921	0.62202	0.58607	0.57381	0.58607	0.62202	0.67921	0.75374	0.84053	0.93367	1.02681	1.11361	1.18814	1.24533	1.28128	
1.32541	1.31281	1.27589	1.21715	1.14059	1.05145	0.95578	0.86012	0.77097	0.69442	0.63568	0.59875	0.58616	0.59875	0.63568	0.69442	0.77097	0.86012	0.95578	1.05145	1.14059	1.21715	1.27589	1.31281	
1.35325	1.34046	1.30296	1.24331	1.16557	1.07504	0.97789	0.88074	0.79021	0.71248	0.65283	0.61533	0.60254	0.61533	0.65283	0.71248	0.79021	0.88074	0.97789	1.07504	1.16557	1.24331	1.30296	1.34046	
1.37724	1.36439	1.32670	1.26675	1.18862	1.09764	1.00000	0.90236	0.81138	0.73325	0.67330	0.63561	0.62276	0.63561	0.67330	0.73325	0.81138	0.90236	1.00000	1.09764	1.18862	1.26675	1.32670	1.36439	
1.39746	1.38467	1.34717	1.28752	1.20979	1.11926	1.02211	0.92496	0.83443	0.75669	0.69704	0.65954	0.64675	0.65954	0.69704	0.75669	0.83443	0.92496	1.02211	1.11926	1.20979	1.28752	1.34717	1.38467	
1.41384	1.40125	1.36432	1.30558	1.22903	1.13988	1.04422	0.94855	0.85941	0.78285	0.72411	0.68719	0.67459	0.68719	0.72411	0.78285	0.85941	0.94855	1.04422	1.13988	1.22903	1.30558	1.36432	1.40125	
1.42619	1.41393	1.37798	1.32079	1.24626	1.15947	1.06633	0.97319	0.88639	0.81186	0.75467	0.71872	0.70646	0.71872	0.75467	0.81186	0.88639	0.97319	1.06633	1.15947	1.24626	1.32079	1.37798	1.41393	
1.43419	1.42240	1.38786	1.33292	1.26131	1.17792	1.08843	0.99895	0.91556	0.84395	0.78901	0.75447	0.74268	0.75447	0.78901	0.84395	0.91556	0.99895	1.08843	1.17792	1.26131	1.33292	1.38786	1.42240	
1.43725	1.42611	1.39348	1.34156	1.27390	1.19510	1.11054	1.02599	0.94719	0.87953	0.82761	0.79497	0.78384	0.79497	0.82761	0.87953	0.94719	1.02599	1.11054	1.19510	1.27390	1.34156	1.39348	1.42611	
1.43445	1.42416	1.39401	1.34605	1.28355	1.21076	1.13265	1.05454	0.98175	0.91925	0.87129	0.84114	0.83086	0.84114	0.87129	0.91925	0.98175	1.05454	1.13265	1.21076	1.28355	1.34605	1.39401	1.42416	
1.42417	1.41499	1.38807	1.34526	1.28946	1.22449	1.15476	1.08503	1.02006	0.96426	0.92145	0.89453	0.88535	0.89453	0.92145	0.96426	1.02006	1.08503	1.15476	1.22449	1.28946	1.34526	1.38807	1.41499	
1.40322	1.39550	1.37289	1.33692	1.29004	1.23545	1.17687	1.11829	1.06370	1.01682	0.98085	0.95823	0.95052	0.95823	0.98085	1.01682	1.06370	1.11829	1.17687	1.23545	1.29004	1.33692	1.37289	1.39550	
1.36342	1.35781	1.34138	1.31525	1.28120	1.24154	1.19898	1.15642	1.11676	1.08270	1.05657	1.04014	1.03454	1.04014	1.05657	1.08270	1.11676	1.15642	1.19898	1.24154	1.28120	1.31525	1.34138	1.35781	
1.22109	1.22109	1.22109	1.22109	1.22109	1.22109	1.22109	1.22109	1.22109	1.22109	1.22109	1.22109	1.22109	1.22109	1.22109	1.22109	1.22109	1.22109	1.22109	1.22109	1.22109	1.22109	1.22109	1.22109	
0.69237	0.69237	0.69237	0.69237	0.69237	0.69237	0.69237	0.69237	0.69237	0.69237	0.69237	0.69237	0.69237	0.69237	0.69237	0.69237	0.69237	0.69237	0.69237	0.69237	0.69237	0.69237	0.69237	0.69237	
0.94948	0.94177	0.91915	0.88318	0.83630	0.78171	0.72313	0.66455	0.60996	0.56308	0.52711	0.50450	0.49678	0.50450	0.52711	0.56308	0.60996	0.66455	0.72313	0.78171	0.83630	0.88318	0.91915	0.94177	
1.06546	1.05484	1.02372	0.97420	0.90968	0.83453	0.75389	0.67325	0.59811	0.53358	0.48407	0.45294	0.44233	0.45294	0.48407	0.53358	0.59811	0.67325	0.75389	0.83453	0.90968	0.97420	1.02372	1.05484	
1.15549	1.14286	1.10581	1.04688	0.97008	0.88064	0.78466	0.68868	0.59924	0.52244	0.46350	0.42646	0.41382	0.42646	0.46350	0.52244	0.59924	0.68868	0.78466	0.88064	0.97008	1.04688	1.10581	1.14286	
1.23084	1.21669	1.17519	1.10917	1.02313	0.92294	0.81542	0.70790	0.60771	0.52167	0.45566	0.41416	0.40000	0.41416	0.45566	0.52167	0.60771	0.70790	0.81542	0.92294	1.02313	1.10917	1.17519	1.21669	
1.29589	1.28057	1.23564	1.16417	1.07104	0.96258	0.84618	0.72979	0.62133	0.52819	0.45673	0.41180	0.39648	0.41180	0.45673	0.52819	0.62133	0.72979	0.84618	0.96258	1.07104	1.16417	1.23564	1.28057	
1.35287	1.33665	1.28911	1.21348	1.11491	1.00013	0.87695	0.75377	0.63899	0.54042	0.46478	0.41724	0.40102	0.41724	0.46478	0.54042	0.63899	0.75377	0.87695	1.00013	1.11491	1.21348	1.28911	1.33665	
1.40307	1.38619	1.33670	1.25798	1.15539	1.03592	0.90771	0.77950	0.66003	0.55744	0.47872	0.42923	0.41235	0.42923	0.47872	0.55744	0.66003	0.77950	0.90771	1.03592	1.15539	1.25798	1.33670	1.38619	
1.44726	1.42992	1.37909	1.29824	1.19287	1.07016	0.93847	0.80679	0.68408	0.57871	0.49785	0.44703	0.42969	0.44703	0.49785	0.57871	0.68408	0.80679	0.93847	1.07016	1.19287	1.29824	1.37909	1.42992	
1.48591	1.46830	1.41669	1.33458	1.22757	1.10296	0.96924	0.83551	0.71090	0.60389	0.52179	0.47017	0.45256	0.47017	0.52179	0.60389	0.71090	0.83551	0.96924	1.10296	1.22757	1.33458	1.41669	1.46830	
1.51928	1.50158	1.44971	1.36718	1.25964	1.13440	1.00000	0.86560	0.74036	0.63282	0.55029	0.49842	0.48072	0.49842	0.55029	0.63282	0.74036	0.86560	1.00000	1.13440	1.25964	1.36718	1.44971	1.50158	
1.54744	1.52983	1.47821	1.39611	1.28910	1.16449	1.03076	0.89704	0.77243	0.66542	0.58331	0.53170	0.51409	0.53170	0.58331	0.66542	0.77243	0.89704	1.03076	1.16449	1.28910	1.39611	1.47821	1.52983	
1.57031	1.55297	1.50215	1.42129	1.31592	1.19321	1.06153	0.92984	0.80713	0.70176	0.62091	0.57008	0.55274	0.57008	0.62091	0.70176	0.80713	0.92984	1.06153	1.19321	1.31592	1.42129	1.50215	1.55297	
1.58765	1.57077	1.52128	1.44256	1.33997	1.22050	1.09229	0.96408	0.84461	0.74202	0.66330	0.61381	0.59693	0.61381	0.66330	0.74202	0.84461	0.96408	1.09229	1.22050	1.33997	1.44256	1.52128	1.57077	
1.59898	1.58276	1.53522	1.45958	1.36101	1.24623	1.12305	0.99987	0.88509	0.78652	0.71089	0.66335	0.64713	0.66335	0.71089	0.78652	0.88509	0.99987	1.12305	1.24623	1.36101	1.45958	1.53522	1.58276	
1.60352	1.58820	1.54327	1.47181	1.37867	1.27021	1.15382	1.03742	0.92896	0.83583	0.76436	0.71943	0.70411	0.71943	0.76436	0.83583	0.92896	1.03742	1.15382	1.27021	1.37867	1.47181	1.54327	1.58820	
1.60000	1.58584	1.54434	1.47833	1.39229	1.29210	1.18458	1.07706	0.97687	0.89083	0.82481	0.78331	0.76916	0.78331	0.82481	0.89083	0.97687	1.07706	1.18458	1.29210	1.39229	1.47833	1.54434	1.58584	
1.58618	1.57354	1.53650	1.47756	1.40076	1.31132	1.21534	1.11936	1.02992	0.95312	0.89419	0.85714	0.84451	0.85714	0.89419	0.95312	1.02992	1.11936	1.21534	1.31132	1.40076	1.47756	1.53650	1.57354	
1.55767	1.54706	1.51593	1.46642	1.40189	1.32675	1.24611	1.16547	1.09032	1.02580	0.97628	0.94516	0.93454	0.94516	0.97628	1.02580	1.09032	1.16547	1.24611	1.32675	1.40189	1.46642	1.51593	1.54706	
1.50322	1.49550	1.47289	1.43692	1.39004	1.33545	1.27687	1.21829	1.16370	1.11682	1.08085	1.05823	1.05052	1.05823	1.08085	1.11682	1.16370	1.21829	1.27687	1.33545	1.39004	1.43692	1.47289	1.49550	
1.30763	1.30763	1.30763	1.30763	1.30763	1.30763	1.30763	1.30763	1.30763	1.30763	1.30763	1.30763	1.30763	1.30763	1.30763	1.30763	1.30763	1.30763	1.30763	1.30763	1.30763	1.30763	1.30763	1.30763	
0.60582	0.60582	0.60582	0.60582	0.60582	0.60582	0.60582	0.60582	0.60582	0.60582	0.60582	0.60582	0.60582	0.60582	0.60582	0.60582	0.60582	0.60582	0.60582	0.60582	0.60582	0.60582	0.60582	0.60582	
0.91465	0.90547	0.87855	0.83574	0.77994	0.71497	0.64524	0.57551	0.51054	0.45474	0.41193	0.38501	0.37583	0.38501	0.41193	0.45474	0.51054	0.57551	0.64524	0.71497	0.77994	0.83574	0.87855	0.90547	
1.05549	1.04286	1.00581	0.94688	0.87008	0.78064	0.68466	0.58868	0.49924	0.42244	0.36350	0.32646	0.31382	0.32646	0.36350	0.42244	0.49924	0.58868	0.68466	0.78064	0.87008	0.94688	1.00581	1.04286	
1.16546	1.15042	1.10632	1.03618	0.94477	0.83831	0.72408	0.60984	0.50338	0.41197	0.34183	0.29773	0.28269	0.29773	0.34183	0.41197	0.50338	0.60984	0.72408	0.83831	0.94477	1.03618	1.10632	1.15042	
1.25794	1.24109	1.19170	1.11312	1.01072	0.89147	0.76349	0.63552	0.51627	0.41386	0.33529	0.28589	0.26904	0.28589	0.33529	0.41386	0.51627	0.63552	0.76349	0.89147	1.01072	1.11312	1.19170	1.24109	
1.33817	1.31993	1.26646	1.18139	1.07054	0.94145	0.80291	0.66438	0.53528	0.42443	0.33936	0.28589	0.26765	0.28589	0.33936	0.42443	0.53528	0.66438	0.80291	0.94145	1.07054	1.18139	1.26646	1.31993	
1.40879	1.38949	1.33290	1.24288	1.12556	0.98894	0.84233	0.69572	0.55910	0.44178	0.35176	0.29517	0.27587	0.29517	0.35176	0.44178	0.55910	0.69572	0.84233	0.98894	1.12556	1.24288	1.33290	1.38949	
1.47134	1.45125	1.39235	1.29865	1.17654	1.03434	0.88175	0.72915	0.58695	0.46484	0.37114	0.31224	0.29215	0.31224	0.37114	0.46484	0.58695	0.72915	0.88175	1.03434	1.17654	1.29865	1.39235	1.45125	
1.52674	1.50610	1.44561	1.34937	1.22395	1.07790	0.92116	0.76443	0.61838	0.49296	0.39672	0.33622	0.31559	0.33622	0.39672	0.49296	0.61838	0.76443	0.92116	1.07790	1.22395	1.34937	1.44561	1.50610	
1.57555	1.55459	1.49316	1.39543	1.26806	1.11975	0.96058	0.80142	0.65310	0.52574	0.42801	0.36657	0.34562	0.36657	0.42801	0.52574	0.65310	0.80142	0.96058	1.11975	1.26806	1.39543	1.49316	1.55459	
1.61806	1.59700	1.53526	1.43704	1.30903	1.15997	1.00000	0.84003	0.69097	0.56296	0.46474	0.40300	0.38194	0.40300	0.46474	0.56296	0.69097	0.84003	1.00000	1.15997	1.30903	1.43704	1.53526	1.59700	
1.65438	1.63343	1.57199	1.47426	1.34690	1.19858	1.03942	0.88025	0.73194	0.60457	0.50684	0.44541	0.42445	0.44541	0.50684	0.60457	0.73194	0.88025	1.03942	1.19858	1.34690	1.47426	1.57199	1.63343	
1.68441	1.66378	1.60328	1.50704	1.38162	1.23557	1.07884	0.92210	0.77605	0.65063	0.55439	0.49390	0.47326	0.49390	0.55439	0.65063	0.77605	0.92210	1.07884	1.23557	1.38162	1.50704	1.60328	1.66378	
1.70785	1.68776	1.62886	1.53516	1.41305	1.27085	1.11825	0.96566	0.82346	0.70135	0.60765	0.54875	0.52866	0.54875	0.60765	0.70135	0.82346	0.96566	1.11825	1.27085	1.41305	1.53516	1.62886	1.68776	
1.72413	1.70483	1.64824	1.55822	1.44090	1.30428	1.15767	1.01106	0.87444	0.75712	0.66710	0.61051	0.59121	0.61051	0.66710	0.75712	0.87444	1.01106	1.15767	1.30428	1.44090	1.55822	1.64824	1.70483	
1.73235	1.71411	1.66064	1.57557	1.46472	1.33562	1.19709	1.05855	0.92946	0.81861	0.73354	0.68007	0.66183	0.68007	0.73354	0.81861	0.92946	1.05855	1.19709	1.33562	1.46472	1.57557	1.66064	1.71411	
1.73096	1.71411	1.66471	1.58614	1.48373	1.36448	1.23651	1.10853	0.98928	0.88688	0.80830	0.75891	0.74206	0.75891	0.80830	0.88688	0.98928	1.10853	1.23651	1.36448	1.48373	1.58614	1.66471	1.71411	
1.71731	1.70227	1.65817	1.58803	1.49662	1.39016	1.27592	1.16169	1.05523	0.96382	0.89368	0.84958	0.83454	0.84958	0.89368	0.96382	1.05523	1.16169	1.27592	1.39016	1.49662	1.58803	1.65817	1.70227	
1.68618	1.67354	1.63650	1.57756	1.50076	1.41132	1.31534	1.21936	1.12992	1.05312	0.99419	0.95714	0.94451	0.95714	0.99419	1.05312	1.12992	1.21936	1.31534	1.41132	1.50076	1.57756	1.63650	1.67354	
1.62417	1.61499	1.58807	1.54526	1.48946	1.42449	1.35476	1.28503	1.22006	1.16426	1.12145	1.09453	1.08535	1.09453	1.12145	1.16426	1.22006	1.28503	1.35476	1.42449	1.48946	1.54526	1.58807	1.61499	
1.39418	1.39418	1.39418	1.39418	1.39418	1.39418	1.39418	1.39418	1.39418	1.39418	1.39418	1.39418	1.39418	1.39418	1.39418	1.39418	1.39418	1.39418	1.39418	1.39418	1.39418	1.39418	1.39418	1.39418	
0.51928	0.51928	0.51928	0.51928	0.51928	0.51928	0.51928	0.51928	0.51928	0.51928	0.51928	0.51928	0.51928	0.51928	0.51928	0.51928	0.51928	0.51928	0.51928	0.51928	0.51928	0.51928	0.51928	0.51928	
0.86914	0.85886	0.82871	0.78075	0.71825	0.64546	0.56735	0.48924	0.41645	0.35395	0.30599	0.27584	0.26555	0.27584	0.30599	0.35395	0.41645	0.48924	0.56735	0.64546	0.71825	0.78075	0.82871	0.85886	
1.03084	1.01669	0.97519	0.90917	0.82313	0.72294	0.61542	0.50790	0.40771	0.32167	0.25566	0.21416	0.20000	0.21416	0.25566	0.32167	0.40771	0.50790	0.61542	0.72294	0.82313	0.90917	0.97519	1.01669	
1.15794	1.14109	1.09170	1.01312	0.91072	0.79147	0.66349	0.53552	0.41627	0.31386	0.23529	0.18589	0.16904	0.18589	0.23529	0.31386	0.41627	0.53552	0.66349	0.79147	0.91072	1.01312	1.09170	1.14109	
1.26546	1.24659	1.19125	1.10323	0.98851	0.85492	0.71157	0.56821	0.43462	0.31990	0.23188	0.17654	0.15767	0.17654	0.23188	0.31990	0.43462	0.56821	0.71157	0.85492	0.98851	1.10323	1.19125	1.24659	
1.35925	1.33881	1.27891	1.18362	1.05944	0.91483	0.75964	0.60445	0.45983	0.33565	0.24036	0.18046	0.16003	0.18046	0.24036	0.33565	0.45983	0.60445	0.75964	0.91483	1.05944	1.18362	1.27891	1.33881	
1.44228	1.42065	1.35726	1.25642	1.12499	0.97195	0.80771	0.64347	0.49043	0.35900	0.25816	0.19477	0.17315	0.19477	0.25816	0.35900	0.49043	0.64347	0.80771	0.97195	1.12499	1.25642	1.35726	1.42065	
1.51626	1.49375	1.42777	1.32281	1.18602	1.02673	0.85578	0.68484	0.52554	0.38876	0.28379	0.21781	0.19531	0.21781	0.28379	0.38876	0.52554	0.68484	0.85578	1.02673	1.18602	1.32281	1.42777	1.49375	
1.58223	1.55912	1.49135	1.38354	1.24304	1.07943	0.90386	0.72828	0.56467	0.42417	0.31636	0.24859	0.22548	0.24859	0.31636	0.42417	0.56467	0.72828	0.90386	1.07943	1.24304	1.38354	1.49135	1.55912	
1.64082	1.61735	1.54853	1.43905	1.29638	1.13023	0.95193	0.77363	0.60748	0.46480	0.35533	0.28650	0.26303	0.28650	0.35533	0.46480	0.60748	0.77363	0.95193	1.13023	1.29638	1.43905	1.54853	1.61735	
1.69237	1.66878	1.59961	1.48958	1.34618	1.17920	1.00000	0.82080	0.65382	0.51042	0.40039	0.33122	0.30763	0.33122	0.40039	0.51042	0.65382	0.82080	1.00000	1.17920	1.34618	1.48958	1.59961	1.66878	
1.73697	1.71350	1.64467	1.53520	1.39252	1.22637	1.04807	0.86977	0.70362	0.56095	0.45147	0.38265	0.35918	0.38265	0.45147	0.56095	0.70362	0.86977	1.04807	1.22637	1.39252	1.53520	1.64467	1.71350	
1.77452	1.75141	1.68364	1.57583	1.43533	1.27172	1.09614	0.92057	0.75696	0.61646	0.50865	0.44088	0.41777	0.44088	0.50865	0.61646	0.75696	0.92057	1.09614	1.27172	1.43533	1.57583	1.68364	1.75141	
1.80469	1.78219	1.71621	1.61124	1.47446	1.31516	1.14422	0.97327	0.81398	0.67719	0.57223	0.50625	0.48374	0.50625	0.57223	0.67719	0.81398	0.97327	1.14422	1.31516	1.47446	1.61124	1.71621	1.78219	
1.82685	1.80523	1.74184	1.64100	1.50957	1.35653	1.19229	1.02805	0.87501	0.74358	0.64274	0.57935	0.55772	0.57935	0.64274	0.74358	0.87501	1.02805	1.19229	1.35653	1.50957	1.64100	1.74184	1.80523	
1.83997	1.81954	1.75964	1.66435	1.54017	1.39555	1.24036	1.08517	0.94056	0.81638	0.72109	0.66119	0.64075	0.66119	0.72109	0.81638	0.94056	1.08517	1.24036	1.39555	1.54017	1.66435	1.75964	1.81954	
1.84233	1.82346	1.76812	1.68010	1.56538	1.43179	1.28843	1.14508	1.01149	0.89677	0.80875	0.75341	0.73454	0.75341	0.80875	0.89677	1.01149	1.14508	1.28843	1.43179	1.56538	1.68010	1.76812	1.82346	
1.83096	1.81411	1.76471	1.68614	1.58373	1.46448	1.33651	1.20853	1.08928	0.98688	0.90830	0.85891	0.84206	0.85891	0.90830	0.98688	1.08928	1.20853	1.33651	1.46448	1.58373	1.68614	1.76471	1.81411	
1.80000	1.78584	1.74434	1.67833	1.59229	1.49210	1.38458	1.27706	1.17687	1.09083	1.02481	0.98331	0.96916	0.98331	1.02481	1.09083	1.17687	1.27706	1.38458	1.49210	1.59229	1.67833	1.74434	1.78584	
1.73445	1.72416	1.69401	1.64605	1.58355	1.51076	1.43265	1.35454	1.28175	1.21925	1.17129	1.14114	1.13086	1.14114	1.17129	1.21925	1.28175	1.35454	1.43265	1.51076	1.58355	1.64605	1.69401	1.72416	
1.48072	1.48072	1.48072	1.48072	1.48072	1.48072	1.48072	1.48072	1.48072	1.48072	1.48072	1.48072	1.48072	1.48072	1.48072	1.48072	1.48072	1.48072	1.48072	1.48072	1.48072	1.48072	1.48072	1.48072	
0.43273	0.43273	0.43273	0.43273	0.43273	0.43273	0.43273	0.43273	0.43273	0.43273	0.43273	0.43273	0.43273	0.43273	0.43273	0.43273	0.43273	0.43273	0.43273	0.43273	0.43273	0.43273	0.43273	0.43273	
0.81616	0.80503	0.77239	0.72047	0.65281	0.57401	0.48946	0.40490	0.32610	0.25844	0.20652	0.17389	0.16275	0.17389	0.20652	0.25844	0.32610	0.40490	0.48946	0.57401	0.65281	0.72047	0.77239	0.80503	
0.99589	0.98057	0.93564	0.86417	0.77104	0.66258	0.54618	0.42979	0.32133	0.22819	0.15673	0.11180	0.09648	0.11180	0.15673	0.22819	0.32133	0.42979	0.54618	0.66258	0.77104	0.86417	0.93564	0.98057	
1.13817	1.11993	1.06646	0.98139	0.87054	0.74145	0.60291	0.46438	0.33528	0.22443	0.13936	0.08589	0.06765	0.08589	0.13936	0.22443	0.33528	0.46438	0.60291	0.74145	0.87054	0.98139	1.06646	1.11993	
1.25925	1.23881	1.17891	1.08362	0.95944	0.81483	0.65964	0.50445	0.35983	0.23565	0.14036	0.08046	0.06003	0.08046	0.14036	0.23565	0.35983	0.50445	0.65964	0.81483	0.95944	1.08362	1.17891	1.23881	
1.36546	1.34334	1.27850	1.17534	1.04091	0.88436	0.71636	0.54837	0.39182	0.25739	0.15423	0.08939	0.06727	0.08939	0.15423	0.25739	0.39182	0.54837	0.71636	0.88436	1.04091	1.17534	1.27850	1.34334	
1.46003	1.43662	1.36800	1.25883	1.11656	0.95088	0.77309	0.59530	0.42962	0.28735	0.17819	0.10956	0.08615	0.10956	0.17819	0.28735	0.42962	0.59530	0.77309	0.95088	1.11656	1.25883	1.36800	1.43662	
1.54481	1.52044	1.44902	1.33539	1.18731	1.01487	0.82982	0.64477	0.47233	0.32425	0.21062	0.13919	0.11483	0.13919	0.21062	0.32425	0.47233	0.64477	0.82982	1.01487	1.18731	1.33539	1.44902	1.52044	
1.62091	1.59589	1.52253	1.40582	1.25373	1.07661	0.88655	0.69648	0.51936	0.36727	0.25057	0.17720	0.15218	0.17720	0.25057	0.36727	0.51936	0.69648	0.88655	1.07661	1.25373	1.40582	1.52253	1.59589	
1.68903	1.66361	1.58911	1.47060	1.31615	1.13629	0.94327	0.75026	0.57040	0.41595	0.29743	0.22293	0.19752	0.22293	0.29743	0.41595	0.57040	0.75026	0.94327	1.13629	1.31615	1.47060	1.58911	1.66361	
1.74951	1.72397	1.64909	1.52998	1.37475	1.19399	1.00000	0.80601	0.62525	0.47002	0.35091	0.27603	0.25049	0.27603	0.35091	0.47002	0.62525	0.80601	1.00000	1.19399	1.37475	1.52998	1.64909	1.72397	
1.80248	1.77707	1.70257	1.58405	1.42960	1.24974	1.05673	0.86371	0.68385	0.52940	0.41089	0.33639	0.31097	0.33639	0.41089	0.52940	0.68385	0.86371	1.05673	1.24974	1.42960	1.58405	1.70257	1.77707	
1.84782	1.82280	1.74943	1.63273	1.48064	1.30352	1.11345	0.92339	0.74627	0.59418	0.47747	0.40411	0.37909	0.40411	0.47747	0.59418	0.74627	0.92339	1.11345	1.30352	1.48064	1.63273	1.74943	1.82280	
1.88517	1.86081	1.78938	1.67575	1.52767	1.35523	1.17018	0.98513	0.81269	0.66461	0.55098	0.47956	0.45519	0.47956	0.55098	0.66461	0.81269	0.98513	1.17018	1.35523	1.52767	1.67575	1.78938	1.86081	
1.91385	1.89044	1.82181	1.71265	1.57038	1.40470	1.22691	1.04912	0.88344	0.74117	0.63200	0.56338	0.53997	0.56338	0.63200	0.74117	0.88344	1.04912	1.22691	1.40470	1.57038	1.71265	1.82181	1.89044	
1.93273	1.91061	1.84577	1.74261	1.60818	1.45163	1.28364	1.11564	0.95909	0.82466	0.72150	0.65666	0.63454	0.65666	0.72150	0.82466	0.95909	1.11564	1.28364	1.45163	1.60818	1.74261	1.84577	1.91061	
1.93997	1.91954	1.85964	1.76435	1.64017	1.49555	1.34036	1.18517	1.04056	0.91638	0.82109	0.76119	0.74075	0.76119	0.82109	0.91638	1.04056	1.18517	1.34036	1.49555	1.64017	1.76435	1.85964	1.91954	
1.93235	1.91411	1.86064	1.77557	1.66472	1.53562	1.39709	1.25855	1.12946	1.01861	0.93354	0.88007	0.86183	0.88007	0.93354	1.01861	1.12946	1.25855	1.39709	1.53562	1.66472	1.77557	1.86064	1.91411	
1.90352	1.88820	1.84327	1.77181	1.67867	1.57021	1.45382	1.33742	1.22896	1.13583	1.06436	1.01943	1.00411	1.01943	1.06436	1.13583	1.22896	1.33742	1.45382	1.57021	1.67867	1.77181	1.84327	1.88820	
1.83725	1.82611	1.79348	1.74156	1.67390	1.59510	1.51054	1.42599	1.34719	1.27953	1.22761	1.19497	1.18384	1.19497	1.22761	1.27953	1.34719	1.42599	1.51054	1.59510	1.67390	1.74156	1.79348	1.82611	
1.56727	1.56727	1.56727	1.56727	1.56727	1.56727	1.56727	1.56727	1.56727	1.56727	1.56727	1.56727	1.56727	1.56727	1.56727	1.56727	1.56727	1.56727	1.56727	1.56727	1.56727	1.56727	1.56727	1.56727	
0.34618	0.34618	0.34618	0.34618	0.34618	0.34618	0.34618	0.34618	0.34618	0.34618	0.34618	0.34618	0.34618	0.34618	0.34618	0.34618	0.34618	0.34618	0.34618	0.34618	0.34618	0.34618	0.34618	0.34618	
0.75732	0.74553	0.71099	0.65605	0.58444	0.50105	0.41157	0.32208	0.23869	0.16708	0.11214	0.07760	0.06581	0.07760	0.11214	0.16708	0.23869	0.32208	0.41157	0.50105	0.58444	0.65605	0.71099	0.74553	
0.95287	0.93665	0.88911	0.81348	0.71491	0.60013	0.47695	0.35377	0.23899	0.14042	0.06478	0.01724	0.00102	0.01724	0.06478	0.14042	0.23899	0.35377	0.47695	0.60013	0.71491	0.81348	0.88911	0.93665	
1.10879	1.08949	1.03290	0.94288	0.82556	0.68894	0.54233	0.39572	0.25910	0.14178	0.05176	-0.00483	-0.02413	-0.00483	0.05176	0.14178	0.25910	0.39572	0.54233	0.68894	0.82556	0.94288	1.03290	1.08949	
1.24228	1.22065	1.15726	1.05642	0.92499	0.77195	0.60771	0.44347	0.29043	0.15900	0.05816	-0.00523	-0.02685	-0.00523	0.05816	0.15900	0.29043	0.44347	0.60771	0.77195	0.92499	1.05642	1.15726	1.22065	
1.36003	1.33662	1.26800	1.15883	1.01656	0.85088	0.67309	0.49530	0.32962	0.18735	0.07819	0.00956	-0.01385	0.00956	0.07819	0.18735	0.32962	0.49530	0.67309	0.85088	1.01656	1.15883	1.26800	1.33662	
1.46546	1.44069	1.36806	1.25253	1.10197	0.92663	0.73847	0.55032	0.37498	0.22442	0.10889	0.03626	0.01149	0.03626	0.10889	0.22442	0.37498	0.55032	0.73847	0.92663	1.10197	1.25253	1.36806	1.44069	
1.56053	1.53474	1.45915	1.33890	1.18219	0.99970	0.80386	0.60801	0.42552	0.26881	0.14856	0.07297	0.04718	0.07297	0.14856	0.26881	0.42552	0.60801	0.80386	0.99970	1.18219	1.33890	1.45915	1.53474	
1.64642	1.61994	1.54229	1.41879	1.25783	1.07039	0.86924	0.66809	0.48065	0.31969	0.19618	0.11854	0.09206	0.11854	0.19618	0.31969	0.48065	0.66809	0.86924	1.07039	1.25783	1.41879	1.54229	1.61994	
1.72385	1.69696	1.61811	1.49269	1.32923	1.13889	0.93462	0.73035	0.54000	0.37655	0.25112	0.17228	0.14539	0.17228	0.25112	0.37655	0.54000	0.73035	0.93462	1.13889	1.32923	1.49269	1.61811	1.69696	
1.79321	1.76618	1.68694	1.56088	1.39660	1.20530	1.00000	0.79470	0.60340	0.43912	0.31306	0.23382	0.20679	0.23382	0.31306	0.43912	0.60340	0.79470	1.00000	1.20530	1.39660	1.56088	1.68694	1.76618	
1.85461	1.82772	1.74888	1.62345	1.46000	1.26965	1.06538	0.86111	0.67077	0.50731	0.38189	0.30304	0.27615	0.30304	0.38189	0.50731	0.67077	0.86111	1.06538	1.26965	1.46000	1.62345	1.74888	1.82772	
1.90794	1.88146	1.80382	1.68031	1.51935	1.33191	1.13076	0.92961	0.74217	0.58121	0.45771	0.38006	0.35358	0.38006	0.45771	0.58121	0.74217	0.92961	1.13076	1.33191	1.51935	1.68031	1.80382	1.88146	
1.95282	1.92703	1.85144	1.73119	1.57448	1.39199	1.19614	1.00030	0.81781	0.66110	0.54085	0.46526	0.43947	0.46526	0.54085	0.66110	0.81781	1.00030	1.19614	1.39199	1.57448	1.73119	1.85144	1.92703	
1.98851	1.96374	1.89111	1.77558	1.62502	1.44968	1.26153	1.07337	0.89803	0.74747	0.63194	0.55931	0.53454	0.55931	0.63194	0.74747	0.89803	1.07337	1.26153	1.44968	1.62502	1.77558	1.89111	1.96374	
2.01385	1.99044	1.92181	1.81265	1.67038	1.50470	1.32691	1.14912	0.98344	0.84117	0.73200	0.66338	0.63997	0.66338	0.73200	0.84117	0.98344	1.14912	1.32691	1.50470	1.67038	1.81265	1.92181	1.99044	
2.02685	2.00523	1.94184	1.84100	1.70957	1.55653	1.39229	1.22805	1.07501	0.94358	0.84274	0.77935	0.75772	0.77935	0.84274	0.94358	1.07501	1.22805	1.39229	1.55653	1.70957	1.84100	1.94184	2.00523	
2.02413	2.00483	1.94824	1.85822	1.74090	1.60428	1.45767	1.31106	1.17444	1.05712	0.96710	0.91051	0.89121	0.91051	0.96710	1.05712	1.17444	1.31106	1.45767	1.60428	1.74090	1.85822	1.94824	2.00483	
1.99898	1.98276	1.93522	1.85958	1.76101	1.64623	1.52305	1.39987	1.28509	1.18652	1.11089	1.06335	1.04713	1.06335	1.11089	1.18652	1.28509	1.39987	1.52305	1.64623	1.76101	1.85958	1.93522	1.98276	
1.93419	1.92240	1.88786	1.83292	1.76131	1.67792	1.58843	1.49895	1.41556	1.34395	1.28901	1.25447	1.24268	1.25447	1.28901	1.34395	1.41556	1.49895	1.58843	1.67792	1.76131	1.83292	1.88786	1.92240	
1.65382	1.65382	1.65382	1.65382	1.65382	1.65382	1.65382	1.65382	1.65382	1.65382	1.65382	1.65382	1.65382	1.65382	1.65382	1.65382	1.65382	1.65382	1.65382	1.65382	1.65382	1.65382	1.65382	1.65382	
0.25964	0.25964	0.25964	0.25964	0.25964	0.25964	0.25964	0.25964	0.25964	0.25964	0.25964	0.25964	0.25964	0.25964	0.25964	0.25964	0.25964	0.25964	0.25964	0.25964	0.25964	0.25964	0.25964	0.25964	
0.69354	0.68128	0.64533	0.58814	0.51361	0.42681	0.33367	0.24053	0.15374	0.07921	0.02202	-0.01393	-0.02619	-0.01393	0.02202	0.07921	0.15374	0.24053	0.33367	0.42681	0.51361	0.58814	0.64533	0.68128	
0.90307	0.88619	0.83670	0.75798	0.65539	0.53592	0.40771	0.27950	0.16003	0.05744	-0.02128	-0.07077	-0.08765	-0.07077	-0.02128	0.05744	0.16003	0.27950	0.40771	0.53592	0.65539	0.75798	0.83670	0.88619	
1.07134	1.05125	0.99235	0.89865	0.77654	0.63434	0.48175	0.32915	0.18695	0.06484	-0.02886	-0.08776	-0.10785	-0.08776	-0.02886	0.06484	0.18695	0.32915	0.48175	0.63434	0.77654	0.89865	0.99235	1.05125	
1.21626	1.19375	1.12777	1.02281	0.88602	0.72673	0.55578	0.38484	0.22554	0.08876	-0.01621	-0.08219	-0.10469	-0.08219	-0.01621	0.08876	0.22554	0.38484	0.55578	0.72673	0.88602	1.02281	1.12777	1.19375	
1.34481	1.32044	1.24902	1.13539	0.98731	0.81487	0.62982	0.44477	0.27233	0.12425	0.01062	-0.06081	-0.08517	-0.06081	0.01062	0.12425	0.27233	0.44477	0.62982	0.81487	0.98731	1.13539	1.24902	1.32044	
1.46053	1.43474	1.35915	1.23890	1.08219	0.89970	0.70386	0.50801	0.32552	0.16881	0.04856	-0.02703	-0.05282	-0.02703	0.04856	0.16881	0.32552	0.50801	0.70386	0.89970	1.08219	1.23890	1.35915	1.43474	
1.56546	1.53862	1.45995	1.33479	1.17168	0.98173	0.77789	0.57405	0.38411	0.22100	0.09584	0.01716	-0.00968	0.01716	0.09584	0.22100	0.38411	0.57405	0.77789	0.98173	1.17168	1.33479	1.45995	1.53862	
1.66084	1.63328	1.55247	1.42392	1.25639	1.06129	0.85193	0.64256	0.44747	0.27994	0.15139	0.07058	0.04301	0.07058	0.15139	0.27994	0.44747	0.64256	0.85193	1.06129	1.25639	1.42392	1.55247	1.63328	
1.74742	1.71943	1.63737	1.50682	1.33669	1.13857	0.92596	0.71336	0.51524	0.34511	0.21456	0.13250	0.10451	0.13250	0.21456	0.34511	0.51524	0.71336	0.92596	1.13857	1.33669	1.50682	1.63737	1.71943	
1.82560	1.79746	1.71499	1.58378	1.41280	1.21368	1.00000	0.78632	0.58720	0.41622	0.28501	0.20254	0.17440	0.20254	0.28501	0.41622	0.58720	0.78632	1.00000	1.21368	1.41280	1.58378	1.71499	1.79746	
1.89549	1.86750	1.78544	1.65489	1.48476	1.28664	1.07404	0.86143	0.66331	0.49318	0.36263	0.28057	0.25258	0.28057	0.36263	0.49318	0.66331	0.86143	1.07404	1.28664	1.48476	1.65489	1.78544	1.86750	
1.95699	1.92942	1.84861	1.72006	1.55253	1.35744	1.14807	0.93871	0.74361	0.57608	0.44753	0.36672	0.33916	0.36672	0.44753	0.57608	0.74361	0.93871	1.14807	1.35744	1.55253	1.72006	1.84861	1.92942	
2.00968	1.98284	1.90416	1.77900	1.61589	1.42595	1.22211	1.01827	0.82832	0.66521	0.54005	0.46138	0.43454	0.46138	0.54005	0.66521	0.82832	1.01827	1.22211	1.42595	1.61589	1.77900	1.90416	1.98284	
2.05282	2.02703	1.95144	1.83119	1.67448	1.49199	1.29614	1.10030	0.91781	0.76110	0.64085	0.56526	0.53947	0.56526	0.64085	0.76110	0.91781	1.10030	1.29614	1.49199	1.67448	1.83119	1.95144	2.02703	
2.08517	2.06081	1.98938	1.87575	1.72767	1.55523	1.37018	1.18513	1.01269	0.86461	0.75098	0.67956	0.65519	0.67956	0.75098	0.86461	1.01269	1.18513	1.37018	1.55523	1.72767	1.87575	1.98938	2.06081	
2.10469	2.08219	2.01621	1.91124	1.77446	1.61516	1.44422	1.27327	1.11398	0.97719	0.87223	0.80625	0.78374	0.80625	0.87223	0.97719	1.11398	1.27327	1.44422	1.61516	1.77446	1.91124	2.01621	2.08219	
2.10785	2.08776	2.02886	1.93516	1.81305	1.67085	1.51825	1.36566	1.22346	1.10135	1.00765	0.94875	0.92866	0.94875	1.00765	1.10135	1.22346	1.36566	1.51825	1.67085	1.81305	1.93516	2.02886	2.08776	
2.08765	2.07077	2.02128	1.94256	1.83997	1.72050	1.59229	1.46408	1.34461	1.24202	1.16330	1.11381	1.09693	1.11381	1.16330	1.24202	1.34461	1.46408	1.59229	1.72050	1.83997	1.94256	2.02128	2.07077	
2.02619	2.01393	1.97798	1.92079	1.84626	1.75947	1.66633	1.57319	1.48639	1.41186	1.35467	1.31872	1.30646	1.31872	1.35467	1.41186	1.48639	1.57319	1.66633	1.75947	1.84626	1.92079	1.97798	2.01393	
1.74036	1.74036	1.74036	1.74036	1.74036	1.74036	1.74036	1.74036	1.74036	1.74036	1.74036	1.74036	1.74036	1.74036	1.74036	1.74036	1.74036	1.74036	1.74036	1.74036	1.74036	1.74036	1.74036	1.74036	
0.17309	0.17309	0.17309	0.17309	0.17309	0.17309	0.17309	0.17309	0.17309	0.17309	0.17309	0.17309	0.17309	0.17309	0.17309	0.17309	0.17309	0.17309	0.17309	0.17309	0.17309	0.17309	0.17309	0.17309	
0.62541	0.61281	0.57589	0.51715	0.44059	0.35145	0.25578	0.16012	0.07097	-0.00558	-0.06432	-0.10125	-0.11384	-0.10125	-0.06432	-0.00558	0.07097	0.16012	0.25578	0.35145	0.44059	0.51715	0.57589	0.61281	
0.84726	0.82992	0.77909	0.69824	0.59287	0.47016	0.33847	0.20679	0.08408	-0.02129	-0.10215	-0.15297	-0.17031	-0.15297	-0.10215	-0.02129	0.08408	0.20679	0.33847	0.47016	0.59287	0.69824	0.77909	0.82992	
1.02674	1.00610	0.94561	0.84937	0.72395	0.57790	0.42116	0.26443	0.11838	-0.00704	-0.10328	-0.16378	-0.18441	-0.16378	-0.10328	-0.00704	0.11838	0.26443	0.42116	0.57790	0.72395	0.84937	0.94561	1.00610	
1.18223	1.15912	1.09135	0.98354	0.84304	0.67943	0.50386	0.32828	0.16467	0.02417	-0.08364	-0.15141	-0.17452	-0.15141	-0.08364	0.02417	0.16467	0.32828	0.50386	0.67943	0.84304	0.98354	1.09135	1.15912	
1.32091	1.29589	1.22253	1.10582	0.95373	0.77661	0.58655	0.39648	0.21936	0.06727	-0.04943	-0.12280	-0.14782	-0.12280	-0.04943	0.06727	0.21936	0.39648	0.58655	0.77661	0.95373	1.10582	1.22253	1.29589	
1.44642	1.41994	1.34229	1.21879	1.05783	0.87039	0.66924	0.46809	0.28065	0.11969	-0.00382	-0.08146	-0.10794	-0.08146	-0.00382	0.11969	0.28065	0.46809	0.66924	0.87039	1.05783	1.21879	1.34229	1.41994	
1.56084	1.53328	1.45247	1.32392	1.15639	0.96129	0.75193	0.54256	0.34747	0.17994	0.05139	-0.02942	-0.05699	-0.02942	0.05139	0.17994	0.34747	0.54256	0.75193	0.96129	1.15639	1.32392	1.45247	1.53328	
1.66546	1.63715	1.55415	1.42211	1.25004	1.04966	0.83462	0.61958	0.41920	0.24713	0.11509	0.03209	0.00378	0.03209	0.11509	0.24713	0.41920	0.61958	0.83462	1.04966	1.25004	1.42211	1.55415	1.63715	
1.76103	1.73228	1.64799	1.51391	1.33917	1.13568	0.91731	0.69894	0.49545	0.32071	0.18662	0.10234	0.07359	0.10234	0.18662	0.32071	0.49545	0.69894	0.91731	1.13568	1.33917	1.51391	1.64799	1.73228	
1.84797	1.81908	1.73437	1.59961	1.42399	1.21947	1.00000	0.78053	0.57601	0.40039	0.26563	0.18092	0.15203	0.18092	0.26563	0.40039	0.57601	0.78053	1.00000	1.21947	1.42399	1.59961	1.73437	1.81908	
1.92641	1.89766	1.81338	1.67929	1.50455	1.30106	1.08269	0.86432	0.66083	0.48609	0.35201	0.26772	0.23897	0.26772	0.35201	0.48609	0.66083	0.86432	1.08269	1.30106	1.50455	1.67929	1.81338	1.89766	
1.99622	1.96791	1.88491	1.75287	1.58080	1.38042	1.16538	0.95034	0.74996	0.57789	0.44585	0.36285	0.33454	0.36285	0.44585	0.57789	0.74996	0.95034	1.16538	1.38042	1.58080	1.75287	1.88491	1.96791	
2.05699	2.02942	1.94861	1.82006	1.65253	1.45744	1.24807	1.03871	0.84361	0.67608	0.54753	0.46672	0.43916	0.46672	0.54753	0.67608	0.84361	1.03871	1.24807	1.45744	1.65253	1.82006	1.94861	2.02942	
2.10794	2.08146	2.00382	1.88031	1.71935	1.53191	1.33076	1.12961	0.94217	0.78121	0.65771	0.58006	0.55358	0.58006	0.65771	0.78121	0.94217	1.12961	1.33076	1.53191	1.71935	1.88031	2.00382	2.08146	
2.14782	2.12280	2.04943	1.93273	1.78064	1.60352	1.41345	1.22339	1.04627	0.89418	0.77747	0.70411	0.67909	0.70411	0.77747	0.89418	1.04627	1.22339	1.41345	1.60352	1.78064	1.93273	2.04943	2.12280	
2.17452	2.15141	2.08364	1.97583	1.83533	1.67172	1.49614	1.32057	1.15696	1.01646	0.90865	0.84088	0.81777	0.84088	0.90865	1.01646	1.15696	1.32057	1.49614	1.67172	1.83533	1.97583	2.08364	2.15141	
2.18441	2.16378	2.10328	2.00704	1.88162	1.73557	1.57884	1.42210	1.27605	1.15063	1.05439	0.99390	0.97326	0.99390	1.05439	1.15063	1.27605	1.42210	1.57884	1.73557	1.88162	2.00704	2.10328	2.16378	
2.17031	2.15297	2.10215	2.02129	1.91592	1.79321	1.66153	1.52984	1.40713	1.30176	1.22091	1.17008	1.15274	1.17008	1.22091	1.30176	1.40713	1.52984	1.66153	1.79321	1.91592	2.02129	2.10215	2.15297	
2.11384	2.10125	2.06432	2.00558	1.92903	1.83988	1.74422	1.64855	1.55941	1.48285	1.42411	1.38719	1.37459	1.38719	1.42411	1.48285	1.55941	1.64855	1.74422	1.83988	1.92903	2.00558	2.06432	2.10125	
1.82691	1.82691	1.82691	1.82691	1.82691	1.82691	1.82691	1.82691	1.82691	1.82691	1.82691	1.82691	1.82691	1.82691	1.82691	1.82691	1.82691	1.82691	1.82691	1.82691	1.82691	1.82691	1.82691	1.82691	
0.08655	0.08655	0.08655	0.08655	0.08655	0.08655	0.08655	0.08655	0.08655	0.08655	0.08655	0.08655	0.08655	0.08655	0.08655	0.08655	0.08655	0.08655	0.08655	0.08655	0.08655	0.08655	0.08655	0.08655	
0.55325	0.54046	0.50296	0.44331	0.36557	0.27504	0.17789	0.08074	-0.00979	-0.08752	-0.14717	-0.18467	-0.19746	-0.18467	-0.14717	-0.08752	-0.00979	0.08074	0.17789	0.27504	0.36557	0.44331	0.50296	0.54046	
0.78591	0.76830	0.71669	0.63458	0.52757	0.40296	0.26924	0.13551	0.01090	-0.09611	-0.17821	-0.22983	-0.24744	-0.22983	-0.17821	-0.09611	0.01090	0.13551	0.26924	0.40296	0.52757	0.63458	0.71669	0.76830	
0.97555	0.95459	0.89316	0.79543	0.66806	0.51975	0.36058	0.20142	0.05310	-0.07426	-0.17199	-0.23343	-0.25438	-0.23343	-0.17199	-0.07426	0.05310	0.20142	0.36058	0.51975	0.66806	0.79543	0.89316	0.95459	
1.14082	1.11735	1.04853	0.93905	0.79638	0.63023	0.45193	0.27363	0.10748	-0.03520	-0.14467	-0.21350	-0.23697	-0.21350	-0.14467	-0.03520	0.10748	0.27363	0.45193	0.63023	0.79638	0.93905	1.04853	1.11735	
1.28903	1.26361	1.18911	1.07060	0.91615	0.73629	0.54327	0.35026	0.17040	0.01595	-0.10257	-0.17707	-0.20248	-0.17707	-0.10257	0.01595	0.17040	0.35026	0.54327	0.73629	0.91615	1.07060	1.18911	1.26361	
1.42385	1.39696	1.31811	1.19269	1.02923	0.83889	0.63462	0.43035	0.24000	0.07655	-0.04888	-0.12772	-0.15461	-0.12772	-0.04888	0.07655	0.24000	0.43035	0.63462	0.83889	1.02923	1.19269	1.31811	1.39696	
1.54742	1.51943	1.43737	1.30682	1.13669	0.93857	0.72596	0.51336	0.31524	0.14511	0.01456	-0.06750	-0.09549	-0.06750	0.01456	0.14511	0.31524	0.51336	0.72596	0.93857	1.13669	1.30682	1.43737	1.51943	
1.66103	1.63228	1.54799	1.41391	1.23917	1.03568	0.81731	0.59894	0.39545	0.22071	0.08662	0.00234	-0.02641	0.00234	0.08662	0.22071	0.39545	0.59894	0.81731	1.03568	1.23917	1.41391	1.54799	1.63228	
1.76546	1.73626	1.65067	1.51451	1.33706	1.13041	0.90865	0.68690	0.48025	0.30280	0.16664	0.08104	0.05185	0.08104	0.16664	0.30280	0.48025	0.68690	0.90865	1.13041	1.33706	1.51451	1.65067	1.73626	
1.86112	1.83178	1.74575	1.60890	1.43056	1.22287	1.00000	0.77713	0.56944	0.39110	0.25425	0.16822	0.13888	0.16822	0.25425	0.39110	0.56944	0.77713	1.00000	1.22287	1.43056	1.60890	1.74575	1.83178	
1.94815	1.91896	1.83336	1.69720	1.51975	1.31310	1.09135	0.86959	0.66294	0.48549	0.34933	0.26374	0.23454	0.26374	0.34933	0.48549	0.66294	0.86959	1.09135	1.31310	1.51975	1.69720	1.83336	1.91896	
2.02641	1.99766	1.91338	1.77929	1.60455	1.40106	1.18269	0.96432	0.76083	0.58609	0.45201	0.36772	0.33897	0.36772	0.45201	0.58609	0.76083	0.96432	1.18269	1.40106	1.60455	1.77929	1.91338	1.99766	
2.09549	2.06750	1.98544	1.85489	1.68476	1.48664	1.27404	1.06143	0.86331	0.69318	0.56263	0.48057	0.45258	0.48057	0.56263	0.69318	0.86331	1.06143	1.27404	1.48664	1.68476	1.85489	1.98544	2.06750	
2.15461	2.12772	2.04888	1.92345	1.76000	1.56965	1.36538	1.16111	0.97077	0.80731	0.68189	0.60304	0.57615	0.60304	0.68189	0.80731	0.97077	1.16111	1.36538	1.56965	1.76000	1.92345	2.04888	2.12772	
2.20248	2.17707	2.10257	1.98405	1.82960	1.64974	1.45673	1.26371	1.08385	0.92940	0.81089	0.73639	0.71097	0.73639	0.81089	0.92940	1.08385	1.26371	1.45673	1.64974	1.82960	1.98405	2.10257	2.17707	
2.23697	2.21350	2.14467	2.03520	1.89252	1.72637	1.54807	1.36977	1.20362	1.06095	0.95147	0.88265	0.85918	0.88265	0.95147	1.06095	1.20362	1.36977	1.54807	1.72637	1.89252	2.03520	2.14467	2.21350	
2.25438	2.23343	2.17199	2.07426	1.94690	1.79858	1.63942	1.48025	1.33194	1.20457	1.10684	1.04541	1.02445	1.04541	1.10684	1.20457	1.33194	1.48025	1.63942	1.79858	1.94690	2.07426	2.17199	2.23343	
2.24744	2.22983	2.17821	2.09611	1.98910	1.86449	1.73076	1.59704	1.47243	1.36542	1.28331	1.23170	1.21409	1.23170	1.28331	1.36542	1.47243	1.59704	1.73076	1.86449	1.98910	2.09611	2.17821	2.22983	
2.19746	2.18467	2.14717	2.08752	2.00979	1.91926	1.82211	1.72496	1.63443	1.55669	1.49704	1.45954	1.44675	1.45954	1.49704	1.55669	1.63443	1.72496	1.82211	1.91926	2.00979	2.08752	2.14717	2.18467	
1.91345	1.91345	1.91345	1.91345	1.91345	1.91345	1.91345	1.91345	1.91345	1.91345	1.91345	1.91345	1.91345	1.91345	1.91345	1.91345	1.91345	1.91345	1.91345	1.91345	1.91345	1.91345	1.91345	1.91345	
0.00000	0.00000	0.00000	0.00000	0.00000	0.00000	0.00000	0.00000	0.00000	0.00000	0.00000	0.00000	0.00000	0.00000	0.00000	0.00000	0.00000	0.00000	0.00000	0.00000	0.00000	0.00000	0.00000	0.00000	
0.47724	0.46439	0.42670	0.36675	0.28862	0.19764	0.10000	0.00236	-0.08862	-0.16675	-0.22670	-0.26439	-0.27724	-0.26439	-0.22670	-0.16675	-0.08862	0.00236	0.10000	0.19764	0.28862	0.36675	0.42670	0.46439	
0.71928	0.70158	0.64971	0.56718	0.45964	0.33440	0.20000	0.06560	-0.05964	-0.16718	-0.24971	-0.30158	-0.31928	-0.30158	-0.24971	-0.16718	-0.05964	0.06560	0.20000	0.33440	0.45964	0.56718	0.64971	0.70158	
0.91806	0.89700	0.83526	0.73704	0.60903	0.45997	0.30000	0.14003	-0.00903	-0.13704	-0.23526	-0.29700	-0.31806	-0.29700	-0.23526	-0.13704	-0.00903	0.14003	0.30000	0.45997	0.60903	0.73704	0.83526	0.89700	
1.09237	1.06878	0.99961	0.88958	0.74618	0.57920	0.40000	0.22080	0.05382	-0.08958	-0.19961	-0.26878	-0.29237	-0.26878	-0.19961	-0.08958	0.05382	0.22080	0.40000	0.57920	0.74618	0.88958	0.99961	1.06878	
1.24951	1.22397	1.14909	1.02998	0.87475	0.69399	0.50000	0.30601	0.12525	-0.02998	-0.14909	-0.22397	-0.24951	-0.22397	-0.14909	-0.02998	0.12525	0.30601	0.50000	0.69399	0.87475	1.02998	1.14909	1.22397	
1.39321	1.36618	1.28694	1.16088	0.99660	0.80530	0.60000	0.39470	0.20340	0.03912	-0.08694	-0.16618	-0.19321	-0.16618	-0.08694	0.03912	0.20340	0.39470	0.60000	0.80530	0.99660	1.16088	1.28694	1.36618	
1.52560	1.49746	1.41499	1.28378	1.11280	0.91368	0.70000	0.48632	0.28720	0.11622	-0.01499	-0.09746	-0.12560	-0.09746	-0.01499	0.11622	0.28720	0.48632	0.70000	0.91368	1.11280	1.28378	1.41499	1.49746	
1.64797	1.61908	1.53437	1.39961	1.22399	1.01947	0.80000	0.58053	0.37601	0.20039	0.06563	-0.01908	-0.04797	-0.01908	0.06563	0.20039	0.37601	0.58053	0.80000	1.01947	1.22399	1.39961	1.53437	1.61908	
1.76112	1.73178	1.64575	1.50890	1.33056	1.12287	0.90000	0.67713	0.46944	0.29110	0.15425	0.06822	0.03888	0.06822	0.15425	0.29110	0.46944	0.67713	0.90000	1.12287	1.33056	1.50890	1.64575	1.73178	
1.86546	1.83597	1.74951	1.61197	1.43273	1.22400	1.00000	0.77600	0.56727	0.38803	0.25049	0.16403	0.13454	0.16403	0.25049	0.38803	0.56727	0.77600	1.00000	1.22400	1.43273	1.61197	1.74951	1.83597	
1.96112	1.93178	1.84575	1.70890	1.53056	1.32287	1.10000	0.87713	0.66944	0.49110	0.35425	0.26822	0.23888	0.26822	0.35425	0.49110	0.66944	0.87713	1.10000	1.32287	1.53056	1.70890	1.84575	1.93178	
2.04797	2.01908	1.93437	1.79961	1.62399	1.41947	1.20000	0.98053	0.77601	0.60039	0.46563	0.38092	0.35203	0.38092	0.46563	0.60039	0.77601	0.98053	1.20000	1.41947	1.62399	1.79961	1.93437	2.01908	
2.12560	2.09746	2.01499	1.88378	1.71280	1.51368	1.30000	1.08632	0.88720	0.71622	0.58501	0.50254	0.47440	0.50254	0.58501	0.71622	0.88720	1.08632	1.30000	1.51368	1.71280	1.88378	2.01499	2.09746	
2.19321	2.16618	2.08694	1.96088	1.79660	1.60530	1.40000	1.19470	1.00340	0.83912	0.71306	0.63382	0.60679	0.63382	0.71306	0.83912	1.00340	1.19470	1.40000	1.60530	1.79660	1.96088	2.08694	2.16618	
2.24951	2.22397	2.14909	2.02998	1.87475	1.69399	1.50000	1.30601	1.12525	0.97002	0.85091	0.77603	0.75049	0.77603	0.85091	0.97002	1.12525	1.30601	1.50000	1.69399	1.87475	2.02998	2.14909	2.22397	
2.29237	2.26878	2.19961	2.08958	1.94618	1.77920	1.60000	1.42080	1.25382	1.11042	1.00039	0.93122	0.90763	0.93122	1.00039	1.11042	1.25382	1.42080	1.60000	1.77920	1.94618	2.08958	2.19961	2.26878	
2.31806	2.29700	2.23526	2.13704	2.00903	1.85997	1.70000	1.54003	1.39097	1.26296	1.16474	1.10300	1.08194	1.10300	1.16474	1.26296	1.39097	1.54003	1.70000	1.85997	2.00903	2.13704	2.23526	2.29700	
2.31928	2.30158	2.24971	2.16718	2.05964	1.93440	1.80000	1.66560	1.54036	1.43282	1.35029	1.29842	1.28072	1.29842	1.35029	1.43282	1.54036	1.66560	1.80000	1.93440	2.05964	2.16718	2.24971	2.30158	
2.27724	2.26439	2.22670	2.16675	2.08862	1.99764	1.90000	1.80236	1.71138	1.63325	1.57330	1.53561	1.52276	1.53561	1.57330	1.63325	1.71138	1.80236	1.90000	1.99764	2.08862	2.16675	2.22670	2.26439	
2.00000	2.00000	2.00000	2.00000	2.00000	2.00000	2.00000	2.00000	2.00000	2.00000	2.00000	2.00000	2.00000	2.00000	2.00000	2.00000	2.00000	2.00000	2.00000	2.00000	2.00000	2.00000	2.00000	2.00000	
-0.08655	-0.08655	-0.08655	-0.08655	-0.08655	-0.08655	-0.08655	-0.08655	-0.08655	-0.08655	-0.08655	-0.08655	-0.08655	-0.08655	-0.08655	-0.08655	-0.08655	-0.08655	-0.08655	-0.08655	-0.08655	-0.08655	-0.08655	-0.08655	
0.39746	0.38467	0.34717	0.28752	0.20979	0.11926	0.02211	-0.07504	-0.16557	-0.24331	-0.30296	-0.34046	-0.35325	-0.34046	-0.30296	-0.24331	-0.16557	-0.07504	0.02211	0.11926	0.20979	0.28752	0.34717	0.38467	
0.64744	0.62983	0.57821	0.49611	0.38910	0.26449	0.13076	-0.00296	-0.12757	-0.23458	-0.31669	-0.36830	-0.38591	-0.36830	-0.31669	-0.23458	-0.12757	-0.00296	0.13076	0.26449	0.38910	0.49611	0.57821	0.62983	
0.85438	0.83343	0.77199	0.67426	0.54690	0.39858	0.23942	0.08025	-0.06806	-0.19543	-0.29316	-0.35459	-0.37555	-0.35459	-0.29316	-0.19543	-0.06806	0.08025	0.23942	0.39858	0.54690	0.67426	0.77199	0.83343	
1.03697	1.01350	0.94467	0.83520	0.69252	0.52637	0.34807	0.16977	0.00362	-0.13905	-0.24853	-0.31735	-0.34082	-0.31735	-0.24853	-0.13905	0.00362	0.16977	0.34807	0.52637	0.69252	0.83520	0.94467	1.01350	
1.20248	1.17707	1.10257	0.98405	0.82960	0.64974	0.45673	0.26371	0.08385	-0.07060	-0.18911	-0.26361	-0.28903	-0.26361	-0.18911	-0.07060	0.08385	0.26371	0.45673	0.64974	0.82960	0.98405	1.10257	1.17707	
1.35461	1.32772	1.24888	1.12345	0.96000	0.76965	0.56538	0.36111	0.17077	0.00731	-0.11811	-0.19696	-0.22385	-0.19696	-0.11811	0.00731	0.17077	0.36111	0.56538	0.76965	0.96000	1.12345	1.24888	1.32772	
1.49549	1.46750	1.38544	1.25489	1.08476	0.88664	0.67404	0.46143	0.26331	0.09318	-0.03737	-0.11943	-0.14742	-0.11943	-0.03737	0.09318	0.26331	0.46143	0.67404	0.88664	1.08476	1.25489	1.38544	1.46750	
1.62641	1.59766	1.51338	1.37929	1.20455	1.00106	0.78269	0.56432	0.36083	0.18609	0.05201	-0.03228	-0.06103	-0.03228	0.05201	0.18609	0.36083	0.56432	0.78269	1.00106	1.20455	1.37929	1.51338	1.59766	
1.74815	1.71896	1.63336	1.49720	1.31975	1.11310	0.89135	0.66959	0.46294	0.28549	0.14933	0.06374	0.03454	0.06374	0.14933	0.28549	0.46294	0.66959	0.89135	1.11310	1.31975	1.49720	1.63336	1.71896	
1.86112	1.83178	1.74575	1.60890	1.43056	1.22287	1.00000	0.77713	0.56944	0.39110	0.25425	0.16822	0.13888	0.16822	0.25425	0.39110	0.56944	0.77713	1.00000	1.22287	1.43056	1.60890	1.74575	1.83178	
1.96546	1.93626	1.85067	1.71451	1.53706	1.33041	1.10865	0.88690	0.68025	0.50280	0.36664	0.28104	0.25185	0.28104	0.36664	0.50280	0.68025	0.88690	1.10865	1.33041	1.53706	1.71451	1.85067	1.93626	
2.06103	2.03228	1.94799	1.81391	1.63917	1.43568	1.21731	0.99894	0.79545	0.62071	0.48662	0.40234	0.37359	0.40234	0.48662	0.62071	0.79545	0.99894	1.21731	1.43568	1.63917	1.81391	1.94799	2.03228	
2.14742	2.11943	2.03737	1.90682	1.73669	1.53857	1.32596	1.11336	0.91524	0.74511	0.61456	0.53250	0.50451	0.53250	0.61456	0.74511	0.91524	1.11336	1.32596	1.53857	1.73669	1.90682	2.03737	2.11943	
2.22385	2.19696	2.11811	1.99269	1.82923	1.63889	1.43462	1.23035	1.04000	0.87655	0.75112	0.67228	0.64539	0.67228	0.75112	0.87655	1.04000	1.23035	1.43462	1.63889	1.82923	1.99269	2.11811	2.19696	
2.28903	2.26361	2.18911	2.07060	1.91615	1.73629	1.54327	1.35026	1.17040	1.01595	0.89743	0.82293	0.79752	0.82293	0.89743	1.01595	1.17040	1.35026	1.54327	1.73629	1.91615	2.07060	2.18911	2.26361	
2.34082	2.31735	2.24853	2.13905	1.99638	1.83023	1.65193	1.47363	1.30748	1.16480	1.05533	0.98650	0.96303	0.98650	1.05533	1.16480	1.30748	1.47363	1.65193	1.83023	1.99638	2.13905	2.24853	2.31735	
2.37555	2.35459	2.29316	2.19543	2.06806	1.91975	1.76058	1.60142	1.45310	1.32574	1.22801	1.16657	1.14562	1.16657	1.22801	1.32574	1.45310	1.60142	1.76058	1.91975	2.06806	2.19543	2.29316	2.35459	
2.38591	2.36830	2.31669	2.23458	2.12757	2.00296	1.86924	1.73551	1.61090	1.50389	1.42179	1.37017	1.35256	1.37017	1.42179	1.50389	1.61090	1.73551	1.86924	2.00296	2.12757	2.23458	2.31669	2.36830	
2.35325	2.34046	2.30296	2.24331	2.16557	2.07504	1.97789	1.88074	1.79021	1.71248	1.65283	1.61533	1.60254	1.61533	1.65283	1.71248	1.79021	1.88074	1.97789	2.07504	2.16557	2.24331	2.30296	2.34046	
2.08655	2.08655	2.08655	2.08655	2.08655	2.08655	2.08655	2.08655	2.08655	2.08655	2.08655	2.08655	2.08655	2.08655	2.08655	2.08655	2.08655	2.08655	2.08655	2.08655	2.08655	2.08655	2.08655	2.08655	
-0.17309	-0.17309	-0.17309	-0.17309	-0.17309	-0.17309	-0.17309	-0.17309	-0.17309	-0.17309	-0.17309	-0.17309	-0.17309	-0.17309	-0.17309	-0.17309	-0.17309	-0.17309	-0.17309	-0.17309	-0.17309	-0.17309	-0.17309	-0.17309	
0.31384	0.30125	0.26432	0.20558	0.12903	0.03988	-0.05578	-0.15145	-0.24059	-0.31715	-0.37589	-0.41281	-0.42541	-0.41281	-0.37589	-0.31715	-0.24059	-0.15145	-0.05578	0.03988	0.12903	0.20558	0.26432	0.30125	
0.57031	0.55297	0.50215	0.42129	0.31592	0.19321	0.06153	-0.07016	-0.19287	-0.29824	-0.37909	-0.42992	-0.44726	-0.42992	-0.37909	-0.29824	-0.19287	-0.07016	0.06153	0.19321	0.31592	0.42129	0.50215	0.55297	
0.78441	0.76378	0.70328	0.60704	0.48162	0.33557	0.17884	0.02210	-0.12395	-0.24937	-0.34561	-0.40610	-0.42674	-0.40610	-0.34561	-0.24937	-0.12395	0.02210	0.17884	0.33557	0.48162	0.60704	0.70328	0.76378	
0.97452	0.95141	0.88364	0.77583	0.63533	0.47172	0.29614	0.12057	-0.04304	-0.18354	-0.29135	-0.35912	-0.38223	-0.35912	-0.29135	-0.18354	-0.04304	0.12057	0.29614	0.47172	0.63533	0.77583	0.88364	0.95141	
1.14782	1.12280	1.04943	0.93273	0.78064	0.60352	0.41345	0.22339	0.04627	-0.10582	-0.22253	-0.29589	-0.32091	-0.29589	-0.22253	-0.10582	0.04627	0.22339	0.41345	0.60352	0.78064	0.93273	1.04943	1.12280	
1.30794	1.28146	1.20382	1.08031	0.91935	0.73191	0.53076	0.32961	0.14217	-0.01879	-0.14229	-0.21994	-0.24642	-0.21994	-0.14229	-0.01879	0.14217	0.32961	0.53076	0.73191	0.91935	1.08031	1.20382	1.28146	
1.45699	1.42942	1.34861	1.22006	1.05253	0.85744	0.64807	0.43871	0.24361	0.07608	-0.05247	-0.13328	-0.16084	-0.13328	-0.05247	0.07608	0.24361	0.43871	0.64807	0.85744	1.05253	1.22006	1.34861	1.42942	
1.59622	1.56791	1.48491	1.35287	1.18080	0.98042	0.76538	0.55034	0.34996	0.17789	0.04585	-0.03715	-0.06546	-0.03715	0.04585	0.17789	0.34996	0.55034	0.76538	0.98042	1.18080	1.35287	1.48491	1.56791	
1.72641	1.69766	1.61338	1.47929	1.30455	1.10106	0.88269	0.66432	0.46083	0.28609	0.15201	0.06772	0.03897	0.06772	0.15201	0.28609	0.46083	0.66432	0.88269	1.10106	1.30455	1.47929	1.61338	1.69766	
1.84797	1.81908	1.73437	1.59961	1.42399	1.21947	1.00000	0.78053	0.57601	0.40039	0.26563	0.18092	0.15203	0.18092	0.26563	0.40039	0.57601	0.78053	1.00000	1.21947	1.42399	1.59961	1.73437	1.81908	
1.96103	1.93228	1.84799	1.71391	1.53917	1.33568	1.11731	0.89894	0.69545	0.52071	0.38662	0.30234	0.27359	0.30234	0.38662	0.52071	0.69545	0.89894	1.11731	1.33568	1.53917	1.71391	1.84799	1.93228	
2.06546	2.03715	1.95415	1.82211	1.65004	1.44966	1.23462	1.01958	0.81920	0.64713	0.51509	0.43209	0.40378	0.43209	0.51509	0.64713	0.81920	1.01958	1.23462	1.44966	1.65004	1.82211	1.95415	2.03715	
2.16084	2.13328	2.05247	1.92392	1.75639	1.56129	1.35193	1.14256	0.94747	0.77994	0.65139	0.57058	0.54301	0.57058	0.65139	0.77994	0.94747	1.14256	1.35193	1.56129	1.75639	1.92392	2.05247	2.13328	
2.24642	2.21994	2.14229	2.01879	1.85783	1.67039	1.46924	1.26809	1.08065	0.91969	0.79618	0.71854	0.69206	0.71854	0.79618	0.91969	1.08065	1.26809	1.46924	1.67039	1.85783	2.01879	2.14229	2.21994	
2.32091	2.29589	2.22253	2.10582	1.95373	1.77661	1.58655	1.39648	1.21936	1.06727	0.95057	0.87720	0.85218	0.87720	0.95057	1.06727	1.21936	1.39648	1.58655	1.77661	1.95373	2.10582	2.22253	2.29589	
2.38223	2.35912	2.29135	2.18354	2.04304	1.87943	1.70386	1.52828	1.36467	1.22417	1.11636	1.04859	1.02548	1.04859	1.11636	1.22417	1.36467	1.52828	1.70386	1.87943	2.04304	2.18354	2.29135	2.35912	
2.42674	2.40610	2.34561	2.24937	2.12395	1.97790	1.82116	1.66443	1.51838	1.39296	1.29672	1.23622	1.21559	1.23622	1.29672	1.39296	1.51838	1.66443	1.82116	1.97790	2.12395	2.24937	2.34561	2.40610	
2.44726	2.42992	2.37909	2.29824	2.19287	2.07016	1.93847	1.80679	1.68408	1.57871	1.49785	1.44703	1.42969	1.44703	1.49785	1.57871	1.68408	1.80679	1.93847	2.07016	2.19287	2.29824	2.37909	2.42992	
2.42541	2.41281	2.37589	2.31715	2.24059	2.15145	2.05578	1.96012	1.87097	1.79442	1.73568	1.69875	1.68616	1.69875	1.73568	1.79442	1.87097	1.96012	2.05578	2.15145	2.24059	2.31715	2.37589	2.41281	
2.17309	2.17309	2.17309	2.17309	2.17309	2.17309	2.17309	2.17309	2.17309	2.17309	2.17309	2.17309	2.17309	2.17309	2.17309	2.17309	2.17309	2.17309	2.17309	2.17309	2.17309	2.17309	2.17309	2.17309	
-0.25964	-0.25964	-0.25964	-0.25964	-0.25964	-0.25964	-0.25964	-0.25964	-0.25964	-0.25964	-0.25964	-0.25964	-0.25964	-0.25964	-0.25964	-0.25964	-0.25964	-0.25964	-0.25964	-0.25964	-0.25964	-0.25964	-0.25964	-0.25964	
0.22619	0.21393	0.17798	0.12079	0.04626	-0.04053	-0.13367	-0.22681	-0.31361	-0.38814	-0.44533	-0.48128	-0.49354	-0.48128	-0.44533	-0.38814	-0.31361	-0.22681	-0.13367	-0.04053	0.04626	0.12079	0.17798	0.21393	
0.48765	0.47077	0.42128	0.34256	0.23997	0.12050	-0.00771	-0.13592	-0.25539	-0.35798	-0.43670	-0.48619	-0.50307	-0.48619	-0.43670	-0.35798	-0.25539	-0.13592	-0.00771	0.12050	0.23997	0.34256	0.42128	0.47077	
0.70785	0.68776	0.62886	0.53516	0.41305	0.27085	0.11825	-0.03434	-0.17654	-0.29865	-0.39235	-0.45125	-0.47134	-0.45125	-0.39235	-0.29865	-0.17654	-0.03434	0.11825	0.27085	0.41305	0.53516	0.62886	0.68776	
0.90469	0.88219	0.81621	0.71124	0.57446	0.41516	0.24422	0.07327	-0.08602	-0.22281	-0.32777	-0.39375	-0.41626	-0.39375	-0.32777	-0.22281	-0.08602	0.07327	0.24422	0.41516	0.57446	0.71124	0.81621	0.88219	
1.08517	1.06081	0.98938	0.87575	0.72767	0.55523	0.37018	0.18513	0.01269	-0.13539	-0.24902	-0.32044	-0.34481	-0.32044	-0.24902	-0.13539	0.01269	0.18513	0.37018	0.55523	0.72767	0.87575	0.98938	1.06081	
1.25282	1.22703	1.15144	1.03119	0.87448	0.69199	0.49614	0.30030	0.11781	-0.03890	-0.15915	-0.23474	-0.26053	-0.23474	-0.15915	-0.03890	0.11781	0.30030	0.49614	0.69199	0.87448	1.03119	1.15144	1.22703	
1.40968	1.38284	1.30416	1.17900	1.01589	0.82595	0.62211	0.41827	0.22832	0.06521	-0.05995	-0.13862	-0.16546	-0.13862	-0.05995	0.06521	0.22832	0.41827	0.62211	0.82595	1.01589	1.17900	1.30416	1.38284	
1.55699	1.52942	1.44861	1.32006	1.15253	0.95744	0.74807	0.53871	0.34361	0.17608	0.04753	-0.03328	-0.06084	-0.03328	0.04753	0.17608	0.34361	0.53871	0.74807	0.95744	1.15253	1.32006	1.44861	1.52942	
1.69549	1.66750	1.58544	1.45489	1.28476	1.08664	0.87404	0.66143	0.46331	0.29318	0.16263	0.08057	0.05258	0.08057	0.16263	0.29318	0.46331	0.66143	0.87404	1.08664	1.28476	1.45489	1.58544	1.66750	
1.82560	1.79746	1.71499	1.58378	1.41280	1.21368	1.00000	0.78632	0.58720	0.41622	0.28501	0.20254	0.17440	0.20254	0.28501	0.41622	0.58720	0.78632	1.00000	1.21368	1.41280	1.58378	1.71499	1.79746	
1.94742	1.91943	1.83737	1.70682	1.53669	1.33857	1.12596	0.91336	0.71524	0.54511	0.41456	0.33250	0.30451	0.33250	0.41456	0.54511	0.71524	0.91336	1.12596	1.33857	1.53669	1.70682	1.83737	1.91943	
2.06084	2.03328	1.95247	1.82392	1.65639	1.46129	1.25193	1.04256	0.84747	0.67994	0.55139	0.47058	0.44301	0.47058	0.55139	0.67994	0.84747	1.04256	1.25193	1.46129	1.65639	1.82392	1.95247	2.03328	
2.16546	2.13862	2.05995	1.93479	1.77168	1.58173	1.37789	1.17405	0.98411	0.82100	0.69584	0.61716	0.59032	0.61716	0.69584	0.82100	0.98411	1.17405	1.37789	1.58173	1.77168	1.93479	2.05995	2.13862	
2.26053	2.23474	2.15915	2.03890	1.88219	1.69970	1.50386	1.30801	1.12552	0.96881	0.84856	0.77297	0.74718	0.77297	0.84856	0.96881	1.12552	1.30801	1.50386	1.69970	1.88219	2.03890	2.15915	2.23474	
2.34481	2.32044	2.24902	2.13539	1.98731	1.81487	1.62982	1.44477	1.27233	1.12425	1.01062	0.93919	0.91483	0.93919	1.01062	1.12425	1.27233	1.44477	1.62982	1.81487	1.98731	2.13539	2.24902	2.32044	
2.41626	2.39375	2.32777	2.22281	2.08602	1.92673	1.75578	1.58484	1.42554	1.28876	1.18379	1.11781	1.09531	1.11781	1.18379	1.28876	1.42554	1.58484	1.75578	1.92673	2.08602	2.22281	2.32777	2.39375	
2.47134	2.45125	2.39235	2.29865	2.17654	2.03434	1.88175	1.72915	1.58695	1.46484	1.37114	1.31224	1.29215	1.31224	1.37114	1.46484	1.58695	1.72915	1.88175	2.03434	2.17654	2.29865	2.39235	2.45125	
2.50307	2.48619	2.43670	2.35798	2.25539	2.13592	2.00771	1.87950	1.76003	1.65744	1.57872	1.52923	1.51235	1.52923	1.57872	1.65744	1.76003	1.87950	2.00771	2.13592	2.25539	2.35798	2.43670	2.48619	
2.49354	2.48128	2.44533	2.38814	2.31361	2.22681	2.13367	2.04053	1.95374	1.87921	1.82202	1.78607	1.77381	1.78607	1.82202	1.87921	1.95374	2.04053	2.13367	2.22681	2.31361	2.38814	2.44533	2.48128	
2.25964	2.25964	2.25964	2.25964	2.25964	2.25964	2.25964	2.25964	2.25964	2.25964	2.25964	2.25964	2.25964	2.25964	2.25964	2.25964	2.25964	2.25964	2.25964	2.25964	2.25964	2.25964	2.25964	2.25964	
-0.34618	-0.34618	-0.34618	-0.34618	-0.34618	-0.34618	-0.34618	-0.34618	-0.34618	-0.34618	-0.34618	-0.34618	-0.34618	-0.34618	-0.34618	-0.34618	-0.34618	-0.34618	-0.34618	-0.34618	-0.34618	-0.34618	-0.34618	-0.34618	
0.13419	0.12240	0.08786	0.03292	-0.03869	-0.12208	-0.21157	-0.30105	-0.38444	-0.45605	-0.51099	-0.54553	-0.55732	-0.54553	-0.51099	-0.45605	-0.38444	-0.30105	-0.21157	-0.12208	-0.03869	0.03292	0.08786	0.12240	
0.39898	0.38276	0.33522	0.25958	0.16101	0.04623	-0.07695	-0.20013	-0.31491	-0.41348	-0.48911	-0.53665	-0.55287	-0.53665	-0.48911	-0.41348	-0.31491	-0.20013	-0.07695	0.04623	0.16101	0.25958	0.33522	0.38276	
0.62413	0.60483	0.54824	0.45822	0.34090	0.20428	0.05767	-0.08894	-0.22556	-0.34288	-0.43290	-0.48949	-0.50879	-0.48949	-0.43290	-0.34288	-0.22556	-0.08894	0.05767	0.20428	0.34090	0.45822	0.54824	0.60483	
0.82685	0.80523	0.74184	0.64100	0.50957	0.35653	0.19229	0.02805	-0.12499	-0.25642	-0.35726	-0.42065	-0.44228	-0.42065	-0.35726	-0.25642	-0.12499	0.02805	0.19229	0.35653	0.50957	0.64100	0.74184	0.80523	
1.01385	0.99044	0.92181	0.81265	0.67038	0.50470	0.32691	0.14912	-0.01656	-0.15883	-0.26800	-0.33662	-0.36003	-0.33662	-0.26800	-0.15883	-0.01656	0.14912	0.32691	0.50470	0.67038	0.81265	0.92181	0.99044	
1.18851	1.16374	1.09111	0.97558	0.82502	0.64968	0.46153	0.27337	0.09803	-0.05253	-0.16806	-0.24069	-0.26546	-0.24069	-0.16806	-0.05253	0.09803	0.27337	0.46153	0.64968	0.82502	0.97558	1.09111	1.16374	
1.35282	1.32703	1.25144	1.13119	0.97448	0.79199	0.59614	0.40030	0.21781	0.06110	-0.05915	-0.13474	-0.16053	-0.13474	-0.05915	0.06110	0.21781	0.40030	0.59614	0.79199	0.97448	1.13119	1.25144	1.32703	
1.50794	1.48146	1.40382	1.28031	1.11935	0.93191	0.73076	0.52961	0.34217	0.18121	0.05771	-0.01994	-0.04642	-0.01994	0.05771	0.18121	0.34217	0.52961	0.73076	0.93191	1.11935	1.28031	1.40382	1.48146	
1.65461	1.62772	1.54888	1.42345	1.26000	1.06965	0.86538	0.66111	0.47077	0.30731	0.18189	0.10304	0.07615	0.10304	0.18189	0.30731	0.47077	0.66111	0.86538	1.06965	1.26000	1.42345	1.54888	1.62772	
1.79321	1.76618	1.68694	1.56088	1.39660	1.20530	1.00000	0.79470	0.60340	0.43912	0.31306	0.23382	0.20679	0.23382	0.31306	0.43912	0.60340	0.79470	1.00000	1.20530	1.39660	1.56088	1.68694	1.76618	
1.92385	1.89696	1.81811	1.69269	1.52923	1.33889	1.13462	0.93035	0.74000	0.57655	0.45112	0.37228	0.34539	0.37228	0.45112	0.57655	0.74000	0.93035	1.13462	1.33889	1.52923	1.69269	1.81811	1.89696	
2.04642	2.01994	1.94229	1.81879	1.65783	1.47039	1.26924	1.06809	0.88065	0.71969	0.59618	0.51854	0.49206	0.51854	0.59618	0.71969	0.88065	1.06809	1.26924	1.47039	1.65783	1.81879	1.94229	2.01994	
2.16053	2.13474	2.05915	1.93890	1.78219	1.59970	1.40386	1.20801	1.02552	0.86881	0.74856	0.67297	0.64718	0.67297	0.74856	0.86881	1.02552	1.20801	1.40386	1.59970	1.78219	1.93890	2.05915	2.13474	
2.26546	2.24069	2.16806	2.05253	1.90197	1.72663	1.53847	1.35032	1.17498	1.02442	0.90889	0.83626	0.81149	0.83626	0.90889	1.02442	1.17498	1.35032	1.53847	1.72663	1.90197	2.05253	2.16806	2.24069	
2.36003	2.33662	2.26800	2.15883	2.01656	1.85088	1.67309	1.49530	1.32962	1.18735	1.07819	1.00956	0.98615	1.00956	1.07819	1.18735	1.32962	1.49530	1.67309	1.85088	2.01656	2.15883	2.26800	2.33662	
2.44228	2.42065	2.35726	2.25642	2.12499	1.97195	1.80771	1.64347	1.49043	1.35900	1.25816	1.19477	1.17315	1.19477	1.25816	1.35900	1.49043	1.64347	1.80771	1.97195	2.12499	2.25642	2.35726	2.42065	
2.50879	2.48949	2.43290	2.34288	2.22556	2.08894	1.94233	1.79572	1.65910	1.54178	1.45176	1.39517	1.37587	1.39517	1.45176	1.54178	1.65910	1.79572	1.94233	2.08894	2.22556	2.34288	2.43290	2.48949	
2.55287	2.53665	2.48911	2.41348	2.31491	2.20013	2.07695	1.95377	1.83899	1.74042	1.66478	1.61724	1.60102	1.61724	1.66478	1.74042	1.83899	1.95377	2.07695	2.20013	2.31491	2.41348	2.48911	2.53665	
2.55732	2.54553	2.51099	2.45605	2.38444	2.30105	2.21157	2.12208	2.03869	1.96708	1.91214	1.87760	1.86581	1.87760	1.91214	1.96708	2.03869	2.12208	2.21157	2.30105	2.38444	2.45605	2.51099	2.54553	
2.34618	2.34618	2.34618	2.34618	2.34618	2.34618	2.34618	2.34618	2.34618	2.34618	2.34618	2.34618	2.34618	2.34618	2.34618	2.34618	2.34618	2.34618	2.34618	2.34618	2.34618	2.34618	2.34618	2.34618	
-0.43273	-0.43273	-0.43273	-0.43273	-0.43273	-0.43273	-0.43273	-0.43273	-0.43273	-0.43273	-0.43273	-0.43273	-0.43273	-0.43273	-0.43273	-0.43273	-0.43273	-0.43273	-0.43273	-0.43273	-0.43273	-0.43273	-0.43273	-0.43273	
0.03725	0.02611	-0.00652	-0.05844	-0.12610	-0.20490	-0.28946	-0.37401	-0.45281	-0.52047	-0.57239	-0.60503	-0.61616	-0.60503	-0.57239	-0.52047	-0.45281	-0.37401	-0.28946	-0.20490	-0.12610	-0.05844	-0.00652	0.02611	
0.30352	0.28820	0.24327	0.17181	0.07867	-0.02979	-0.14618	-0.26258	-0.37104	-0.46417	-0.53564	-0.58057	-0.59589	-0.58057	-0.53564	-0.46417	-0.37104	-0.26258	-0.14618	-0.02979	0.07867	0.17181	0.24327	0.28820	
0.53235	0.51411	0.46064	0.37557	0.26472	0.13562	-0.00291	-0.14145	-0.27054	-0.38139	-0.46646	-0.51993	-0.53817	-0.51993	-0.46646	-0.38139	-0.27054	-0.14145	-0.00291	0.13562	0.26472	0.37557	0.46064	0.51411	
0.73997	0.71954	0.65964	0.56435	0.44017	0.29555	0.14036	-0.01483	-0.15944	-0.28362	-0.37891	-0.43881	-0.45925	-0.43881	-0.37891	-0.28362	-0.15944	-0.01483	0.14036	0.29555	0.44017	0.56435	0.65964	0.71954	
0.93273	0.91061	0.84577	0.74261	0.60818	0.45163	0.28364	0.11564	-0.04091	-0.17534	-0.27850	-0.34334	-0.36546	-0.34334	-0.27850	-0.17534	-0.04091	0.11564	0.28364	0.45163	0.60818	0.74261	0.84577	0.91061	
1.11385	1.09044	1.02181	0.91265	0.77038	0.60470	0.42691	0.24912	0.08344	-0.05883	-0.16800	-0.23662	-0.26003	-0.23662	-0.16800	-0.05883	0.08344	0.24912	0.42691	0.60470	0.77038	0.91265	1.02181	1.09044	
1.28517	1.26081	1.18938	1.07575	0.92767	0.75523	0.57018	0.38513	0.21269	0.06461	-0.04902	-0.12044	-0.14481	-0.12044	-0.04902	0.06461	0.21269	0.38513	0.57018	0.75523	0.92767	1.07575	1.18938	1.26081	
1.44782	1.42280	1.34943	1.23273	1.08064	0.90352	0.71345	0.52339	0.34627	0.19418	0.07747	0.00411	-0.02091	0.00411	0.07747	0.19418	0.34627	0.52339	0.71345	0.90352	1.08064	1.23273	1.34943	1.42280	
1.60248	1.57707	1.50257	1.38405	1.22960	1.04974	0.85673	0.66371	0.48385	0.32940	0.21089	0.13639	0.11097	0.13639	0.21089	0.32940	0.48385	0.66371	0.85673	1.04974	1.22960	1.38405	1.50257	1.57707	
1.74951	1.72397	1.64909	1.52998	1.37475	1.19399	1.00000	0.80601	0.62525	0.47002	0.35091	0.27603	0.25049	0.27603	0.35091	0.47002	0.62525	0.80601	1.00000	1.19399	1.37475	1.52998	1.64909	1.72397	
1.88903	1.86361	1.78911	1.67060	1.51615	1.33629	1.14327	0.95026	0.77040	0.61595	0.49743	0.42293	0.39752	0.42293	0.49743	0.61595	0.77040	0.95026	1.14327	1.33629	1.51615	1.67060	1.78911	1.86361	
2.02091	1.99589	1.92253	1.80582	1.65373	1.47661	1.28655	1.09648	0.91936	0.76727	0.65057	0.57720	0.55218	0.57720	0.65057	0.76727	0.91936	1.09648	1.28655	1.47661	1.65373	1.80582	1.92253	1.99589	
2.14481	2.12044	2.04902	1.93539	1.78731	1.61487	1.42982	1.24477	1.07233	0.92425	0.81062	0.73919	0.71483	0.73919	0.81062	0.92425	1.07233	1.24477	1.42982	1.61487	1.78731	1.93539	2.04902	2.12044	
2.26003	2.23662	2.16800	2.05883	1.91656	1.75088	1.57309	1.39530	1.22962	1.08735	0.97819	0.90956	0.88615	0.90956	0.97819	1.08735	1.22962	1.39530	1.57309	1.75088	1.91656	2.05883	2.16800	2.23662	
2.36546	2.34334	2.27850	2.17534	2.04091	1.88436	1.71636	1.54837	1.39182	1.25739	1.15423	1.08939	1.06727	1.08939	1.15423	1.25739	1.39182	1.54837	1.71636	1.88436	2.04091	2.17534	2.27850	2.34334	
2.45925	2.43881	2.37891	2.28362	2.15944	2.01483	1.85964	1.70445	1.55983	1.43565	1.34036	1.28046	1.26003	1.28046	1.34036	1.43565	1.55983	1.70445	1.85964	2.01483	2.15944	2.28362	2.37891	2.43881	
2.53817	2.51993	2.46646	2.38139	2.27054	2.14145	2.00291	1.86438	1.73528	1.62443	1.53936	1.48589	1.46765	1.48589	1.53936	1.62443	1.73528	1.86438	2.00291	2.14145	2.27054	2.38139	2.46646	2.51993	
2.59589	2.58057	2.53564	2.46417	2.37104	2.26258	2.14618	2.02979	1.92133	1.82819	1.75673	1.71180	1.69648	1.71180	1.75673	1.82819	1.92133	2.02979	2.14618	2.26258	2.37104	2.46417	2.53564	2.58057	
2.61616	2.60503	2.57239	2.52047	2.45281	2.37401	2.28946	2.20490	2.12610	2.05844	2.00652	1.97389	1.96275	1.97389	2.00652	2.05844	2.12610	2.20490	2.28946	2.37401	2.45281	2.52047	2.57239	2.60503	
2.43273	2.43273	2.43273	2.43273	2.43273	2.43273	2.43273	2.43273	2.43273	2.43273	2.43273	2.43273	2.43273	2.43273	2.43273	2.43273	2.43273	2.43273	2.43273	2.43273	2.43273	2.43273	2.43273	2.43273	
-0.51928	-0.51928	-0.51928	-0.51928	-0.51928	-0.51928	-0.51928	-0.51928	-0.51928	-0.51928	-0.51928	-0.51928	-0.51928	-0.51928	-0.51928	-0.51928	-0.51928	-0.51928	-0.51928	-0.51928	-0.51928	-0.51928	-0.51928	-0.51928	
-0.06555	-0.07584	-0.10599	-0.15395	-0.21645	-0.28924	-0.36735	-0.44546	-0.51825	-0.58075	-0.62871	-0.65886	-0.66914	-0.65886	-0.62871	-0.58075	-0.51825	-0.44546	-0.36735	-0.28924	-0.21645	-0.15395	-0.10599	-0.07584	
0.20000	0.18584	0.14434	0.07833	-0.00771	-0.10790	-0.21542	-0.32294	-0.42313	-0.50917	-0.57519	-0.61669	-0.63084	-0.61669	-0.57519	-0.50917	-0.42313	-0.32294	-0.21542	-0.10790	-0.00771	0.07833	0.14434	0.18584	
0.43096	0.41411	0.36471	0.28614	0.18373	0.06448	-0.06349	-0.19147	-0.31072	-0.41312	-0.49170	-0.54109	-0.55794	-0.54109	-0.49170	-0.41312	-0.31072	-0.19147	-0.06349	0.06448	0.18373	0.28614	0.36471	0.41411	
0.64233	0.62346	0.56812	0.48010	0.36538	0.23179	0.08843	-0.05492	-0.18851	-0.30323	-0.39125	-0.44659	-0.46546	-0.44659	-0.39125	-0.30323	-0.18851	-0.05492	0.08843	0.23179	0.36538	0.48010	0.56812	0.62346	
0.83997	0.81954	0.75964	0.66435	0.54017	0.39555	0.24036	0.08517	-0.05944	-0.18362	-0.27891	-0.33881	-0.35925	-0.33881	-0.27891	-0.18362	-0.05944	0.08517	0.24036	0.39555	0.54017	0.66435	0.75964	0.81954	
1.02685	1.00523	0.94184	0.84100	0.70957	0.55653	0.39229	0.22805	0.07501	-0.05642	-0.15726	-0.22065	-0.24228	-0.22065	-0.15726	-0.05642	0.07501	0.22805	0.39229	0.55653	0.70957	0.84100	0.94184	1.00523	
1.20469	1.18219	1.11621	1.01124	0.87446	0.71516	0.54422	0.37327	0.21398	0.07719	-0.02777	-0.09375	-0.11626	-0.09375	-0.02777	0.07719	0.21398	0.37327	0.54422	0.71516	0.87446	1.01124	1.11621	1.18219	
1.37452	1.35141	1.28364	1.17583	1.03533	0.87172	0.69614	0.52057	0.35696	0.21646	0.10865	0.04088	0.01777	0.04088	0.10865	0.21646	0.35696	0.52057	0.69614	0.87172	1.03533	1.17583	1.28364	1.35141	
1.53697	1.51350	1.44467	1.33520	1.19252	1.02637	0.84807	0.66977	0.50362	0.36095	0.25147	0.18265	0.15918	0.18265	0.25147	0.36095	0.50362	0.66977	0.84807	1.02637	1.19252	1.33520	1.44467	1.51350	
1.69237	1.66878	1.59961	1.48958	1.34618	1.17920	1.00000	0.82080	0.65382	0.51042	0.40039	0.33122	0.30763	0.33122	0.40039	0.51042	0.65382	0.82080	1.00000	1.17920	1.34618	1.48958	1.59961	1.66878	
1.84082	1.81735	1.74853	1.63905	1.49638	1.33023	1.15193	0.97363	0.80748	0.66480	0.55533	0.48650	0.46303	0.48650	0.55533	0.66480	0.80748	0.97363	1.15193	1.33023	1.49638	1.63905	1.74853	1.81735	
1.98223	1.95912	1.89135	1.78354	1.64304	1.47943	1.30386	1.12828	0.96467	0.82417	0.71636	0.64859	0.62548	0.64859	0.71636	0.82417	0.96467	1.12828	1.30386	1.47943	1.64304	1.78354	1.89135	1.95912	
2.11626	2.09375	2.02777	1.92281	1.78602	1.62673	1.45578	1.28484	1.12554	0.98876	0.88379	0.81781	0.79531	0.81781	0.88379	0.98876	1.12554	1.28484	1.45578	1.62673	1.78602	1.92281	2.02777	2.09375	
2.24228	2.22065	2.15726	2.05642	1.92499	1.77195	1.60771	1.44347	1.29043	1.15900	1.05816	0.99477	0.97315	0.99477	1.05816	1.15900	1.29043	1.44347	1.60771	1.77195	1.92499	2.05642	2.15726	2.22065	
2.35925	2.33881	2.27891	2.18362	2.05944	1.91483	1.75964	1.60445	1.45983	1.33565	1.24036	1.18046	1.16003	1.18046	1.24036	1.33565	1.45983	1.60445	1.75964	1.91483	2.05944	2.18362	2.27891	2.33881	
2.46546	2.44659	2.39125	2.30323	2.18851	2.05492	1.91157	1.76821	1.63462	1.51990	1.43188	1.37654	1.35767	1.37654	1.43188	1.51990	1.63462	1.76821	1.91157	2.05492	2.18851	2.30323	2.39125	2.44659	
2.55794	2.54109	2.49170	2.41312	2.31072	2.19147	2.06349	1.93552	1.81627	1.71386	1.63529	1.58589	1.56904	1.58589	1.63529	1.71386	1.81627	1.93552	2.06349	2.19147	2.31072	2.41312	2.49170	2.54109	
2.63084	2.61669	2.57519	2.50917	2.42313	2.32294	2.21542	2.10790	2.00771	1.92167	1.85566	1.81416	1.80000	1.81416	1.85566	1.92167	2.00771	2.10790	2.21542	2.32294	2.42313	2.50917	2.57519	2.61669	
2.66914	2.65886	2.62871	2.58075	2.51825	2.44546	2.36735	2.28924	2.21645	2.15395	2.10599	2.07584	2.06555	2.07584	2.10599	2.15395	2.21645	2.28924	2.36735	2.44546	2.51825	2.58075	2.62871	2.65886	
2.51928	2.51928	2.51928	2.51928	2.51928	2.51928	2.51928	2.51928	2.51928	2.51928	2.51928	2.51928	2.51928	2.51928	2.51928	2.51928	2.51928	2.51928	2.51928	2.51928	2.51928	2.51928	2.51928	2.51928	
-0.60582	-0.60582	-0.60582	-0.60582	-0.60582	-0.60582	-0.60582	-0.60582	-0.60582	-0.60582	-0.60582	-0.60582	-0.60582	-0.60582	-0.60582	-0.60582	-0.60582	-0.60582	-0.60582	-0.60582	-0.60582	-0.60582	-0.60582	-0.60582	
-0.17583	-0.18501	-0.21193	-0.25474	-0.31054	-0.37551	-0.44524	-0.51497	-0.57994	-0.63574	-0.67855	-0.70547	-0.71465	-0.70547	-0.67855	-0.63574	-0.57994	-0.51497	-0.44524	-0.37551	-0.31054	-0.25474	-0.21193	-0.18501	
0.08618	0.07354	0.03650	-0.02244	-0.09924	-0.18868	-0.28466	-0.38064	-0.47008	-0.54688	-0.60581	-0.64286	-0.65549	-0.64286	-0.60581	-0.54688	-0.47008	-0.38064	-0.28466	-0.18868	-0.09924	-0.02244	0.03650	0.07354	
0.31731	0.30227	0.25817	0.18803	0.09662	-0.00984	-0.12408	-0.23831	-0.34477	-0.43618	-0.50632	-0.55042	-0.56546	-0.55042	-0.50632	-0.43618	-0.34477	-0.23831	-0.12408	-0.00984	0.09662	0.18803	0.25817	0.30227	
0.53096	0.51411	0.46471	0.38614	0.28373	0.16448	0.03651	-0.09147	-0.21072	-0.31312	-0.39170	-0.44109	-0.45794	-0.44109	-0.39170	-0.31312	-0.21072	-0.09147	0.03651	0.16448	0.28373	0.38614	0.46471	0.51411	
0.73235	0.71411	0.66064	0.57557	0.46472	0.33562	0.19709	0.05855	-0.07054	-0.18139	-0.26646	-0.31993	-0.33817	-0.31993	-0.26646	-0.18139	-0.07054	0.05855	0.19709	0.33562	0.46472	0.57557	0.66064	0.71411	
0.92413	0.90483	0.84824	0.75822	0.64090	0.50428	0.35767	0.21106	0.07444	-0.04288	-0.13290	-0.18949	-0.20879	-0.18949	-0.13290	-0.04288	0.07444	0.21106	0.35767	0.50428	0.64090	0.75822	0.84824	0.90483	
1.10785	1.08776	1.02886	0.93516	0.81305	0.67085	0.51825	0.36566	0.22346	0.10135	0.00765	-0.05125	-0.07134	-0.05125	0.00765	0.10135	0.22346	0.36566	0.51825	0.67085	0.81305	0.93516	1.02886	1.08776	
1.28441	1.26378	1.20328	1.10704	0.98162	0.83557	0.67884	0.52210	0.37605	0.25063	0.15439	0.09390	0.07326	0.09390	0.15439	0.25063	0.37605	0.52210	0.67884	0.83557	0.98162	1.10704	1.20328	1.26378	
1.45438	1.43343	1.37199	1.27426	1.14690	0.99858	0.83942	0.68025	0.53194	0.40457	0.30684	0.24541	0.22445	0.24541	0.30684	0.40457	0.53194	0.68025	0.83942	0.99858	1.14690	1.27426	1.37199	1.43343	
1.61806	1.59700	1.53526	1.43704	1.30903	1.15997	1.00000	0.84003	0.69097	0.56296	0.46474	0.40300	0.38194	0.40300	0.46474	0.56296	0.69097	0.84003	1.00000	1.15997	1.30903	1.43704	1.53526	1.59700	
1.77555	1.75459	1.69316	1.59543	1.46806	1.31975	1.16058	1.00142	0.85310	0.72574	0.62801	0.56657	0.54562	0.56657	0.62801	0.72574	0.85310	1.00142	1.16058	1.31975	1.46806	1.59543	1.69316	1.75459	
1.92674	1.90610	1.84561	1.74937	1.62395	1.47790	1.32116	1.16443	1.01838	0.89296	0.79672	0.73622	0.71559	0.73622	0.79672	0.89296	1.01838	1.16443	1.32116	1.47790	1.62395	1.74937	1.84561	1.90610	
2.07134	2.05125	1.99235	1.89865	1.77654	1.63434	1.48175	1.32915	1.18695	1.06484	0.97114	0.91224	0.89215	0.91224	0.97114	1.06484	1.18695	1.32915	1.48175	1.63434	1.77654	1.89865	1.99235	2.05125	
2.20879	2.18949	2.13290	2.04288	1.92556	1.78894	1.64233	1.49572	1.35910	1.24178	1.15176	1.09517	1.07587	1.09517	1.15176	1.24178	1.35910	1.49572	1.64233	1.78894	1.92556	2.04288	2.13290	2.18949	
2.33817	2.31993	2.26646	2.18139	2.07054	1.94145	1.80291	1.66438	1.53528	1.42443	1.33936	1.28589	1.26765	1.28589	1.33936	1.42443	1.53528	1.66438	1.80291	1.94145	2.07054	2.18139	2.26646	2.31993	
2.45794	2.44109	2.39170	2.31312	2.21072	2.09147	1.96349	1.83552	1.71627	1.61386	1.53529	1.48589	1.46904	1.48589	1.53529	1.61386	1.71627	1.83552	1.96349	2.09147	2.21072	2.31312	2.39170	2.44109	
2.56546	2.55042	2.50632	2.43618	2.34477	2.23831	2.12408	2.00984	1.90338	1.81197	1.74183	1.69773	1.68269	1.69773	1.74183	1.81197	1.90338	2.00984	2.12408	2.23831	2.34477	2.43618	2.50632	2.55042	
2.65549	2.64286	2.60581	2.54688	2.47008	2.38064	2.28466	2.18868	2.09924	2.02244	1.96350	1.92646	1.91382	1.92646	1.96350	2.02244	2.09924	2.18868	2.28466	2.38064	2.47008	2.54688	2.60581	2.64286	
2.71465	2.70547	2.67855	2.63574	2.57994	2.51497	2.44524	2.37551	2.31054	2.25474	2.21193	2.18501	2.17583	2.18501	2.21193	2.25474	2.31054	2.37551	2.44524	2.51497	2.57994	2.63574	2.67855	2.70547	
2.60582	2.60582	2.60582	2.60582	2.60582	2.60582	2.60582	2.60582	2.60582	2.60582	2.60582	2.60582	2.60582	2.60582	2.60582	2.60582	2.60582	2.60582	2.60582	2.60582	2.60582	2.60582	2.60582	2.60582	
-0.69237	-0.69237	-0.69237	-0.69237	-0.69237	-0.69237	-0.69237	-0.69237	-0.69237	-0.69237	-0.69237	-0.69237	-0.69237	-0.69237	-0.69237	-0.69237	-0.69237	-0.69237	-0.69237	-0.69237	-0.69237	-0.69237	-0.69237	-0.69237	
-0.29678	-0.30450	-0.32711	-0.36308	-0.40996	-0.46455	-0.52313	-0.58171	-0.63630	-0.68318	-0.71915	-0.74177	-0.74948	-0.74177	-0.71915	-0.68318	-0.63630	-0.58171	-0.52313	-0.46455	-0.40996	-0.36308	-0.32711	-0.30450	
-0.04233	-0.05294	-0.08407	-0.13358	-0.19811	-0.27325	-0.35389	-0.43453	-0.50968	-0.57420	-0.62372	-0.65484	-0.66546	-0.65484	-0.62372	-0.57420	-0.50968	-0.43453	-0.35389	-0.27325	-0.19811	-0.13358	-0.08407	-0.05294	
0.18618	0.17354	0.13650	0.07756	0.00076	-0.08868	-0.18466	-0.28064	-0.37008	-0.44688	-0.50581	-0.54286	-0.55549	-0.54286	-0.50581	-0.44688	-0.37008	-0.28064	-0.18466	-0.08868	0.00076	0.07756	0.13650	0.17354	
0.40000	0.38584	0.34434	0.27833	0.19229	0.09210	-0.01542	-0.12294	-0.22313	-0.30917	-0.37519	-0.41669	-0.43084	-0.41669	-0.37519	-0.30917	-0.22313	-0.12294	-0.01542	0.09210	0.19229	0.27833	0.34434	0.38584	
0.60352	0.58820	0.54327	0.47181	0.37867	0.27021	0.15382	0.03742	-0.07104	-0.16417	-0.23564	-0.28057	-0.29589	-0.28057	-0.23564	-0.16417	-0.07104	0.03742	0.15382	0.27021	0.37867	0.47181	0.54327	0.58820	
0.79898	0.78276	0.73522	0.65958	0.56101	0.44623	0.32305	0.19987	0.08509	-0.01348	-0.08911	-0.13665	-0.15287	-0.13665	-0.08911	-0.01348	0.08509	0.19987	0.32305	0.44623	0.56101	0.65958	0.73522	0.78276	
0.98765	0.97077	0.92128	0.84256	0.73997	0.62050	0.49229	0.36408	0.24461	0.14202	0.06330	0.01381	-0.00307	0.01381	0.06330	0.14202	0.24461	0.36408	0.49229	0.62050	0.73997	0.84256	0.92128	0.97077	
1.17031	1.15297	1.10215	1.02129	0.91592	0.79321	0.66153	0.52984	0.40713	0.30176	0.22091	0.17008	0.15274	0.17008	0.22091	0.30176	0.40713	0.52984	0.66153	0.79321	0.91592	1.02129	1.10215	1.15297	
1.34744	1.32983	1.27821	1.19611	1.08910	0.96449	0.83076	0.69704	0.57243	0.46542	0.38331	0.33170	0.31409	0.33170	0.38331	0.46542	0.57243	0.69704	0.83076	0.96449	1.08910	1.19611	1.27821	1.32983	
1.51928	1.50158	1.44971	1.36718	1.25964	1.13440	1.00000	0.86560	0.74036	0.63282	0.55029	0.49842	0.48072	0.49842	0.55029	0.63282	0.74036	0.86560	1.00000	1.13440	1.25964	1.36718	1.44971	1.50158	
1.68591	1.66830	1.61669	1.53458	1.42757	1.30296	1.16924	1.03551	0.91090	0.80389	0.72179	0.67017	0.65256	0.67017	0.72179	0.80389	0.91090	1.03551	1.16924	1.30296	1.42757	1.53458	1.61669	1.66830	
1.84726	1.82992	1.77909	1.69824	1.59287	1.47016	1.33847	1.20679	1.08408	0.97871	0.89785	0.84703	0.82969	0.84703	0.89785	0.97871	1.08408	1.20679	1.33847	1.47016	1.59287	1.69824	1.77909	1.82992	
2.00307	1.98619	1.93670	1.85798	1.75539	1.63592	1.50771	1.37950	1.26003	1.15744	1.07872	1.02923	1.01235	1.02923	1.07872	1.15744	1.26003	1.37950	1.50771	1.63592	1.75539	1.85798	1.93670	1.98619	
2.15287	2.13665	2.08911	2.01348	1.91491	1.80013	1.67695	1.55377	1.43899	1.34042	1.26478	1.21724	1.20102	1.21724	1.26478	1.34042	1.43899	1.55377	1.67695	1.80013	1.91491	2.01348	2.08911	2.13665	
2.29589	2.28057	2.23564	2.16417	2.07104	1.96258	1.84618	1.72979	1.62133	1.52819	1.45673	1.41180	1.39648	1.41180	1.45673	1.52819	1.62133	1.72979	1.84618	1.96258	2.07104	2.16417	2.23564	2.28057	
2.43084	2.41669	2.37519	2.30917	2.22313	2.12294	2.01542	1.90790	1.80771	1.72167	1.65566	1.61416	1.60000	1.61416	1.65566	1.72167	1.80771	1.90790	2.01542	2.12294	2.22313	2.30917	2.37519	2.41669	
2.55549	2.54286	2.50581	2.44688	2.37008	2.28064	2.18466	2.08868	1.99924	1.92244	1.86350	1.82646	1.81382	1.82646	1.86350	1.92244	1.99924	2.08868	2.18466	2.28064	2.37008	2.44688	2.50581	2.54286	
2.66546	2.65484	2.62372	2.57420	2.50968	2.43453	2.35389	2.27325	2.19811	2.13358	2.08407	2.05294	2.04233	2.05294	2.08407	2.13358	2.19811	2.27325	2.35389	2.43453	2.50968	2.57420	2.62372	2.65484	
2.74948	2.74177	2.71915	2.68318	2.63630	2.58171	2.52313	2.46455	2.40996	2.36308	2.32711	2.30450	2.29678	2.30450	2.32711	2.36308	2.40996	2.46455	2.52313	2.58171	2.63630	2.68318	2.71915	2.74177	
2.69237	2.69237	2.69237	2.69237	2.69237	2.69237	2.69237	2.69237	2.69237	2.69237	2.69237	2.69237	2.69237	2.69237	2.69237	2.69237	2.69237	2.69237	2.69237	2.69237	2.69237	2.69237	2.69237	2.69237	
-0.77891	-0.77891	-0.77891	-0.77891	-0.77891	-0.77891	-0.77891	-0.77891	-0.77891	-0.77891	-0.77891	-0.77891	-0.77891	-0.77891	-0.77891	-0.77891	-0.77891	-0.77891	-0.77891	-0.77891	-0.77891	-0.77891	-0.77891	-0.77891	
-0.43658	-0.44219	-0.45862	-0.48475	-0.51880	-0.55846	-0.60102	-0.64358	-0.68324	-0.71730	-0.74343	-0.75986	-0.76546	-0.75986	-0.74343	-0.71730	-0.68324	-0.64358	-0.60102	-0.55846	-0.51880	-0.48475	-0.45862	-0.44219	
-0.19678	-0.20450	-0.22711	-0.26308	-0.30996	-0.36455	-0.42313	-0.48171	-0.53630	-0.58318	-0.61915	-0.64177	-0.64948	-0.64177	-0.61915	-0.58318	-0.53630	-0.48171	-0.42313	-0.36455	-0.30996	-0.26308	-0.22711	-0.20450	
0.02417	0.01499	-0.01193	-0.05474	-0.11054	-0.17551	-0.24524	-0.31497	-0.37994	-0.43574	-0.47855	-0.50547	-0.51465	-0.50547	-0.47855	-0.43574	-0.37994	-0.31497	-0.24524	-0.17551	-0.11054	-0.05474	-0.01193	0.01499	
0.23445	0.22416	0.19401	0.14605	0.08355	0.01076	-0.06735	-0.14546	-0.21825	-0.28075	-0.32871	-0.35886	-0.36914	-0.35886	-0.32871	-0.28075	-0.21825	-0.14546	-0.06735	0.01076	0.08355	0.14605	0.19401	0.22416	
0.43725	0.42611	0.39348	0.34156	0.27390	0.19510	0.11054	0.02599	-0.05281	-0.12047	-0.17239	-0.20503	-0.21616	-0.20503	-0.17239	-0.12047	-0.05281	0.02599	0.11054	0.19510	0.27390	0.34156	0.39348	0.42611	
0.63419	0.62240	0.58786	0.53292	0.46131	0.37792	0.28843	0.19895	0.11556	0.04395	-0.01099	-0.04553	-0.05732	-0.04553	-0.01099	0.04395	0.11556	0.19895	0.28843	0.37792	0.46131	0.53292	0.58786	0.62240	
0.82619	0.81393	0.77798	0.72079	0.64626	0.55947	0.46633	0.37319	0.28639	0.21186	0.15467	0.11872	0.10646	0.11872	0.15467	0.21186	0.28639	0.37319	0.46633	0.55947	0.64626	0.72079	0.77798	0.81393	
1.01384	1.00125	0.96432	0.90558	0.82903	0.73988	0.64422	0.54855	0.45941	0.38285	0.32411	0.28719	0.27459	0.28719	0.32411	0.38285	0.45941	0.54855	0.64422	0.73988	0.82903	0.90558	0.96432	1.00125	
1.19746	1.18467	1.14717	1.08752	1.00979	0.91926	0.82211	0.72496	0.63443	0.55669	0.49704	0.45954	0.44675	0.45954	0.49704	0.55669	0.63443	0.72496	0.82211	0.91926	1.00979	1.08752	1.14717	1.18467	
1.37724	1.36439	1.32670	1.26675	1.18862	1.09764	1.00000	0.90236	0.81138	0.73325	0.67330	0.63561	0.62276	0.63561	0.67330	0.73325	0.81138	0.90236	1.00000	1.09764	1.18862	1.26675	1.32670	1.36439	
1.55325	1.54046	1.50296	1.44331	1.36557	1.27504	1.17789	1.08074	0.99021	0.91248	0.85283	0.81533	0.80254	0.81533	0.85283	0.91248	0.99021	1.08074	1.17789	1.27504	1.36557	1.44331	1.50296	1.54046	
1.72541	1.71281	1.67589	1.61715	1.54059	1.45145	1.35578	1.26012	1.17097	1.09442	1.03568	0.99875	0.98616	0.99875	1.03568	1.09442	1.17097	1.26012	1.35578	1.45145	1.54059	1.61715	1.67589	1.71281	
1.89354	1.88128	1.84533	1.78814	1.71361	1.62681	1.53367	1.44053	1.35374	1.27921	1.22202	1.18607	1.17381	1.18607	1.22202	1.27921	1.35374	1.44053	1.53367	1.62681	1.71361	1.78814	1.84533	1.88128	
2.05732	2.04553	2.01099	1.95605	1.88444	1.80105	1.71157	1.62208	1.53869	1.46708	1.41214	1.37760	1.36581	1.37760	1.41214	1.46708	1.53869	1.62208	1.71157	1.80105	1.88444	1.95605	2.01099	2.04553	
2.21616	2.20503	2.17239	2.12047	2.05281	1.97401	1.88946	1.80490	1.72610	1.65844	1.60652	1.57389	1.56275	1.57389	1.60652	1.65844	1.72610	1.80490	1.88946	1.97401	2.05281	2.12047	2.17239	2.20503	
2.36914	2.35886	2.32871	2.28075	2.21825	2.14546	2.06735	1.98924	1.91645	1.85395	1.80599	1.77584	1.76555	1.77584	1.80599	1.85395	1.91645	1.98924	2.06735	2.14546	2.21825	2.28075	2.32871	2.35886	
2.51465	2.50547	2.47855	2.43574	2.37994	2.31497	2.24524	2.17551	2.11054	2.05474	2.01193	1.98501	1.97583	1.98501	2.01193	2.05474	2.11054	2.17551	2.24524	2.31497	2.37994	2.43574	2.47855	2.50547	
2.64948	2.64177	2.61915	2.58318	2.53630	2.48171	2.42313	2.36455	2.30996	2.26308	2.22711	2.20450	2.19678	2.20450	2.22711	2.26308	2.30996	2.36455	2.42313	2.48171	2.53630	2.58318	2.61915	2.64177	
2.76546	2.75986	2.74343	2.71730	2.68324	2.64358	2.60102	2.55846	2.51880	2.48475	2.45862	2.44219	2.43658	2.44219	2.45862	2.48475	2.51880	2.55846	2.60102	2.64358	2.68324	2.71730	2.74343	2.75986	
2.77891	2.77891	2.77891	2.77891	2.77891	2.77891	2.77891	2.77891	2.77891	2.77891	2.77891	2.77891	2.77891	2.77891	2.77891	2.77891	2.77891	2.77891	2.77891	2.77891	2.77891	2.77891	2.77891	2.77891	
-0.86546	-0.86546	-0.86546	-0.86546	-0.86546	-0.86546	-0.86546	-0.86546	-0.86546	-0.86546	-0.86546	-0.86546	-0.86546	-0.86546	-0.86546	-0.86546	-0.86546	-0.86546	-0.86546	-0.86546	-0.86546	-0.86546	-0.86546	-0.86546	
-0.67891	-0.67891	-0.67891	-0.67891	-0.67891	-0.67891	-0.67891	-0.67891	-0.67891	-0.67891	-0.67891	-0.67891	-0.67891	-0.67891	-0.67891	-0.67891	-0.67891	-0.67891	-0.67891	-0.67891	-0.67891	-0.67891	-0.67891	-0.67891	
-0.49237	-0.49237	-0.49237	-0.49237	-0.49237	-0.49237	-0.49237	-0.49237	-0.49237	-0.49237	-0.49237	-0.49237	-0.49237	-0.49237	-0.49237	-0.49237	-0.49237	-0.49237	-0.49237	-0.49237	-0.49237	-0.49237	-0.49237	-0.49237	
-0.30582	-0.30582	-0.30582	-0.30582	-0.30582	-0.30582	-0.30582	-0.30582	-0.30582	-0.30582	-0.30582	-0.30582	-0.30582	-0.30582	-0.30582	-0.30582	-0.30582	-0.30582	-0.30582	-0.30582	-0.30582	-0.30582	-0.30582	-0.30582	
-0.11928	-0.11928	-0.11928	-0.11928	-0.11928	-0.11928	-0.11928	-0.11928	-0.11928	-0.11928	-0.11928	-0.11928	-0.11928	-0.11928	-0.11928	-0.11928	-0.11928	-0.11928	-0.11928	-0.11928	-0.11928	-0.11928	-0.11928	-0.11928	
0.06727	0.06727	0.06727	0.06727	0.06727	0.06727	0.06727	0.06727	0.06727	0.06727	0.06727	0.06727	0.06727	0.06727	0.06727	0.06727	0.06727	0.06727	0.06727	0.06727	0.06727	0.06727	0.06727	0.06727	
0.25382	0.25382	0.25382	0.25382	0.25382	0.25382	0.25382	0.25382	0.25382	0.25382	0.25382	0.25382	0.25382	0.25382	0.25382	0.25382	0.25382	0.25382	0.25382	0.25382	0.25382	0.25382	0.25382	0.25382	
0.44036	0.44036	0.44036	0.44036	0.44036	0.44036	0.44036	0.44036	0.44036	0.44036	0.44036	0.44036	0.44036	0.44036	0.44036	0.44036	0.44036	0.44036	0.44036	0.44036	0.44036	0.44036	0.44036	0.44036	
0.62691	0.62691	0.62691	0.62691	0.62691	0.62691	0.62691	0.62691	0.62691	0.62691	0.62691	0.62691	0.62691	0.62691	0.62691	0.62691	0.62691	0.62691	0.62691	0.62691	0.62691	0.62691	0.62691	0.62691	
0.81345	0.81345	0.81345	0.81345	0.81345	0.81345	0.81345	0.81345	0.81345	0.81345	0.81345	0.81345	0.81345	0.81345	0.81345	0.81345	0.81345	0.81345	0.81345	0.81345	0.81345	0.81345	0.81345	0.81345	
1.00000	1.00000	1.00000	1.00000	1.00000	1.00000	1.00000	1.00000	1.00000	1.00000	1.00000	1.00000	1.00000	1.00000	1.00000	1.00000	1.00000	1.00000	1.00000	1.00000	1.00000	1.00000	1.00000	1.00000	
1.18655	1.18655	1.18655	1.18655	1.18655	1.18655	1.18655	1.18655	1.18655	1.18655	1.18655	1.18655	1.18655	1.18655	1.18655	1.18655	1.18655	1.18655	1.18655	1.18655	1.18655	1.18655	1.18655	1.18655	
1.37309	1.37309	1.37309	1.37309	1.37309	1.37309	1.37309	1.37309	1.37309	1.37309	1.37309	1.37309	1.37309	1.37309	1.37309	1.37309	1.37309	1.37309	1.37309	1.37309	1.37309	1.37309	1.37309	1.37309	
1.55964	1.55964	1.55964	1.55964	1.55964	1.55964	1.55964	1.55964	1.55964	1.55964	1.55964	1.55964	1.55964	1.55964	1.55964	1.55964	1.55964	1.55964	1.55964	1.55964	1.55964	1.55964	1.55964	1.55964	
1.74618	1.74618	1.74618	1.74618	1.74618	1.74618	1.74618	1.74618	1.74618	1.74618	1.74618	1.74618	1.74618	1.74618	1.74618	1.74618	1.74618	1.74618	1.74618	1.74618	1.74618	1.74618	1.74618	1.74618	
1.93273	1.93273	1.93273	1.93273	1.93273	1.93273	1.93273	1.93273	1.93273	1.93273	1.93273	1.93273	1.93273	1.93273	1.93273	1.93273	1.93273	1.93273	1.93273	1.93273	1.93273	1.93273	1.93273	1.93273	
2.11928	2.11928	2.11928	2.11928	2.11928	2.11928	2.11928	2.11928	2.11928	2.11928	2.11928	2.11928	2.11928	2.11928	2.11928	2.11928	2.11928	2.11928	2.11928	2.11928	2.11928	2.11928	2.11928	2.11928	
2.30582	2.30582	2.30582	2.30582	2.30582	2.30582	2.30582	2.30582	2.30582	2.30582	2.30582	2.30582	2.30582	2.30582	2.30582	2.30582	2.30582	2.30582	2.30582	2.30582	2.30582	2.30582	2.30582	2.30582	
2.49237	2.49237	2.49237	2.49237	2.49237	2.49237	2.49237	2.49237	2.49237	2.49237	2.49237	2.49237	2.49237	2.49237	2.49237	2.49237	2.49237	2.49237	2.49237	2.49237	2.49237	2.49237	2.49237	2.49237	
2.67891	2.67891	2.67891	2.67891	2.67891	2.67891	2.67891	2.67891	2.67891	2.67891	2.67891	2.67891	2.67891	2.67891	2.67891	2.67891	2.67891	2.67891	2.67891	2.67891	2.67891	2.67891	2.67891	2.67891	
2.86546	2.86546	2.86546	2.86546	2.86546	2.86546	2.86546	2.86546	2.86546	2.86546	2.86546	2.86546	2.86546	2.86546	2.86546	2.86546	2.86546	2.86546	2.86546	2.86546	2.86546	2.86546	2.86546	2.86546	
