2.49998	2.49998	2.49998	2.49998	2.49998	2.49998	2.49998	2.49998	2.49998	2.49998	2.49998	2.49998	2.49998	2.49998	2.49998	2.49998	2.49998	2.49998	2.49998	2.49998	2.49998	2.49998	2.49998	2.49998	
2.39998	2.39998	2.39998	2.39998	2.39998	2.39998	2.39998	2.39998	2.39998	2.39998	2.39998	2.39998	2.39998	2.39998	2.39998	2.39998	2.39998	2.39998	2.39998	2.39998	2.39998	2.39998	2.39998	2.39998	
2.29998	2.29998	2.29998	2.29998	2.29998	2.29998	2.29998	2.29998	2.29998	2.29998	2.29998	2.29998	2.29998	2.29998	2.29998	2.29998	2.29998	2.29998	2.29998	2.29998	2.29998	2.29998	2.29998	2.29998	
2.19998	2.19998	2.19998	2.19998	2.19998	2.19998	2.19998	2.19998	2.19998	2.19998	2.19998	2.19998	2.19998	2.19998	2.19998	2.19998	2.19998	2.19998	2.19998	2.19998	2.19998	2.19998	2.19998	2.19998	
2.09999	2.09999	2.09999	2.09999	2.09999	2.09999	2.09999	2.09999	2.09999	2.09999	2.09999	2.09999	2.09999	2.09999	2.09999	2.09999	2.09999	2.09999	2.09999	2.09999	2.09999	2.09999	2.09999	2.09999	
1.99999	1.99999	1.99999	1.99999	1.99999	1.99999	1.99999	1.99999	1.99999	1.99999	1.99999	1.99999	1.99999	1.99999	1.99999	1.99999	1.99999	1.99999	1.99999	1.99999	1.99999	1.99999	1.99999	1.99999	
1.89999	1.89999	1.89999	1.89999	1.89999	1.89999	1.89999	1.89999	1.89999	1.89999	1.89999	1.89999	1.89999	1.89999	1.89999	1.89999	1.89999	1.89999	1.89999	1.89999	1.89999	1.89999	1.89999	1.89999	
1.79999	1.79999	1.79999	1.79999	1.79999	1.79999	1.79999	1.79999	1.79999	1.79999	1.79999	1.79999	1.79999	1.79999	1.79999	1.79999	1.79999	1.79999	1.79999	1.79999	1.79999	1.79999	1.79999	1.79999	
1.69999	1.69999	1.69999	1.69999	1.69999	1.69999	1.69999	1.69999	1.69999	1.69999	1.69999	1.69999	1.69999	1.69999	1.69999	1.69999	1.69999	1.69999	1.69999	1.69999	1.69999	1.69999	1.69999	1.69999	
1.59999	1.59999	1.59999	1.59999	1.59999	1.59999	1.59999	1.59999	1.59999	1.59999	1.59999	1.59999	1.59999	1.59999	1.59999	1.59999	1.59999	1.59999	1.59999	1.59999	1.59999	1.59999	1.59999	1.59999	
1.49999	1.49999	1.49999	1.49999	1.49999	1.49999	1.49999	1.49999	1.49999	1.49999	1.49999	1.49999	1.49999	1.49999	1.49999	1.49999	1.49999	1.49999	1.49999	1.49999	1.49999	1.49999	1.49999	1.49999	
1.39999	1.39999	1.39999	1.39999	1.39999	1.39999	1.39999	1.39999	1.39999	1.39999	1.39999	1.39999	1.39999	1.39999	1.39999	1.39999	1.39999	1.39999	1.39999	1.39999	1.39999	1.39999	1.39999	1.39999	
1.30000	1.30000	1.30000	1.30000	1.30000	1.30000	1.30000	1.30000	1.30000	1.30000	1.30000	1.30000	1.30000	1.30000	1.30000	1.30000	1.30000	1.30000	1.30000	1.30000	1.30000	1.30000	1.30000	1.30000	
1.20000	1.20000	1.20000	1.20000	1.20000	1.20000	1.20000	1.20000	1.20000	1.20000	1.20000	1.20000	1.20000	1.20000	1.20000	1.20000	1.20000	1.20000	1.20000	1.20000	1.20000	1.20000	1.20000	1.20000	
1.10000	1.10000	1.10000	1.10000	1.10000	1.10000	1.10000	1.10000	1.10000	1.10000	1.10000	1.10000	1.10000	1.10000	1.10000	1.10000	1.10000	1.10000	1.10000	1.10000	1.10000	1.10000	1.10000	1.10000	
1.00000	1.00000	1.00000	1.00000	1.00000	1.00000	1.00000	1.00000	1.00000	1.00000	1.00000	1.00000	1.00000	1.00000	1.00000	1.00000	1.00000	1.00000	1.00000	1.00000	1.00000	1.00000	1.00000	1.00000	
0.90000	0.90000	0.90000	0.90000	0.90000	0.90000	0.90000	0.90000	0.90000	0.90000	0.90000	0.90000	0.90000	0.90000	0.90000	0.90000	0.90000	0.90000	0.90000	0.90000	0.90000	0.90000	0.90000	0.90000	
0.80000	0.80000	0.80000	0.80000	0.80000	0.80000	0.80000	0.80000	0.80000	0.80000	0.80000	0.80000	0.80000	0.80000	0.80000	0.80000	0.80000	0.80000	0.80000	0.80000	0.80000	0.80000	0.80000	0.80000	
0.70000	0.70000	0.70000	0.70000	0.70000	0.70000	0.70000	0.70000	0.70000	0.70000	0.70000	0.70000	0.70000	0.70000	0.70000	0.70000	0.70000	0.70000	0.70000	0.70000	0.70000	0.70000	0.70000	0.70000	
0.60001	0.60001	0.60001	0.60001	0.60001	0.60001	0.60001	0.60001	0.60001	0.60001	0.60001	0.60001	0.60001	0.60001	0.60001	0.60001	0.60001	0.60001	0.60001	0.60001	0.60001	0.60001	0.60001	0.60001	
0.50001	0.50001	0.50001	0.50001	0.50001	0.50001	0.50001	0.50001	0.50001	0.50001	0.50001	0.50001	0.50001	0.50001	0.50001	0.50001	0.50001	0.50001	0.50001	0.50001	0.50001	0.50001	0.50001	0.50001	
2.34998	2.34998	2.34998	2.34998	2.34998	2.34998	2.34998	2.34998	2.34998	2.34998	2.34998	2.34998	2.34998	2.34998	2.34998	2.34998	2.34998	2.34998	2.34998	2.34998	2.34998	2.34998	2.34998	2.34998	
2.44998	2.44351	2.42453	2.39433	2.35498	2.30916	2.25998	2.21081	2.16498	2.12564	2.09544	2.07646	2.06999	2.07646	2.09544	2.12564	2.16498	2.21081	2.25998	2.30916	2.35498	2.39433	2.42453	2.44351	
2.43152	2.42260	2.39648	2.35491	2.30075	2.23767	2.16998	2.10230	2.03922	1.98505	1.94349	1.91737	1.90845	1.91737	1.94349	1.98505	2.03922	2.10230	2.16998	2.23767	2.30075	2.35491	2.39648	2.42260	
2.39127	2.38066	2.34957	2.30010	2.23563	2.16055	2.07999	1.99942	1.92434	1.85988	1.81041	1.77931	1.76870	1.77931	1.81041	1.85988	1.92434	1.99942	2.07999	2.16055	2.23563	2.30010	2.34957	2.38066	
2.33869	2.32681	2.29198	2.23656	2.16434	2.08024	1.98999	1.89973	1.81563	1.74341	1.68800	1.65316	1.64128	1.65316	1.68800	1.74341	1.81563	1.89973	1.98999	2.08024	2.16434	2.23656	2.29198	2.32681	
2.27748	2.26461	2.22690	2.16691	2.08873	1.99769	1.89999	1.80229	1.71124	1.63306	1.57308	1.53536	1.52250	1.53536	1.57308	1.63306	1.71124	1.80229	1.89999	1.99769	2.08873	2.16691	2.22690	2.26461	
2.20948	2.19587	2.15596	2.09247	2.00974	1.91339	1.80999	1.70659	1.61024	1.52750	1.46402	1.42411	1.41049	1.42411	1.46402	1.52750	1.61024	1.70659	1.80999	1.91339	2.00974	2.09247	2.15596	2.19587	
2.13580	2.12163	2.08009	2.01401	1.92789	1.82761	1.71999	1.61237	1.51209	1.42597	1.35989	1.31835	1.30418	1.31835	1.35989	1.42597	1.51209	1.61237	1.71999	1.82761	1.92789	2.01401	2.08009	2.12163	
2.05707	2.04252	1.99985	1.93198	1.84353	1.74053	1.62999	1.51946	1.41645	1.32800	1.26013	1.21747	1.20291	1.21747	1.26013	1.32800	1.41645	1.51946	1.62999	1.74053	1.84353	1.93198	1.99985	2.04252	
1.97369	1.95891	1.91559	1.84666	1.75684	1.65224	1.53999	1.42774	1.32314	1.23332	1.16440	1.12107	1.10629	1.12107	1.16440	1.23332	1.32314	1.42774	1.53999	1.65224	1.75684	1.84666	1.91559	1.95891	
1.88588	1.87103	1.82748	1.75821	1.66794	1.56281	1.44999	1.33718	1.23205	1.14178	1.07251	1.02896	1.01411	1.02896	1.07251	1.14178	1.23205	1.33718	1.44999	1.56281	1.66794	1.75821	1.82748	1.87103	
1.79369	1.77892	1.73559	1.66667	1.57684	1.47224	1.36000	1.24775	1.14315	1.05332	0.98440	0.94107	0.92630	0.94107	0.98440	1.05332	1.14315	1.24775	1.36000	1.47224	1.57684	1.66667	1.73559	1.77892	
1.69707	1.68252	1.63986	1.57199	1.48354	1.38053	1.27000	1.15946	1.05646	0.96801	0.90014	0.85747	0.84292	0.85747	0.90014	0.96801	1.05646	1.15946	1.27000	1.38053	1.48354	1.57199	1.63986	1.68252	
1.59580	1.58164	1.54010	1.47402	1.38790	1.28762	1.18000	1.07238	0.97209	0.88598	0.81990	0.77836	0.76419	0.77836	0.81990	0.88598	0.97209	1.07238	1.18000	1.28762	1.38790	1.47402	1.54010	1.58164	
1.48949	1.47588	1.43597	1.37248	1.28975	1.19340	1.09000	0.98660	0.89025	0.80751	0.74403	0.70412	0.69050	0.70412	0.74403	0.80751	0.89025	0.98660	1.09000	1.19340	1.28975	1.37248	1.43597	1.47588	
1.37749	1.36462	1.32691	1.26692	1.18874	1.09770	1.00000	0.90230	0.81126	0.73308	0.67309	0.63538	0.62251	0.63538	0.67309	0.73308	0.81126	0.90230	1.00000	1.09770	1.18874	1.26692	1.32691	1.36462	
1.25871	1.24683	1.21199	1.15657	1.08435	1.00025	0.91000	0.81975	0.73565	0.66343	0.60801	0.57318	0.56129	0.57318	0.60801	0.66343	0.73565	0.81975	0.91000	1.00025	1.08435	1.15657	1.21199	1.24683	
1.13129	1.12068	1.08958	1.04011	0.97564	0.90057	0.82000	0.73944	0.66436	0.59989	0.55042	0.51933	0.50872	0.51933	0.55042	0.59989	0.66436	0.73944	0.82000	0.90057	0.97564	1.04011	1.08958	1.12068	
0.99153	0.98262	0.95650	0.91493	0.86077	0.79769	0.73000	0.66231	0.59924	0.54507	0.50351	0.47738	0.46847	0.47738	0.50351	0.54507	0.59924	0.66231	0.73000	0.79769	0.86077	0.91493	0.95650	0.98262	
0.83000	0.82353	0.80455	0.77435	0.73500	0.68918	0.64000	0.59083	0.54501	0.50566	0.47546	0.45648	0.45001	0.45648	0.47546	0.50566	0.54501	0.59083	0.64000	0.68918	0.73500	0.77435	0.80455	0.82353	
0.55001	0.55001	0.55001	0.55001	0.55001	0.55001	0.55001	0.55001	0.55001	0.55001	0.55001	0.55001	0.55001	0.55001	0.55001	0.55001	0.55001	0.55001	0.55001	0.55001	0.55001	0.55001	0.55001	0.55001	
2.19998	2.19998	2.19998	2.19998	2.19998	2.19998	2.19998	2.19998	2.19998	2.19998	2.19998	2.19998	2.19998	2.19998	2.19998	2.19998	2.19998	2.19998	2.19998	2.19998	2.19998	2.19998	2.19998	2.19998	
2.38152	2.37260	2.34648	2.30492	2.25075	2.18767	2.11999	2.05230	1.98922	1.93506	1.89349	1.86737	1.85845	1.86737	1.89349	1.93506	1.98922	2.05230	2.11999	2.18767	2.25075	2.30492	2.34648	2.37260	
2.39998	2.38772	2.35175	2.29454	2.21998	2.13316	2.03999	1.94681	1.85999	1.78543	1.72822	1.69226	1.67999	1.69226	1.72822	1.78543	1.85999	1.94681	2.03999	2.13316	2.21998	2.29454	2.35175	2.38772	
2.38847	2.37387	2.33106	2.26297	2.17423	2.07089	1.95999	1.84909	1.74575	1.65701	1.58891	1.54611	1.53151	1.54611	1.58891	1.65701	1.74575	1.84909	1.95999	2.07089	2.17423	2.26297	2.33106	2.37387	
2.35998	2.34363	2.29568	2.21940	2.11999	2.00422	1.87999	1.75576	1.63999	1.54058	1.46430	1.41635	1.39999	1.41635	1.46430	1.54058	1.63999	1.75576	1.87999	2.00422	2.11999	2.21940	2.29568	2.34363	
2.31960	2.30189	2.24998	2.16741	2.05979	1.93447	1.79999	1.66550	1.54019	1.43257	1.35000	1.29809	1.28038	1.29809	1.35000	1.43257	1.54019	1.66550	1.79999	1.93447	2.05979	2.16741	2.24998	2.30189	
2.26989	2.25116	2.19622	2.10883	1.99494	1.86232	1.71999	1.57767	1.44504	1.33115	1.24376	1.18883	1.17009	1.18883	1.24376	1.33115	1.44504	1.57767	1.71999	1.86232	1.99494	2.10883	2.19622	2.25116	
2.21235	2.19285	2.13567	2.04471	1.92617	1.78813	1.63999	1.49185	1.35381	1.23527	1.14432	1.08714	1.06764	1.08714	1.14432	1.23527	1.35381	1.49185	1.63999	1.78813	1.92617	2.04471	2.13567	2.19285	
2.14786	2.12783	2.06910	1.97568	1.85393	1.71214	1.55999	1.40784	1.26606	1.14431	1.05088	0.99215	0.97212	0.99215	1.05088	1.14431	1.26606	1.40784	1.55999	1.71214	1.85393	1.97568	2.06910	2.12783	
2.07698	2.05664	1.99700	1.90213	1.77849	1.63450	1.47999	1.32548	1.18150	1.05786	0.96299	0.90335	0.88301	0.90335	0.96299	1.05786	1.18150	1.32548	1.47999	1.63450	1.77849	1.90213	1.99700	2.05664	
1.99999	1.97954	1.91960	1.82425	1.69999	1.55528	1.39999	1.24471	1.10000	0.97574	0.88039	0.82045	0.80000	0.82045	0.88039	0.97574	1.10000	1.24471	1.39999	1.55528	1.69999	1.82425	1.91960	1.97954	
1.91698	1.89664	1.83700	1.74213	1.61849	1.47451	1.32000	1.16548	1.02150	0.89786	0.80299	0.74335	0.72301	0.74335	0.80299	0.89786	1.02150	1.16548	1.32000	1.47451	1.61849	1.74213	1.83700	1.89664	
1.82787	1.80784	1.74911	1.65568	1.53393	1.39215	1.24000	1.08784	0.94606	0.82431	0.73089	0.67216	0.65213	0.67216	0.73089	0.82431	0.94606	1.08784	1.24000	1.39215	1.53393	1.65568	1.74911	1.80784	
1.73235	1.71285	1.65567	1.56471	1.44618	1.30813	1.16000	1.01186	0.87382	0.75528	0.66432	0.60714	0.58764	0.60714	0.66432	0.75528	0.87382	1.01186	1.16000	1.30813	1.44618	1.56471	1.65567	1.71285	
1.62990	1.61116	1.55623	1.46884	1.35495	1.22232	1.08000	0.93767	0.80505	0.69116	0.60377	0.54883	0.53010	0.54883	0.60377	0.69116	0.80505	0.93767	1.08000	1.22232	1.35495	1.46884	1.55623	1.61116	
1.51961	1.50190	1.44999	1.36742	1.25980	1.13448	1.00000	0.86552	0.74020	0.63258	0.55001	0.49810	0.48039	0.49810	0.55001	0.63258	0.74020	0.86552	1.00000	1.13448	1.25980	1.36742	1.44999	1.50190	
1.39999	1.38364	1.33569	1.25941	1.16000	1.04423	0.92000	0.79577	0.68000	0.58059	0.50431	0.45636	0.44001	0.45636	0.50431	0.58059	0.68000	0.79577	0.92000	1.04423	1.16000	1.25941	1.33569	1.38364	
1.26848	1.25388	1.21108	1.14298	1.05424	0.95090	0.84000	0.72910	0.62576	0.53702	0.46893	0.42612	0.41152	0.42612	0.46893	0.53702	0.62576	0.72910	0.84000	0.95090	1.05424	1.14298	1.21108	1.25388	
1.12000	1.10773	1.07177	1.01456	0.94000	0.85318	0.76000	0.66683	0.58001	0.50545	0.44824	0.41227	0.40001	0.41227	0.44824	0.50545	0.58001	0.66683	0.76000	0.85318	0.94000	1.01456	1.07177	1.10773	
0.94153	0.93262	0.90650	0.86493	0.81077	0.74769	0.68000	0.61232	0.54924	0.49507	0.45351	0.42739	0.41847	0.42739	0.45351	0.49507	0.54924	0.61232	0.68000	0.74769	0.81077	0.86493	0.90650	0.93262	
0.60001	0.60001	0.60001	0.60001	0.60001	0.60001	0.60001	0.60001	0.60001	0.60001	0.60001	0.60001	0.60001	0.60001	0.60001	0.60001	0.60001	0.60001	0.60001	0.60001	0.60001	0.60001	0.60001	0.60001	
2.04999	2.04999	2.04999	2.04999	2.04999	2.04999	2.04999	2.04999	2.04999	2.04999	2.04999	2.04999	2.04999	2.04999	2.04999	2.04999	2.04999	2.04999	2.04999	2.04999	2.04999	2.04999	2.04999	2.04999	
2.29127	2.28066	2.24957	2.20010	2.13563	2.06055	1.97999	1.89942	1.82435	1.75988	1.71041	1.67931	1.66870	1.67931	1.71041	1.75988	1.82435	1.89942	1.97999	2.06055	2.13563	2.20010	2.24957	2.28066	
2.33847	2.32387	2.28106	2.21297	2.12423	2.02089	1.90999	1.79909	1.69575	1.60701	1.53891	1.49611	1.48151	1.49611	1.53891	1.60701	1.69575	1.79909	1.90999	2.02089	2.12423	2.21297	2.28106	2.32387	
2.34998	2.33260	2.28166	2.20061	2.09499	1.97199	1.83999	1.70799	1.58499	1.47937	1.39832	1.34737	1.33000	1.34737	1.39832	1.47937	1.58499	1.70799	1.83999	1.97199	2.09499	2.20061	2.28166	2.33260	
2.34130	2.32183	2.26476	2.17396	2.05564	1.91786	1.76999	1.62212	1.48434	1.36602	1.27522	1.21815	1.19868	1.21815	1.27522	1.36602	1.48434	1.62212	1.76999	1.91786	2.05564	2.17396	2.26476	2.32183	
2.31845	2.29738	2.23559	2.13731	2.00922	1.86006	1.69999	1.53992	1.39076	1.26268	1.16439	1.10261	1.08153	1.10261	1.16439	1.26268	1.39076	1.53992	1.69999	1.86006	2.00922	2.13731	2.23559	2.29738	
2.28451	2.26220	2.19682	2.09280	1.95725	1.79939	1.62999	1.46059	1.30273	1.16718	1.06317	0.99778	0.97548	0.99778	1.06317	1.16718	1.30273	1.46059	1.62999	1.79939	1.95725	2.09280	2.19682	2.26220	
2.24123	2.21802	2.14996	2.04170	1.90061	1.73631	1.55999	1.38367	1.21937	1.07828	0.97002	0.90197	0.87875	0.90197	0.97002	1.07828	1.21937	1.38367	1.55999	1.73631	1.90061	2.04170	2.14996	2.21802	
2.18970	2.16586	2.09596	1.98476	1.83985	1.67109	1.48999	1.30890	1.14014	0.99523	0.88403	0.81413	0.79029	0.81413	0.88403	0.99523	1.14014	1.30890	1.48999	1.67109	1.83985	1.98476	2.09596	2.16586	
2.13055	2.10634	2.03535	1.92243	1.77527	1.60390	1.41999	1.23609	1.06472	0.91756	0.80464	0.73365	0.70944	0.73365	0.80464	0.91756	1.06472	1.23609	1.41999	1.60390	1.77527	1.92243	2.03535	2.10634	
2.06413	2.03980	1.96845	1.85496	1.70706	1.53483	1.35000	1.16516	0.99293	0.84503	0.73154	0.66020	0.63586	0.66020	0.73154	0.84503	0.99293	1.16516	1.35000	1.53483	1.70706	1.85496	1.96845	2.03980	
1.99055	1.96634	1.89535	1.78243	1.63527	1.46390	1.28000	1.09609	0.92472	0.77756	0.66464	0.59365	0.56944	0.59365	0.66464	0.77756	0.92472	1.09609	1.28000	1.46390	1.63527	1.78243	1.89535	1.96634	
1.90970	1.88586	1.81596	1.70476	1.55985	1.39109	1.21000	1.02890	0.86014	0.71523	0.60403	0.53413	0.51029	0.53413	0.60403	0.71523	0.86014	1.02890	1.21000	1.39109	1.55985	1.70476	1.81596	1.88586	
1.82124	1.79803	1.72997	1.62171	1.48062	1.31632	1.14000	0.96368	0.79938	0.65829	0.55003	0.48197	0.45876	0.48197	0.55003	0.65829	0.79938	0.96368	1.14000	1.31632	1.48062	1.62171	1.72997	1.79803	
1.72451	1.70221	1.63682	1.53281	1.39726	1.23940	1.07000	0.90060	0.74274	0.60719	0.50317	0.43779	0.41548	0.43779	0.50317	0.60719	0.74274	0.90060	1.07000	1.23940	1.39726	1.53281	1.63682	1.70221	
1.61846	1.59738	1.53560	1.43732	1.30923	1.16007	1.00000	0.83993	0.69077	0.56268	0.46440	0.40262	0.38154	0.40262	0.46440	0.56268	0.69077	0.83993	1.00000	1.16007	1.30923	1.43732	1.53560	1.59738	
1.50131	1.48184	1.42477	1.33398	1.21565	1.07787	0.93000	0.78214	0.64435	0.52603	0.43523	0.37816	0.35869	0.37816	0.43523	0.52603	0.64435	0.78214	0.93000	1.07787	1.21565	1.33398	1.42477	1.48184	
1.37000	1.35262	1.30167	1.22062	1.11500	0.99200	0.86000	0.72801	0.60501	0.49938	0.41833	0.36739	0.35001	0.36739	0.41833	0.49938	0.60501	0.72801	0.86000	0.99200	1.11500	1.22062	1.30167	1.35262	
1.21848	1.20388	1.16108	1.09298	1.00424	0.90090	0.79000	0.67910	0.57576	0.48702	0.41893	0.37612	0.36152	0.37612	0.41893	0.48702	0.57576	0.67910	0.79000	0.90090	1.00424	1.09298	1.16108	1.20388	
1.03129	1.02068	0.98958	0.94011	0.87565	0.80057	0.72000	0.63944	0.56436	0.49989	0.45042	0.41933	0.40872	0.41933	0.45042	0.49989	0.56436	0.63944	0.72000	0.80057	0.87565	0.94011	0.98958	1.02068	
0.65000	0.65000	0.65000	0.65000	0.65000	0.65000	0.65000	0.65000	0.65000	0.65000	0.65000	0.65000	0.65000	0.65000	0.65000	0.65000	0.65000	0.65000	0.65000	0.65000	0.65000	0.65000	0.65000	0.65000	
1.89999	1.89999	1.89999	1.89999	1.89999	1.89999	1.89999	1.89999	1.89999	1.89999	1.89999	1.89999	1.89999	1.89999	1.89999	1.89999	1.89999	1.89999	1.89999	1.89999	1.89999	1.89999	1.89999	1.89999	
2.18870	2.17681	2.14198	2.08656	2.01434	1.93024	1.83999	1.74974	1.66564	1.59342	1.53800	1.50316	1.49128	1.50316	1.53800	1.59342	1.66564	1.74974	1.83999	1.93024	2.01434	2.08656	2.14198	2.17681	
2.25998	2.24363	2.19568	2.11940	2.01999	1.90422	1.77999	1.65576	1.53999	1.44058	1.36430	1.31635	1.30000	1.31635	1.36430	1.44058	1.53999	1.65576	1.77999	1.90422	2.01999	2.11940	2.19568	2.24363	
2.29130	2.27183	2.21476	2.12397	2.00564	1.86786	1.71999	1.57213	1.43434	1.31602	1.22522	1.16815	1.14868	1.16815	1.22522	1.31602	1.43434	1.57213	1.71999	1.86786	2.00564	2.12397	2.21476	2.27183	
2.29998	2.27818	2.21424	2.11253	1.97999	1.82563	1.65999	1.49435	1.34000	1.20745	1.10574	1.04181	1.02000	1.04181	1.10574	1.20745	1.34000	1.49435	1.65999	1.82563	1.97999	2.11253	2.21424	2.27818	
2.29280	2.26920	2.19998	2.08988	1.94640	1.77930	1.59999	1.42068	1.25359	1.11010	1.00000	0.93079	0.90718	0.93079	1.00000	1.11010	1.25359	1.42068	1.59999	1.77930	1.94640	2.08988	2.19998	2.26920	
2.27320	2.24821	2.17496	2.05845	1.90659	1.72976	1.53999	1.35023	1.17339	1.02154	0.90502	0.83177	0.80679	0.83177	0.90502	1.02154	1.17339	1.35023	1.53999	1.72976	1.90659	2.05845	2.17496	2.24821	
2.24314	2.21713	2.14089	2.01962	1.86156	1.67751	1.47999	1.28248	1.09842	0.94037	0.81909	0.74286	0.71685	0.74286	0.81909	0.94037	1.09842	1.28248	1.47999	1.67751	1.86156	2.01962	2.14089	2.21713	
2.20382	2.17711	2.09881	1.97424	1.81191	1.62286	1.41999	1.21713	1.02808	0.86575	0.74118	0.66288	0.63617	0.66288	0.74118	0.86575	1.02808	1.21713	1.41999	1.62286	1.81191	1.97424	2.09881	2.17711	
2.15597	2.12885	2.04933	1.92284	1.75799	1.56601	1.36000	1.15398	0.96201	0.79715	0.67066	0.59114	0.56402	0.59114	0.67066	0.79715	0.96201	1.15398	1.36000	1.56601	1.75799	1.92284	2.04933	2.12885	
2.09999	2.07273	1.99281	1.86567	1.69999	1.50705	1.30000	1.09294	0.90000	0.73432	0.60718	0.52727	0.50001	0.52727	0.60718	0.73432	0.90000	1.09294	1.30000	1.50705	1.69999	1.86567	1.99281	2.07273	
2.03598	2.00885	1.92934	1.80284	1.63799	1.44601	1.24000	1.03398	0.84201	0.67715	0.55066	0.47114	0.44402	0.47114	0.55066	0.67715	0.84201	1.03398	1.24000	1.44601	1.63799	1.80284	1.92934	2.00885	
1.96382	1.93712	1.85881	1.73425	1.57191	1.38287	1.18000	0.97713	0.78808	0.62575	0.50118	0.42288	0.39617	0.42288	0.50118	0.62575	0.78808	0.97713	1.18000	1.38287	1.57191	1.73425	1.85881	1.93712	
1.88314	1.85714	1.78090	1.65962	1.50157	1.31751	1.12000	0.92248	0.73843	0.58038	0.45910	0.38286	0.35686	0.38286	0.45910	0.58038	0.73843	0.92248	1.12000	1.31751	1.50157	1.65962	1.78090	1.85714	
1.79320	1.76822	1.69497	1.57845	1.42660	1.24977	1.06000	0.87023	0.69340	0.54155	0.42503	0.35178	0.32680	0.35178	0.42503	0.54155	0.69340	0.87023	1.06000	1.24977	1.42660	1.57845	1.69497	1.76822	
1.69281	1.66920	1.59999	1.48989	1.34641	1.17931	1.00000	0.82069	0.65359	0.51011	0.40001	0.33080	0.30719	0.33080	0.40001	0.51011	0.65359	0.82069	1.00000	1.17931	1.34641	1.48989	1.59999	1.66920	
1.57999	1.55819	1.49425	1.39254	1.26000	1.10564	0.94000	0.77436	0.62000	0.48746	0.38575	0.32182	0.30001	0.32182	0.38575	0.48746	0.62000	0.77436	0.94000	1.10564	1.26000	1.39254	1.49425	1.55819	
1.45131	1.43184	1.37477	1.28398	1.16565	1.02787	0.88000	0.73214	0.59435	0.47603	0.38524	0.32816	0.30869	0.32816	0.38524	0.47603	0.59435	0.73214	0.88000	1.02787	1.16565	1.28398	1.37477	1.43184	
1.30000	1.28364	1.23569	1.15941	1.06000	0.94423	0.82000	0.69577	0.58001	0.48060	0.40432	0.35636	0.34001	0.35636	0.40432	0.48060	0.58001	0.69577	0.82000	0.94423	1.06000	1.15941	1.23569	1.28364	
1.10871	1.09683	1.06199	1.00658	0.93436	0.85026	0.76000	0.66975	0.58565	0.51343	0.45801	0.42318	0.41130	0.42318	0.45801	0.51343	0.58565	0.66975	0.76000	0.85026	0.93436	1.00658	1.06199	1.09683	
0.70000	0.70000	0.70000	0.70000	0.70000	0.70000	0.70000	0.70000	0.70000	0.70000	0.70000	0.70000	0.70000	0.70000	0.70000	0.70000	0.70000	0.70000	0.70000	0.70000	0.70000	0.70000	0.70000	0.70000	
1.74999	1.74999	1.74999	1.74999	1.74999	1.74999	1.74999	1.74999	1.74999	1.74999	1.74999	1.74999	1.74999	1.74999	1.74999	1.74999	1.74999	1.74999	1.74999	1.74999	1.74999	1.74999	1.74999	1.74999	
2.07748	2.06462	2.02690	1.96691	1.88873	1.79769	1.69999	1.60229	1.51125	1.43307	1.37308	1.33537	1.32250	1.33537	1.37308	1.43307	1.51125	1.60229	1.69999	1.79769	1.88873	1.96691	2.02690	2.06462	
2.16960	2.15189	2.09999	2.01741	1.90980	1.78448	1.64999	1.51551	1.39019	1.28257	1.20000	1.14809	1.13038	1.14809	1.20000	1.28257	1.39019	1.51551	1.64999	1.78448	1.90980	2.01741	2.09999	2.15189	
2.21845	2.19738	2.13559	2.03731	1.90922	1.76006	1.59999	1.43992	1.29076	1.16268	1.06439	1.00261	0.98153	1.00261	1.06439	1.16268	1.29076	1.43992	1.59999	1.76006	1.90922	2.03731	2.13559	2.19738	
2.24280	2.21920	2.14998	2.03988	1.89640	1.72931	1.54999	1.37068	1.20359	1.06010	0.95000	0.88079	0.85718	0.88079	0.95000	1.06010	1.20359	1.37068	1.54999	1.72931	1.89640	2.03988	2.14998	2.21920	
2.24998	2.22443	2.14950	2.03032	1.87499	1.69411	1.49999	1.30588	1.12500	0.96967	0.85048	0.77556	0.75000	0.77556	0.85048	0.96967	1.12500	1.30588	1.49999	1.69411	1.87499	2.03032	2.14950	2.22443	
2.24371	2.21666	2.13737	2.01124	1.84685	1.65542	1.44999	1.24457	1.05314	0.88875	0.76262	0.68332	0.65628	0.68332	0.76262	0.88875	1.05314	1.24457	1.44999	1.65542	1.84685	2.01124	2.13737	2.21666	
2.22612	2.19797	2.11544	1.98415	1.81306	1.61381	1.39999	1.18618	0.98693	0.81584	0.68455	0.60202	0.57387	0.60202	0.68455	0.81584	0.98693	1.18618	1.39999	1.61381	1.81306	1.98415	2.11544	2.19797	
2.19851	2.16960	2.08483	1.94999	1.77425	1.56961	1.35000	1.13038	0.92574	0.75000	0.61516	0.53039	0.50148	0.53039	0.61516	0.75000	0.92574	1.13038	1.35000	1.56961	1.77425	1.94999	2.08483	2.16960	
2.16167	2.13231	2.04623	1.90929	1.73083	1.52301	1.30000	1.07698	0.86916	0.69070	0.55377	0.46768	0.43832	0.46768	0.55377	0.69070	0.86916	1.07698	1.30000	1.52301	1.73083	1.90929	2.04623	2.13231	
2.11601	2.08650	1.99999	1.86236	1.68300	1.47414	1.25000	1.02586	0.81699	0.63763	0.50001	0.41349	0.38398	0.41349	0.50001	0.63763	0.81699	1.02586	1.25000	1.47414	1.68300	1.86236	1.99999	2.08650	
2.06167	2.03231	1.94623	1.80929	1.63083	1.42301	1.20000	0.97698	0.76916	0.59070	0.45377	0.36769	0.33832	0.36769	0.45377	0.59070	0.76916	0.97698	1.20000	1.42301	1.63083	1.80929	1.94623	2.03231	
1.99852	1.96960	1.88484	1.74999	1.57426	1.36961	1.15000	0.93039	0.72574	0.55001	0.41516	0.33039	0.30148	0.33039	0.41516	0.55001	0.72574	0.93039	1.15000	1.36961	1.57426	1.74999	1.88484	1.96960	
1.92612	1.89797	1.81544	1.68416	1.51306	1.31382	1.10000	0.88618	0.68694	0.51584	0.38455	0.30202	0.27387	0.30202	0.38455	0.51584	0.68694	0.88618	1.10000	1.31382	1.51306	1.68416	1.81544	1.89797	
1.84371	1.81667	1.73738	1.61124	1.44686	1.25543	1.05000	0.84457	0.65314	0.48876	0.36262	0.28333	0.25628	0.28333	0.36262	0.48876	0.65314	0.84457	1.05000	1.25543	1.44686	1.61124	1.73738	1.81667	
1.74999	1.72443	1.64951	1.53032	1.37500	1.19411	1.00000	0.80589	0.62500	0.46968	0.35049	0.27557	0.25001	0.27557	0.35049	0.46968	0.62500	0.80589	1.00000	1.19411	1.37500	1.53032	1.64951	1.72443	
1.64281	1.61920	1.54999	1.43989	1.29641	1.12931	0.95000	0.77069	0.60360	0.46011	0.35001	0.28080	0.25719	0.28080	0.35001	0.46011	0.60360	0.77069	0.95000	1.12931	1.29641	1.43989	1.54999	1.61920	
1.51846	1.49739	1.43560	1.33732	1.20923	1.06007	0.90000	0.73993	0.59077	0.46269	0.36440	0.30262	0.28154	0.30262	0.36440	0.46269	0.59077	0.73993	0.90000	1.06007	1.20923	1.33732	1.43560	1.49739	
1.36961	1.35191	1.30000	1.21742	1.10981	0.98449	0.85000	0.71552	0.59020	0.48258	0.40001	0.34810	0.33039	0.34810	0.40001	0.48258	0.59020	0.71552	0.85000	0.98449	1.10981	1.21742	1.30000	1.35191	
1.17749	1.16463	1.12692	1.06693	0.98875	0.89770	0.80000	0.70230	0.61126	0.53308	0.47309	0.43538	0.42252	0.43538	0.47309	0.53308	0.61126	0.70230	0.80000	0.89770	0.98875	1.06693	1.12692	1.16463	
0.75000	0.75000	0.75000	0.75000	0.75000	0.75000	0.75000	0.75000	0.75000	0.75000	0.75000	0.75000	0.75000	0.75000	0.75000	0.75000	0.75000	0.75000	0.75000	0.75000	0.75000	0.75000	0.75000	0.75000	
1.59999	1.59999	1.59999	1.59999	1.59999	1.59999	1.59999	1.59999	1.59999	1.59999	1.59999	1.59999	1.59999	1.59999	1.59999	1.59999	1.59999	1.59999	1.59999	1.59999	1.59999	1.59999	1.59999	1.59999	
1.95949	1.94587	1.90597	1.84248	1.75974	1.66339	1.55999	1.45660	1.36025	1.27751	1.21402	1.17411	1.16050	1.17411	1.21402	1.27751	1.36025	1.45660	1.55999	1.66339	1.75974	1.84248	1.90597	1.94587	
2.06990	2.05116	1.99622	1.90883	1.79494	1.66232	1.51999	1.37767	1.24504	1.13115	1.04376	0.98883	0.97009	0.98883	1.04376	1.13115	1.24504	1.37767	1.51999	1.66232	1.79494	1.90883	1.99622	2.05116	
2.13451	2.11221	2.04682	1.94281	1.80725	1.64939	1.47999	1.31059	1.15274	1.01718	0.91317	0.84778	0.82548	0.84778	0.91317	1.01718	1.15274	1.31059	1.47999	1.64939	1.80725	1.94281	2.04682	2.11221	
2.17320	2.14821	2.07497	1.95845	1.80660	1.62976	1.43999	1.25023	1.07339	0.92154	0.80502	0.73177	0.70679	0.73177	0.80502	0.92154	1.07339	1.25023	1.43999	1.62976	1.80660	1.95845	2.07497	2.14821	
2.19371	2.16666	2.08737	1.96124	1.79685	1.60542	1.39999	1.19457	1.00314	0.83875	0.71262	0.63332	0.60628	0.63332	0.71262	0.83875	1.00314	1.19457	1.39999	1.60542	1.79685	1.96124	2.08737	2.16666	
2.19998	2.17136	2.08745	1.95396	1.77999	1.57740	1.36000	1.14259	0.94000	0.76603	0.63254	0.54863	0.52001	0.54863	0.63254	0.76603	0.94000	1.14259	1.36000	1.57740	1.77999	1.95396	2.08745	2.17136	
2.19428	2.16449	2.07715	1.93821	1.75714	1.54628	1.32000	1.09371	0.88285	0.70178	0.56284	0.47550	0.44571	0.47550	0.56284	0.70178	0.88285	1.09371	1.32000	1.54628	1.75714	1.93821	2.07715	2.16449	
2.17798	2.14738	2.05768	1.91497	1.72899	1.51241	1.28000	1.04758	0.83100	0.64502	0.50232	0.41261	0.38201	0.41261	0.50232	0.64502	0.83100	1.04758	1.28000	1.51241	1.72899	1.91497	2.05768	2.14738	
2.15191	2.12083	2.02973	1.88481	1.69595	1.47602	1.24000	1.00398	0.78404	0.59518	0.45026	0.35916	0.32809	0.35916	0.45026	0.59518	0.78404	1.00398	1.24000	1.47602	1.69595	1.88481	2.02973	2.12083	
2.11650	2.08527	1.99371	1.84806	1.65825	1.43721	1.20000	0.96279	0.74175	0.55193	0.40628	0.31472	0.28349	0.31472	0.40628	0.55193	0.74175	0.96279	1.20000	1.43721	1.65825	1.84806	1.99371	2.08527	
2.07191	2.04083	1.94973	1.80482	1.61595	1.39602	1.16000	0.92398	0.70404	0.51518	0.37026	0.27916	0.24809	0.27916	0.37026	0.51518	0.70404	0.92398	1.16000	1.39602	1.61595	1.80482	1.94973	2.04083	
2.01798	1.98739	1.89768	1.75497	1.56899	1.35241	1.12000	0.88758	0.67101	0.48503	0.34232	0.25261	0.22201	0.25261	0.34232	0.48503	0.67101	0.88758	1.12000	1.35241	1.56899	1.75497	1.89768	1.98739	
1.95429	1.92450	1.83715	1.69821	1.51714	1.30628	1.08000	0.85372	0.64285	0.46178	0.32284	0.23550	0.20571	0.23550	0.32284	0.46178	0.64285	0.85372	1.08000	1.30628	1.51714	1.69821	1.83715	1.92450	
1.87999	1.85137	1.76745	1.63396	1.45999	1.25740	1.04000	0.82259	0.62000	0.44604	0.31255	0.22863	0.20001	0.22863	0.31255	0.44604	0.62000	0.82259	1.04000	1.25740	1.45999	1.63396	1.76745	1.85137	
1.79372	1.76667	1.68738	1.56124	1.39686	1.20543	1.00000	0.79457	0.60314	0.43876	0.31262	0.23333	0.20628	0.23333	0.31262	0.43876	0.60314	0.79457	1.00000	1.20543	1.39686	1.56124	1.68738	1.76667	
1.69320	1.66822	1.59497	1.47845	1.32660	1.14977	0.96000	0.77023	0.59340	0.44155	0.32503	0.25178	0.22680	0.25178	0.32503	0.44155	0.59340	0.77023	0.96000	1.14977	1.32660	1.47845	1.59497	1.66822	
1.57452	1.55221	1.48683	1.38281	1.24726	1.08940	0.92000	0.75060	0.59274	0.45719	0.35318	0.28779	0.26549	0.28779	0.35318	0.45719	0.59274	0.75060	0.92000	1.08940	1.24726	1.38281	1.48683	1.55221	
1.42990	1.41117	1.35623	1.26884	1.15495	1.02233	0.88000	0.73768	0.60505	0.49116	0.40377	0.34884	0.33010	0.34884	0.40377	0.49116	0.60505	0.73768	0.88000	1.02233	1.15495	1.26884	1.35623	1.41117	
1.23950	1.22588	1.18597	1.12249	1.03975	0.94340	0.84000	0.73661	0.64025	0.55752	0.49403	0.45412	0.44051	0.45412	0.49403	0.55752	0.64025	0.73661	0.84000	0.94340	1.03975	1.12249	1.18597	1.22588	
0.80000	0.80000	0.80000	0.80000	0.80000	0.80000	0.80000	0.80000	0.80000	0.80000	0.80000	0.80000	0.80000	0.80000	0.80000	0.80000	0.80000	0.80000	0.80000	0.80000	0.80000	0.80000	0.80000	0.80000	
1.44999	1.44999	1.44999	1.44999	1.44999	1.44999	1.44999	1.44999	1.44999	1.44999	1.44999	1.44999	1.44999	1.44999	1.44999	1.44999	1.44999	1.44999	1.44999	1.44999	1.44999	1.44999	1.44999	1.44999	
1.83580	1.82163	1.78009	1.71401	1.62790	1.52761	1.41999	1.31238	1.21209	1.12597	1.05990	1.01836	1.00419	1.01836	1.05990	1.12597	1.21209	1.31238	1.41999	1.52761	1.62790	1.71401	1.78009	1.82163	
1.96235	1.94285	1.88567	1.79471	1.67617	1.53813	1.38999	1.24186	1.10382	0.98528	0.89432	0.83714	0.81764	0.83714	0.89432	0.98528	1.10382	1.24186	1.38999	1.53813	1.67617	1.79471	1.88567	1.94285	
2.04124	2.01802	1.94997	1.84170	1.70062	1.53631	1.36000	1.18368	1.01938	0.87829	0.77002	0.70197	0.67876	0.70197	0.77002	0.87829	1.01938	1.18368	1.36000	1.53631	1.70062	1.84170	1.94997	2.01802	
2.09314	2.06713	1.99090	1.86962	1.71157	1.52751	1.33000	1.13248	0.94842	0.79037	0.66910	0.59286	0.56685	0.59286	0.66910	0.79037	0.94842	1.13248	1.33000	1.52751	1.71157	1.86962	1.99090	2.06713	
2.12612	2.09797	2.01544	1.88415	1.71306	1.51381	1.30000	1.08618	0.88693	0.71584	0.58455	0.50202	0.47387	0.50202	0.58455	0.71584	0.88693	1.08618	1.30000	1.51381	1.71306	1.88415	2.01544	2.09797	
2.14428	2.11449	2.02715	1.88821	1.70714	1.49628	1.27000	1.04371	0.83285	0.65178	0.51284	0.42550	0.39571	0.42550	0.51284	0.65178	0.83285	1.04371	1.27000	1.49628	1.70714	1.88821	2.02715	2.11449	
2.14998	2.11898	2.02807	1.88346	1.69499	1.47552	1.24000	1.00447	0.78500	0.59654	0.45192	0.36102	0.33001	0.36102	0.45192	0.59654	0.78500	1.00447	1.24000	1.47552	1.69499	1.88346	2.02807	2.11898	
2.14465	2.11280	2.01943	1.87090	1.67732	1.45190	1.21000	0.96809	0.74267	0.54910	0.40056	0.30719	0.27534	0.30719	0.40056	0.54910	0.74267	0.96809	1.21000	1.45190	1.67732	1.87090	2.01943	2.11280	
2.12914	2.09680	2.00198	1.85114	1.65457	1.42565	1.18000	0.93434	0.70543	0.50885	0.35801	0.26319	0.23085	0.26319	0.35801	0.50885	0.70543	0.93434	1.18000	1.42565	1.65457	1.85114	2.00198	2.09680	
2.10392	2.07142	1.97612	1.82453	1.62696	1.39689	1.15000	0.90310	0.67303	0.47547	0.32387	0.22858	0.19607	0.22858	0.32387	0.47547	0.67303	0.90310	1.15000	1.39689	1.62696	1.82453	1.97612	2.07142	
2.06914	2.03680	1.94198	1.79115	1.59457	1.36566	1.12000	0.87434	0.64543	0.44885	0.29801	0.20319	0.17085	0.20319	0.29801	0.44885	0.64543	0.87434	1.12000	1.36566	1.59457	1.79115	1.94198	2.03680	
2.02465	1.99280	1.89943	1.75090	1.55733	1.33190	1.09000	0.84809	0.62267	0.42910	0.28057	0.18719	0.15535	0.18719	0.28057	0.42910	0.62267	0.84809	1.09000	1.33190	1.55733	1.75090	1.89943	1.99280	
1.96999	1.93898	1.84807	1.70346	1.51499	1.29552	1.06000	0.82448	0.60501	0.41654	0.27193	0.18102	0.15001	0.18102	0.27193	0.41654	0.60501	0.82448	1.06000	1.29552	1.51499	1.70346	1.84807	1.93898	
1.90429	1.87450	1.78716	1.64821	1.46714	1.25628	1.03000	0.80372	0.59286	0.41178	0.27284	0.18550	0.15571	0.18550	0.27284	0.41178	0.59286	0.80372	1.03000	1.25628	1.46714	1.64821	1.78716	1.87450	
1.82612	1.79798	1.71545	1.58416	1.41306	1.21382	1.00000	0.78618	0.58694	0.41584	0.28455	0.20202	0.17388	0.20202	0.28455	0.41584	0.58694	0.78618	1.00000	1.21382	1.41306	1.58416	1.71545	1.79798	
1.73314	1.70714	1.63090	1.50962	1.35157	1.16752	0.97000	0.77248	0.58843	0.43038	0.30910	0.23286	0.20686	0.23286	0.30910	0.43038	0.58843	0.77248	0.97000	1.16752	1.35157	1.50962	1.63090	1.70714	
1.62124	1.59803	1.52997	1.42171	1.28062	1.11632	0.94000	0.76368	0.59938	0.45829	0.35003	0.28197	0.25876	0.28197	0.35003	0.45829	0.59938	0.76368	0.94000	1.11632	1.28062	1.42171	1.52997	1.59803	
1.48236	1.46285	1.40568	1.31472	1.19618	1.05814	0.91000	0.76186	0.62382	0.50528	0.41433	0.35715	0.33765	0.35715	0.41433	0.50528	0.62382	0.76186	0.91000	1.05814	1.19618	1.31472	1.40568	1.46285	
1.29581	1.28164	1.24010	1.17402	1.08791	0.98762	0.88000	0.77238	0.67210	0.58598	0.51990	0.47836	0.46419	0.47836	0.51990	0.58598	0.67210	0.77238	0.88000	0.98762	1.08791	1.17402	1.24010	1.28164	
0.85000	0.85000	0.85000	0.85000	0.85000	0.85000	0.85000	0.85000	0.85000	0.85000	0.85000	0.85000	0.85000	0.85000	0.85000	0.85000	0.85000	0.85000	0.85000	0.85000	0.85000	0.85000	0.85000	0.85000	
1.30000	1.30000	1.30000	1.30000	1.30000	1.30000	1.30000	1.30000	1.30000	1.30000	1.30000	1.30000	1.30000	1.30000	1.30000	1.30000	1.30000	1.30000	1.30000	1.30000	1.30000	1.30000	1.30000	1.30000	
1.70707	1.69252	1.64986	1.58199	1.49354	1.39053	1.28000	1.16946	1.06646	0.97801	0.91014	0.86747	0.85292	0.86747	0.91014	0.97801	1.06646	1.16946	1.28000	1.39053	1.49354	1.58199	1.64986	1.69252	
1.84787	1.82784	1.76911	1.67568	1.55393	1.41215	1.26000	1.10784	0.96606	0.84431	0.75089	0.69216	0.67213	0.69216	0.75089	0.84431	0.96606	1.10784	1.26000	1.41215	1.55393	1.67568	1.76911	1.82784	
1.93970	1.91586	1.84596	1.73476	1.58985	1.42109	1.24000	1.05890	0.89014	0.74523	0.63403	0.56413	0.54029	0.56413	0.63403	0.74523	0.89014	1.05890	1.24000	1.42109	1.58985	1.73476	1.84596	1.91586	
2.00382	1.97712	1.89881	1.77425	1.61191	1.42287	1.22000	1.01713	0.82808	0.66575	0.54118	0.46288	0.43617	0.46288	0.54118	0.66575	0.82808	1.01713	1.22000	1.42287	1.61191	1.77425	1.89881	1.97712	
2.04851	2.01960	1.93483	1.79999	1.62426	1.41961	1.20000	0.98039	0.77574	0.60001	0.46516	0.38039	0.35148	0.38039	0.46516	0.60001	0.77574	0.98039	1.20000	1.41961	1.62426	1.79999	1.93483	2.01960	
2.07798	2.04739	1.95768	1.81497	1.62899	1.41241	1.18000	0.94758	0.73100	0.54503	0.40232	0.31261	0.28201	0.31261	0.40232	0.54503	0.73100	0.94758	1.18000	1.41241	1.62899	1.81497	1.95768	2.04739	
2.09465	2.06280	1.96943	1.82090	1.62732	1.40190	1.16000	0.91809	0.69267	0.49910	0.35056	0.25719	0.22534	0.25719	0.35056	0.49910	0.69267	0.91809	1.16000	1.40190	1.62732	1.82090	1.96943	2.06280	
2.09999	2.06727	1.97137	1.81881	1.61999	1.38846	1.14000	0.89154	0.66000	0.46118	0.30862	0.21272	0.18001	0.21272	0.30862	0.46118	0.66000	0.89154	1.14000	1.38846	1.61999	1.81881	1.97137	2.06727	
2.09487	2.06165	1.96426	1.80934	1.60743	1.37231	1.12000	0.86768	0.63256	0.43066	0.27573	0.17834	0.14513	0.17834	0.27573	0.43066	0.63256	0.86768	1.12000	1.37231	1.60743	1.80934	1.96426	2.06165	
2.07978	2.04640	1.94852	1.79281	1.58989	1.35359	1.10000	0.84641	0.61011	0.40719	0.25148	0.15360	0.12022	0.15360	0.25148	0.40719	0.61011	0.84641	1.10000	1.35359	1.58989	1.79281	1.94852	2.04640	
2.05487	2.02165	1.92426	1.76934	1.56743	1.33231	1.08000	0.82768	0.59256	0.39066	0.23574	0.13835	0.10513	0.13835	0.23574	0.39066	0.59256	0.82768	1.08000	1.33231	1.56743	1.76934	1.92426	2.02165	
2.01999	1.98728	1.89137	1.73881	1.53999	1.30846	1.06000	0.81154	0.58001	0.38119	0.22863	0.13272	0.10001	0.13272	0.22863	0.38119	0.58001	0.81154	1.06000	1.30846	1.53999	1.73881	1.89137	1.98728	
1.97465	1.94281	1.84943	1.70090	1.50733	1.28191	1.04000	0.79809	0.57267	0.37910	0.23057	0.13719	0.10535	0.13719	0.23057	0.37910	0.57267	0.79809	1.04000	1.28191	1.50733	1.70090	1.84943	1.94281	
1.91799	1.88739	1.79768	1.65497	1.46899	1.25242	1.02000	0.78758	0.57101	0.38503	0.24232	0.15261	0.12201	0.15261	0.24232	0.38503	0.57101	0.78758	1.02000	1.25242	1.46899	1.65497	1.79768	1.88739	
1.84852	1.81960	1.73484	1.59999	1.42426	1.21961	1.00000	0.78039	0.57574	0.40001	0.26516	0.18040	0.15148	0.18040	0.26516	0.40001	0.57574	0.78039	1.00000	1.21961	1.42426	1.59999	1.73484	1.81960	
1.76383	1.73712	1.65881	1.53425	1.37191	1.18287	0.98000	0.77713	0.58809	0.42575	0.30119	0.22288	0.19617	0.22288	0.30119	0.42575	0.58809	0.77713	0.98000	1.18287	1.37191	1.53425	1.65881	1.73712	
1.65971	1.63586	1.56596	1.45477	1.30985	1.14110	0.96000	0.77890	0.61015	0.46523	0.35404	0.28414	0.26030	0.28414	0.35404	0.46523	0.61015	0.77890	0.96000	1.14110	1.30985	1.45477	1.56596	1.63586	
1.52787	1.50784	1.44911	1.35569	1.23394	1.09215	0.94000	0.78785	0.64607	0.52431	0.43089	0.37216	0.35213	0.37216	0.43089	0.52431	0.64607	0.78785	0.94000	1.09215	1.23394	1.35569	1.44911	1.50784	
1.34708	1.33253	1.28986	1.22199	1.13354	1.03054	0.92000	0.80947	0.70646	0.61801	0.55014	0.50748	0.49292	0.50748	0.55014	0.61801	0.70646	0.80947	0.92000	1.03054	1.13354	1.22199	1.28986	1.33253	
0.90000	0.90000	0.90000	0.90000	0.90000	0.90000	0.90000	0.90000	0.90000	0.90000	0.90000	0.90000	0.90000	0.90000	0.90000	0.90000	0.90000	0.90000	0.90000	0.90000	0.90000	0.90000	0.90000	0.90000	
1.15000	1.15000	1.15000	1.15000	1.15000	1.15000	1.15000	1.15000	1.15000	1.15000	1.15000	1.15000	1.15000	1.15000	1.15000	1.15000	1.15000	1.15000	1.15000	1.15000	1.15000	1.15000	1.15000	1.15000	
1.57370	1.55892	1.51559	1.44667	1.35685	1.25225	1.14000	1.02775	0.92315	0.83333	0.76440	0.72108	0.70630	0.72108	0.76440	0.83333	0.92315	1.02775	1.14000	1.25225	1.35685	1.44667	1.51559	1.55892	
1.72698	1.70664	1.64700	1.55213	1.42849	1.28451	1.13000	0.97549	0.83151	0.70787	0.61299	0.55336	0.53301	0.55336	0.61299	0.70787	0.83151	0.97549	1.13000	1.28451	1.42849	1.55213	1.64700	1.70664	
1.83055	1.80634	1.73536	1.62244	1.47528	1.30390	1.12000	0.93609	0.76472	0.61756	0.50464	0.43366	0.40944	0.43366	0.50464	0.61756	0.76472	0.93609	1.12000	1.30390	1.47528	1.62244	1.73536	1.80634	
1.90598	1.87886	1.79934	1.67284	1.50799	1.31601	1.11000	0.90398	0.71201	0.54716	0.42066	0.34114	0.31402	0.34114	0.42066	0.54716	0.71201	0.90398	1.11000	1.31601	1.50799	1.67284	1.79934	1.87886	
1.96167	1.93231	1.84623	1.70929	1.53084	1.32302	1.10000	0.87698	0.66916	0.49070	0.35377	0.26769	0.23833	0.26769	0.35377	0.49070	0.66916	0.87698	1.10000	1.32302	1.53084	1.70929	1.84623	1.93231	
2.00191	1.97084	1.87974	1.73482	1.54595	1.32602	1.09000	0.85398	0.63404	0.44518	0.30026	0.20916	0.17809	0.20916	0.30026	0.44518	0.63404	0.85398	1.09000	1.32602	1.54595	1.73482	1.87974	1.97084	
2.02914	1.99680	1.90198	1.75115	1.55457	1.32566	1.08000	0.83434	0.60543	0.40885	0.25802	0.16320	0.13085	0.16320	0.25802	0.40885	0.60543	0.83434	1.08000	1.32566	1.55457	1.75115	1.90198	1.99680	
2.04487	2.01165	1.91426	1.75934	1.55744	1.32231	1.07000	0.81768	0.58256	0.38066	0.22574	0.12835	0.09513	0.12835	0.22574	0.38066	0.58256	0.81768	1.07000	1.32231	1.55744	1.75934	1.91426	2.01165	
2.04999	2.01625	1.91735	1.76003	1.55499	1.31623	1.06000	0.80377	0.56501	0.35997	0.20265	0.10375	0.07001	0.10375	0.20265	0.35997	0.56501	0.80377	1.06000	1.31623	1.55499	1.76003	1.91735	2.01625	
2.04497	2.01107	1.91167	1.75355	1.54749	1.30752	1.05000	0.79248	0.55251	0.34645	0.18833	0.08893	0.05502	0.08893	0.18833	0.34645	0.55251	0.79248	1.05000	1.30752	1.54749	1.75355	1.91167	2.01107	
2.02999	1.99625	1.89735	1.74003	1.53499	1.29623	1.04000	0.78377	0.54501	0.33997	0.18265	0.08375	0.05001	0.08375	0.18265	0.33997	0.54501	0.78377	1.04000	1.29623	1.53499	1.74003	1.89735	1.99625	
2.00487	1.97165	1.87426	1.71934	1.51744	1.28232	1.03000	0.77768	0.54256	0.34066	0.18574	0.08835	0.05513	0.08835	0.18574	0.34066	0.54256	0.77768	1.03000	1.28232	1.51744	1.71934	1.87426	1.97165	
1.96914	1.93680	1.84198	1.69115	1.49457	1.26566	1.02000	0.77434	0.54543	0.34885	0.19802	0.10320	0.07085	0.10320	0.19802	0.34885	0.54543	0.77434	1.02000	1.26566	1.49457	1.69115	1.84198	1.93680	
1.92191	1.89084	1.79974	1.65482	1.46595	1.24602	1.01000	0.77398	0.55405	0.36518	0.22026	0.12916	0.09809	0.12916	0.22026	0.36518	0.55405	0.77398	1.01000	1.24602	1.46595	1.65482	1.79974	1.89084	
1.86167	1.83231	1.74623	1.60929	1.43084	1.22302	1.00000	0.77698	0.56916	0.39071	0.25377	0.16769	0.13833	0.16769	0.25377	0.39071	0.56916	0.77698	1.00000	1.22302	1.43084	1.60929	1.74623	1.83231	
1.78598	1.75886	1.67934	1.55284	1.38799	1.19601	0.99000	0.78399	0.59201	0.42716	0.30066	0.22114	0.19402	0.22114	0.30066	0.42716	0.59201	0.78399	0.99000	1.19601	1.38799	1.55284	1.67934	1.75886	
1.69055	1.66634	1.59536	1.48244	1.33528	1.16391	0.98000	0.79610	0.62472	0.47756	0.36464	0.29366	0.26945	0.29366	0.36464	0.47756	0.62472	0.79610	0.98000	1.16391	1.33528	1.48244	1.59536	1.66634	
1.56699	1.54664	1.48700	1.39213	1.26849	1.12451	0.97000	0.81549	0.67151	0.54787	0.45300	0.39336	0.37302	0.39336	0.45300	0.54787	0.67151	0.81549	0.97000	1.12451	1.26849	1.39213	1.48700	1.54664	
1.39370	1.37892	1.33560	1.26667	1.17685	1.07225	0.96000	0.84775	0.74315	0.65333	0.58441	0.54108	0.52630	0.54108	0.58441	0.65333	0.74315	0.84775	0.96000	1.07225	1.17685	1.26667	1.33560	1.37892	
0.95000	0.95000	0.95000	0.95000	0.95000	0.95000	0.95000	0.95000	0.95000	0.95000	0.95000	0.95000	0.95000	0.95000	0.95000	0.95000	0.95000	0.95000	0.95000	0.95000	0.95000	0.95000	0.95000	0.95000	
1.00000	1.00000	1.00000	1.00000	1.00000	1.00000	1.00000	1.00000	1.00000	1.00000	1.00000	1.00000	1.00000	1.00000	1.00000	1.00000	1.00000	1.00000	1.00000	1.00000	1.00000	1.00000	1.00000	1.00000	
1.43588	1.42103	1.37749	1.30822	1.21794	1.11282	1.00000	0.88718	0.78206	0.69178	0.62251	0.57897	0.56412	0.57897	0.62251	0.69178	0.78206	0.88718	1.00000	1.11282	1.21794	1.30822	1.37749	1.42103	
1.59999	1.57955	1.51961	1.42426	1.30000	1.15529	1.00000	0.84471	0.70000	0.57574	0.48039	0.42045	0.40001	0.42045	0.48039	0.57574	0.70000	0.84471	1.00000	1.15529	1.30000	1.42426	1.51961	1.57955	
1.71413	1.68980	1.61846	1.50497	1.35707	1.18483	1.00000	0.81517	0.64293	0.49503	0.38154	0.31020	0.28587	0.31020	0.38154	0.49503	0.64293	0.81517	1.00000	1.18483	1.35707	1.50497	1.61846	1.68980	
1.79999	1.77273	1.69281	1.56568	1.39999	1.20705	1.00000	0.79295	0.60001	0.43432	0.30719	0.22727	0.20001	0.22727	0.30719	0.43432	0.60001	0.79295	1.00000	1.20705	1.39999	1.56568	1.69281	1.77273	
1.86601	1.83651	1.74999	1.61236	1.43301	1.22414	1.00000	0.77586	0.56699	0.38764	0.25001	0.16349	0.13399	0.16349	0.25001	0.38764	0.56699	0.77586	1.00000	1.22414	1.43301	1.61236	1.74999	1.83651	
1.91650	1.88527	1.79372	1.64807	1.45825	1.23721	1.00000	0.76279	0.54175	0.35193	0.20628	0.11473	0.08350	0.11473	0.20628	0.35193	0.54175	0.76279	1.00000	1.23721	1.45825	1.64807	1.79372	1.88527	
1.95393	1.92142	1.82612	1.67453	1.47696	1.24689	1.00000	0.75311	0.52304	0.32547	0.17388	0.07858	0.04607	0.07858	0.17388	0.32547	0.52304	0.75311	1.00000	1.24689	1.47696	1.67453	1.82612	1.92142	
1.97978	1.94640	1.84852	1.69281	1.48989	1.25359	1.00000	0.74641	0.51011	0.30719	0.15148	0.05360	0.02022	0.05360	0.15148	0.30719	0.51011	0.74641	1.00000	1.25359	1.48989	1.69281	1.84852	1.94640	
1.99497	1.96107	1.86167	1.70355	1.49749	1.25752	1.00000	0.74248	0.50251	0.29645	0.13833	0.03893	0.00503	0.03893	0.13833	0.29645	0.50251	0.74248	1.00000	1.25752	1.49749	1.70355	1.86167	1.96107	
1.99999	1.96591	1.86601	1.70710	1.49999	1.25882	1.00000	0.74118	0.50001	0.29290	0.13399	0.03409	0.00001	0.03409	0.13399	0.29290	0.50001	0.74118	1.00000	1.25882	1.49999	1.70710	1.86601	1.96591	
1.99497	1.96107	1.86167	1.70355	1.49749	1.25752	1.00000	0.74248	0.50251	0.29645	0.13833	0.03893	0.00503	0.03893	0.13833	0.29645	0.50251	0.74248	1.00000	1.25752	1.49749	1.70355	1.86167	1.96107	
1.97978	1.94640	1.84852	1.69281	1.48989	1.25359	1.00000	0.74641	0.51011	0.30719	0.15148	0.05360	0.02022	0.05360	0.15148	0.30719	0.51011	0.74641	1.00000	1.25359	1.48989	1.69281	1.84852	1.94640	
1.95393	1.92142	1.82612	1.67453	1.47696	1.24689	1.00000	0.75311	0.52304	0.32547	0.17388	0.07858	0.04607	0.07858	0.17388	0.32547	0.52304	0.75311	1.00000	1.24689	1.47696	1.67453	1.82612	1.92142	
1.91650	1.88527	1.79372	1.64807	1.45825	1.23721	1.00000	0.76279	0.54175	0.35193	0.20628	0.11473	0.08350	0.11473	0.20628	0.35193	0.54175	0.76279	1.00000	1.23721	1.45825	1.64807	1.79372	1.88527	
1.86601	1.83651	1.74999	1.61236	1.43301	1.22414	1.00000	0.77586	0.56699	0.38764	0.25001	0.16349	0.13399	0.16349	0.25001	0.38764	0.56699	0.77586	1.00000	1.22414	1.43301	1.61236	1.74999	1.83651	
1.79999	1.77273	1.69281	1.56568	1.39999	1.20705	1.00000	0.79295	0.60001	0.43432	0.30719	0.22727	0.20001	0.22727	0.30719	0.43432	0.60001	0.79295	1.00000	1.20705	1.39999	1.56568	1.69281	1.77273	
1.71413	1.68980	1.61846	1.50497	1.35707	1.18483	1.00000	0.81517	0.64293	0.49503	0.38154	0.31020	0.28587	0.31020	0.38154	0.49503	0.64293	0.81517	1.00000	1.18483	1.35707	1.50497	1.61846	1.68980	
1.59999	1.57955	1.51961	1.42426	1.30000	1.15529	1.00000	0.84471	0.70000	0.57574	0.48039	0.42045	0.40001	0.42045	0.48039	0.57574	0.70000	0.84471	1.00000	1.15529	1.30000	1.42426	1.51961	1.57955	
1.43588	1.42103	1.37749	1.30822	1.21794	1.11282	1.00000	0.88718	0.78206	0.69178	0.62251	0.57897	0.56412	0.57897	0.62251	0.69178	0.78206	0.88718	1.00000	1.11282	1.21794	1.30822	1.37749	1.42103	
1.00000	1.00000	1.00000	1.00000	1.00000	1.00000	1.00000	1.00000	1.00000	1.00000	1.00000	1.00000	1.00000	1.00000	1.00000	1.00000	1.00000	1.00000	1.00000	1.00000	1.00000	1.00000	1.00000	1.00000	
0.85000	0.85000	0.85000	0.85000	0.85000	0.85000	0.85000	0.85000	0.85000	0.85000	0.85000	0.85000	0.85000	0.85000	0.85000	0.85000	0.85000	0.85000	0.85000	0.85000	0.85000	0.85000	0.85000	0.85000	
1.29370	1.27892	1.23560	1.16667	1.07685	0.97225	0.86000	0.74775	0.64315	0.55333	0.48441	0.44108	0.42630	0.44108	0.48441	0.55333	0.64315	0.74775	0.86000	0.97225	1.07685	1.16667	1.23560	1.27892	
1.46699	1.44664	1.38701	1.29213	1.16849	1.02451	0.87000	0.71549	0.57151	0.44787	0.35300	0.29336	0.27302	0.29336	0.35300	0.44787	0.57151	0.71549	0.87000	1.02451	1.16849	1.29213	1.38701	1.44664	
1.59056	1.56634	1.49536	1.38244	1.23528	1.06391	0.88000	0.69610	0.52472	0.37756	0.26464	0.19366	0.16945	0.19366	0.26464	0.37756	0.52472	0.69610	0.88000	1.06391	1.23528	1.38244	1.49536	1.56634	
1.68598	1.65886	1.57934	1.45284	1.28799	1.09602	0.89000	0.68399	0.49201	0.32716	0.20066	0.12114	0.09402	0.12114	0.20066	0.32716	0.49201	0.68399	0.89000	1.09602	1.28799	1.45284	1.57934	1.65886	
1.76167	1.73231	1.64623	1.50930	1.33084	1.12302	0.90000	0.67698	0.46916	0.29071	0.15377	0.06769	0.03833	0.06769	0.15377	0.29071	0.46916	0.67698	0.90000	1.12302	1.33084	1.50930	1.64623	1.73231	
1.82191	1.79084	1.69974	1.55482	1.36596	1.14602	0.91000	0.67398	0.45405	0.26518	0.12026	0.02916	-0.00191	0.02916	0.12026	0.26518	0.45405	0.67398	0.91000	1.14602	1.36596	1.55482	1.69974	1.79084	
1.86915	1.83680	1.74198	1.59115	1.39457	1.16566	0.92000	0.67434	0.44543	0.24885	0.09802	0.00320	-0.02914	0.00320	0.09802	0.24885	0.44543	0.67434	0.92000	1.16566	1.39457	1.59115	1.74198	1.83680	
1.90487	1.87165	1.77426	1.61934	1.41744	1.18232	0.93000	0.67769	0.44256	0.24066	0.08574	-0.01165	-0.04487	-0.01165	0.08574	0.24066	0.44256	0.67769	0.93000	1.18232	1.41744	1.61934	1.77426	1.87165	
1.92999	1.89625	1.79735	1.64003	1.43499	1.19623	0.94000	0.68377	0.44501	0.23997	0.08265	-0.01625	-0.04999	-0.01625	0.08265	0.23997	0.44501	0.68377	0.94000	1.19623	1.43499	1.64003	1.79735	1.89625	
1.94498	1.91107	1.81167	1.65355	1.44749	1.20752	0.95000	0.69248	0.45251	0.24645	0.08833	-0.01107	-0.04497	-0.01107	0.08833	0.24645	0.45251	0.69248	0.95000	1.20752	1.44749	1.65355	1.81167	1.91107	
1.94999	1.91625	1.81735	1.66003	1.45499	1.21623	0.96000	0.70377	0.46501	0.25997	0.10265	0.00375	-0.02999	0.00375	0.10265	0.25997	0.46501	0.70377	0.96000	1.21623	1.45499	1.66003	1.81735	1.91625	
1.94487	1.91165	1.81426	1.65934	1.45744	1.22232	0.97000	0.71768	0.48256	0.28066	0.12574	0.02835	-0.00487	0.02835	0.12574	0.28066	0.48256	0.71768	0.97000	1.22232	1.45744	1.65934	1.81426	1.91165	
1.92915	1.89680	1.80198	1.65115	1.45457	1.22566	0.98000	0.73434	0.50543	0.30885	0.15802	0.06320	0.03086	0.06320	0.15802	0.30885	0.50543	0.73434	0.98000	1.22566	1.45457	1.65115	1.80198	1.89680	
1.90191	1.87084	1.77974	1.63482	1.44595	1.22602	0.99000	0.75398	0.53405	0.34518	0.20026	0.10916	0.07809	0.10916	0.20026	0.34518	0.53405	0.75398	0.99000	1.22602	1.44595	1.63482	1.77974	1.87084	
1.86167	1.83231	1.74623	1.60929	1.43084	1.22302	1.00000	0.77698	0.56916	0.39071	0.25377	0.16769	0.13833	0.16769	0.25377	0.39071	0.56916	0.77698	1.00000	1.22302	1.43084	1.60929	1.74623	1.83231	
1.80598	1.77886	1.69934	1.57284	1.40799	1.21601	1.01000	0.80399	0.61201	0.44716	0.32066	0.24114	0.21402	0.24114	0.32066	0.44716	0.61201	0.80399	1.01000	1.21601	1.40799	1.57284	1.69934	1.77886	
1.73055	1.70634	1.63536	1.52244	1.37528	1.20390	1.02000	0.83609	0.66472	0.51756	0.40464	0.33366	0.30945	0.33366	0.40464	0.51756	0.66472	0.83609	1.02000	1.20390	1.37528	1.52244	1.63536	1.70634	
1.62698	1.60664	1.54700	1.45213	1.32849	1.18451	1.03000	0.87549	0.73151	0.60787	0.51300	0.45336	0.43301	0.45336	0.51300	0.60787	0.73151	0.87549	1.03000	1.18451	1.32849	1.45213	1.54700	1.60664	
1.47370	1.45892	1.41559	1.34667	1.25685	1.15225	1.04000	0.92775	0.82315	0.73333	0.66440	0.62108	0.60630	0.62108	0.66440	0.73333	0.82315	0.92775	1.04000	1.15225	1.25685	1.34667	1.41559	1.45892	
1.05000	1.05000	1.05000	1.05000	1.05000	1.05000	1.05000	1.05000	1.05000	1.05000	1.05000	1.05000	1.05000	1.05000	1.05000	1.05000	1.05000	1.05000	1.05000	1.05000	1.05000	1.05000	1.05000	1.05000	
0.70000	0.70000	0.70000	0.70000	0.70000	0.70000	0.70000	0.70000	0.70000	0.70000	0.70000	0.70000	0.70000	0.70000	0.70000	0.70000	0.70000	0.70000	0.70000	0.70000	0.70000	0.70000	0.70000	0.70000	
1.14708	1.13253	1.08986	1.02199	0.93354	0.83054	0.72000	0.60947	0.50646	0.41801	0.35014	0.30748	0.29293	0.30748	0.35014	0.41801	0.50646	0.60947	0.72000	0.83054	0.93354	1.02199	1.08986	1.13253	
1.32787	1.30784	1.24911	1.15569	1.03394	0.89216	0.74000	0.58785	0.44607	0.32432	0.23089	0.17216	0.15213	0.17216	0.23089	0.32432	0.44607	0.58785	0.74000	0.89216	1.03394	1.15569	1.24911	1.30784	
1.45971	1.43587	1.36597	1.25477	1.10986	0.94110	0.76000	0.57891	0.41015	0.26524	0.15404	0.08414	0.06030	0.08414	0.15404	0.26524	0.41015	0.57891	0.76000	0.94110	1.10986	1.25477	1.36597	1.43587	
1.56383	1.53712	1.45882	1.33425	1.17192	0.98287	0.78000	0.57713	0.38809	0.22575	0.10119	0.02288	-0.00382	0.02288	0.10119	0.22575	0.38809	0.57713	0.78000	0.98287	1.17192	1.33425	1.45882	1.53712	
1.64852	1.61961	1.53484	1.39999	1.22426	1.01961	0.80000	0.58039	0.37574	0.20001	0.06517	-0.01960	-0.04851	-0.01960	0.06517	0.20001	0.37574	0.58039	0.80000	1.01961	1.22426	1.39999	1.53484	1.61961	
1.71799	1.68739	1.59768	1.45497	1.26900	1.05242	0.82000	0.58759	0.37101	0.18503	0.04232	-0.04739	-0.07798	-0.04739	0.04232	0.18503	0.37101	0.58759	0.82000	1.05242	1.26900	1.45497	1.59768	1.68739	
1.77466	1.74281	1.64944	1.50090	1.30733	1.08191	0.84000	0.59810	0.37268	0.17910	0.03057	-0.06280	-0.09465	-0.06280	0.03057	0.17910	0.37268	0.59810	0.84000	1.08191	1.30733	1.50090	1.64944	1.74281	
1.81999	1.78728	1.69138	1.53882	1.34000	1.10846	0.86000	0.61154	0.38001	0.18119	0.02863	-0.06727	-0.09999	-0.06727	0.02863	0.18119	0.38001	0.61154	0.86000	1.10846	1.34000	1.53882	1.69138	1.78728	
1.85487	1.82166	1.72427	1.56934	1.36744	1.13232	0.88000	0.62769	0.39257	0.19066	0.03574	-0.06165	-0.09487	-0.06165	0.03574	0.19066	0.39257	0.62769	0.88000	1.13232	1.36744	1.56934	1.72427	1.82166	
1.87978	1.84640	1.74852	1.59281	1.38989	1.15359	0.90000	0.64641	0.41011	0.20719	0.05148	-0.04640	-0.07978	-0.04640	0.05148	0.20719	0.41011	0.64641	0.90000	1.15359	1.38989	1.59281	1.74852	1.84640	
1.89487	1.86165	1.76426	1.60934	1.40744	1.17232	0.92000	0.66769	0.43257	0.23066	0.07574	-0.02165	-0.05487	-0.02165	0.07574	0.23066	0.43257	0.66769	0.92000	1.17232	1.40744	1.60934	1.76426	1.86165	
1.89999	1.86728	1.77137	1.61881	1.41999	1.18846	0.94000	0.69154	0.46001	0.26119	0.10863	0.01272	-0.01999	0.01272	0.10863	0.26119	0.46001	0.69154	0.94000	1.18846	1.41999	1.61881	1.77137	1.86728	
1.89465	1.86281	1.76943	1.62090	1.42733	1.20191	0.96000	0.71809	0.49267	0.29910	0.15057	0.05719	0.02535	0.05719	0.15057	0.29910	0.49267	0.71809	0.96000	1.20191	1.42733	1.62090	1.76943	1.86281	
1.87799	1.84739	1.75768	1.61497	1.42899	1.21242	0.98000	0.74758	0.53101	0.34503	0.20232	0.11261	0.08201	0.11261	0.20232	0.34503	0.53101	0.74758	0.98000	1.21242	1.42899	1.61497	1.75768	1.84739	
1.84852	1.81960	1.73484	1.59999	1.42426	1.21961	1.00000	0.78039	0.57574	0.40001	0.26516	0.18040	0.15148	0.18040	0.26516	0.40001	0.57574	0.78039	1.00000	1.21961	1.42426	1.59999	1.73484	1.81960	
1.80383	1.77712	1.69881	1.57425	1.41191	1.22287	1.02000	0.81713	0.62809	0.46575	0.34119	0.26288	0.23617	0.26288	0.34119	0.46575	0.62809	0.81713	1.02000	1.22287	1.41191	1.57425	1.69881	1.77712	
1.73970	1.71586	1.64596	1.53477	1.38985	1.22110	1.04000	0.85890	0.69015	0.54523	0.43404	0.36414	0.34029	0.36414	0.43404	0.54523	0.69015	0.85890	1.04000	1.22110	1.38985	1.53477	1.64596	1.71586	
1.64787	1.62784	1.56911	1.47569	1.35393	1.21215	1.06000	0.90785	0.76606	0.64431	0.55089	0.49216	0.47213	0.49216	0.55089	0.64431	0.76606	0.90785	1.06000	1.21215	1.35393	1.47569	1.56911	1.62784	
1.50708	1.49252	1.44986	1.38199	1.29354	1.19053	1.08000	0.96946	0.86646	0.77801	0.71014	0.66747	0.65292	0.66747	0.71014	0.77801	0.86646	0.96946	1.08000	1.19053	1.29354	1.38199	1.44986	1.49252	
1.10000	1.10000	1.10000	1.10000	1.10000	1.10000	1.10000	1.10000	1.10000	1.10000	1.10000	1.10000	1.10000	1.10000	1.10000	1.10000	1.10000	1.10000	1.10000	1.10000	1.10000	1.10000	1.10000	1.10000	
0.55001	0.55001	0.55001	0.55001	0.55001	0.55001	0.55001	0.55001	0.55001	0.55001	0.55001	0.55001	0.55001	0.55001	0.55001	0.55001	0.55001	0.55001	0.55001	0.55001	0.55001	0.55001	0.55001	0.55001	
0.99581	0.98164	0.94010	0.87403	0.78791	0.68762	0.58001	0.47239	0.37210	0.28599	0.21991	0.17837	0.16420	0.17837	0.21991	0.28599	0.37210	0.47239	0.58001	0.68762	0.78791	0.87403	0.94010	0.98164	
1.18236	1.16286	1.10568	1.01472	0.89618	0.75814	0.61001	0.46187	0.32383	0.20529	0.11433	0.05715	0.03765	0.05715	0.11433	0.20529	0.32383	0.46187	0.61001	0.75814	0.89618	1.01472	1.10568	1.16286	
1.32124	1.29803	1.22998	1.12171	0.98062	0.81632	0.64000	0.46369	0.29938	0.15830	0.05003	-0.01802	-0.04124	-0.01802	0.05003	0.15830	0.29938	0.46369	0.64000	0.81632	0.98062	1.12171	1.22998	1.29803	
1.43315	1.40714	1.33090	1.20963	1.05158	0.86752	0.67000	0.47249	0.28843	0.13038	0.00910	-0.06713	-0.09314	-0.06713	0.00910	0.13038	0.28843	0.47249	0.67000	0.86752	1.05158	1.20963	1.33090	1.40714	
1.52613	1.49798	1.41545	1.28416	1.11307	0.91382	0.70000	0.48619	0.28694	0.11585	-0.01544	-0.09797	-0.12612	-0.09797	-0.01544	0.11585	0.28694	0.48619	0.70000	0.91382	1.11307	1.28416	1.41545	1.49798	
1.60429	1.57450	1.48716	1.34822	1.16715	0.95629	0.73000	0.50372	0.29286	0.11179	-0.02715	-0.11449	-0.14428	-0.11449	-0.02715	0.11179	0.29286	0.50372	0.73000	0.95629	1.16715	1.34822	1.48716	1.57450	
1.66999	1.63898	1.54808	1.40346	1.21500	0.99553	0.76000	0.52448	0.30501	0.11654	-0.02807	-0.11898	-0.14998	-0.11898	-0.02807	0.11654	0.30501	0.52448	0.76000	0.99553	1.21500	1.40346	1.54808	1.63898	
1.72466	1.69281	1.59944	1.45090	1.25733	1.03191	0.79000	0.54810	0.32268	0.12910	-0.01943	-0.11280	-0.14465	-0.11280	-0.01943	0.12910	0.32268	0.54810	0.79000	1.03191	1.25733	1.45090	1.59944	1.69281	
1.76915	1.73681	1.64199	1.49115	1.29457	1.06566	0.82000	0.57435	0.34543	0.14886	-0.00198	-0.09680	-0.12914	-0.09680	-0.00198	0.14886	0.34543	0.57435	0.82000	1.06566	1.29457	1.49115	1.64199	1.73681	
1.80393	1.77142	1.67613	1.52453	1.32697	1.09690	0.85000	0.60311	0.37304	0.17547	0.02388	-0.07142	-0.10392	-0.07142	0.02388	0.17547	0.37304	0.60311	0.85000	1.09690	1.32697	1.52453	1.67613	1.77142	
1.82915	1.79681	1.70199	1.55115	1.35457	1.12566	0.88000	0.63434	0.40543	0.20885	0.05802	-0.03680	-0.06914	-0.03680	0.05802	0.20885	0.40543	0.63434	0.88000	1.12566	1.35457	1.55115	1.70199	1.79681	
1.84465	1.81281	1.71943	1.57090	1.37733	1.15191	0.91000	0.66810	0.44267	0.24910	0.10057	0.00720	-0.02465	0.00720	0.10057	0.24910	0.44267	0.66810	0.91000	1.15191	1.37733	1.57090	1.71943	1.81281	
1.84999	1.81898	1.72807	1.58346	1.39499	1.17552	0.94000	0.70448	0.48501	0.29654	0.15193	0.06102	0.03001	0.06102	0.15193	0.29654	0.48501	0.70448	0.94000	1.17552	1.39499	1.58346	1.72807	1.81898	
1.84429	1.81450	1.72716	1.58822	1.40714	1.19628	0.97000	0.74372	0.53286	0.35179	0.21284	0.12550	0.09571	0.12550	0.21284	0.35179	0.53286	0.74372	0.97000	1.19628	1.40714	1.58822	1.72716	1.81450	
1.82612	1.79798	1.71545	1.58416	1.41306	1.21382	1.00000	0.78618	0.58694	0.41584	0.28455	0.20202	0.17388	0.20202	0.28455	0.41584	0.58694	0.78618	1.00000	1.21382	1.41306	1.58416	1.71545	1.79798	
1.79314	1.76714	1.69090	1.56962	1.41157	1.22752	1.03000	0.83248	0.64843	0.49038	0.36910	0.29286	0.26686	0.29286	0.36910	0.49038	0.64843	0.83248	1.03000	1.22752	1.41157	1.56962	1.69090	1.76714	
1.74124	1.71803	1.64997	1.54171	1.40062	1.23632	1.06000	0.88368	0.71938	0.57829	0.47003	0.40197	0.37876	0.40197	0.47003	0.57829	0.71938	0.88368	1.06000	1.23632	1.40062	1.54171	1.64997	1.71803	
1.66235	1.64285	1.58567	1.49472	1.37618	1.23814	1.09000	0.94186	0.80382	0.68528	0.59432	0.53715	0.51764	0.53715	0.59432	0.68528	0.80382	0.94186	1.09000	1.23814	1.37618	1.49472	1.58567	1.64285	
1.53581	1.52164	1.48010	1.41402	1.32790	1.22762	1.12000	1.01238	0.91209	0.82598	0.75990	0.71836	0.70419	0.71836	0.75990	0.82598	0.91209	1.01238	1.12000	1.22762	1.32790	1.41402	1.48010	1.52164	
1.15000	1.15000	1.15000	1.15000	1.15000	1.15000	1.15000	1.15000	1.15000	1.15000	1.15000	1.15000	1.15000	1.15000	1.15000	1.15000	1.15000	1.15000	1.15000	1.15000	1.15000	1.15000	1.15000	1.15000	
0.40001	0.40001	0.40001	0.40001	0.40001	0.40001	0.40001	0.40001	0.40001	0.40001	0.40001	0.40001	0.40001	0.40001	0.40001	0.40001	0.40001	0.40001	0.40001	0.40001	0.40001	0.40001	0.40001	0.40001	
0.83950	0.82589	0.78598	0.72249	0.63975	0.54340	0.44001	0.33661	0.24026	0.15752	0.09403	0.05413	0.04051	0.05413	0.09403	0.15752	0.24026	0.33661	0.44001	0.54340	0.63975	0.72249	0.78598	0.82589	
1.02991	1.01117	0.95624	0.86885	0.75496	0.62233	0.48001	0.33768	0.20506	0.09117	0.00378	-0.05116	-0.06990	-0.05116	0.00378	0.09117	0.20506	0.33768	0.48001	0.62233	0.75496	0.86885	0.95624	1.01117	
1.17452	1.15222	1.08683	0.98282	0.84726	0.68941	0.52001	0.35061	0.19275	0.05719	-0.04682	-0.11221	-0.13451	-0.11221	-0.04682	0.05719	0.19275	0.35061	0.52001	0.68941	0.84726	0.98282	1.08683	1.15222	
1.29321	1.26823	1.19498	1.07846	0.92661	0.74977	0.56001	0.37024	0.19340	0.04155	-0.07497	-0.14821	-0.17320	-0.14821	-0.07497	0.04155	0.19340	0.37024	0.56001	0.74977	0.92661	1.07846	1.19498	1.26823	
1.39372	1.36668	1.28738	1.16125	0.99686	0.80543	0.60001	0.39458	0.20315	0.03876	-0.08737	-0.16666	-0.19371	-0.16666	-0.08737	0.03876	0.20315	0.39458	0.60001	0.80543	0.99686	1.16125	1.28738	1.36668	
1.47999	1.45137	1.36746	1.23397	1.06000	0.85741	0.64000	0.42260	0.22001	0.04604	-0.08745	-0.17136	-0.19998	-0.17136	-0.08745	0.04604	0.22001	0.42260	0.64000	0.85741	1.06000	1.23397	1.36746	1.45137	
1.55429	1.52450	1.43716	1.29822	1.11715	0.90629	0.68000	0.45372	0.24286	0.06179	-0.07715	-0.16449	-0.19428	-0.16449	-0.07715	0.06179	0.24286	0.45372	0.68000	0.90629	1.11715	1.29822	1.43716	1.52450	
1.61799	1.58739	1.49768	1.35498	1.16900	0.95242	0.72000	0.48759	0.27101	0.08503	-0.05768	-0.14738	-0.17798	-0.14738	-0.05768	0.08503	0.27101	0.48759	0.72000	0.95242	1.16900	1.35498	1.49768	1.58739	
1.67191	1.64084	1.54974	1.40482	1.21596	0.99602	0.76000	0.52398	0.30405	0.11519	-0.02973	-0.12083	-0.15191	-0.12083	-0.02973	0.11519	0.30405	0.52398	0.76000	0.99602	1.21596	1.40482	1.54974	1.64084	
1.71651	1.68528	1.59372	1.44807	1.25825	1.03721	0.80000	0.56279	0.34175	0.15194	0.00629	-0.08527	-0.11650	-0.08527	0.00629	0.15194	0.34175	0.56279	0.80000	1.03721	1.25825	1.44807	1.59372	1.68528	
1.75191	1.72084	1.62974	1.48482	1.29596	1.07602	0.84000	0.60398	0.38405	0.19518	0.05027	-0.04083	-0.07191	-0.04083	0.05027	0.19518	0.38405	0.60398	0.84000	1.07602	1.29596	1.48482	1.62974	1.72084	
1.77799	1.74739	1.65768	1.51497	1.32899	1.11242	0.88000	0.64759	0.43101	0.24503	0.10232	0.01261	-0.01798	0.01261	0.10232	0.24503	0.43101	0.64759	0.88000	1.11242	1.32899	1.51497	1.65768	1.74739	
1.79429	1.76450	1.67716	1.53822	1.35715	1.14628	0.92000	0.69372	0.48286	0.30179	0.16285	0.07550	0.04571	0.07550	0.16285	0.30179	0.48286	0.69372	0.92000	1.14628	1.35715	1.53822	1.67716	1.76450	
1.79999	1.77137	1.68745	1.55396	1.38000	1.17741	0.96000	0.74260	0.54001	0.36604	0.23255	0.14863	0.12001	0.14863	0.23255	0.36604	0.54001	0.74260	0.96000	1.17741	1.38000	1.55396	1.68745	1.77137	
1.79372	1.76667	1.68738	1.56124	1.39686	1.20543	1.00000	0.79457	0.60314	0.43876	0.31262	0.23333	0.20628	0.23333	0.31262	0.43876	0.60314	0.79457	1.00000	1.20543	1.39686	1.56124	1.68738	1.76667	
1.77320	1.74822	1.67497	1.55845	1.40660	1.22977	1.04000	0.85023	0.67340	0.52155	0.40503	0.33178	0.30680	0.33178	0.40503	0.52155	0.67340	0.85023	1.04000	1.22977	1.40660	1.55845	1.67497	1.74822	
1.73451	1.71221	1.64682	1.54281	1.40726	1.24940	1.08000	0.91060	0.75274	0.61719	0.51317	0.44779	0.42548	0.44779	0.51317	0.61719	0.75274	0.91060	1.08000	1.24940	1.40726	1.54281	1.64682	1.71221	
1.66990	1.65116	1.59623	1.50884	1.39495	1.26232	1.12000	0.97767	0.84505	0.73116	0.64377	0.58883	0.57010	0.58883	0.64377	0.73116	0.84505	0.97767	1.12000	1.26232	1.39495	1.50884	1.59623	1.65116	
1.55949	1.54588	1.50597	1.44248	1.35975	1.26339	1.16000	1.05660	0.96025	0.87751	0.81403	0.77412	0.76050	0.77412	0.81403	0.87751	0.96025	1.05660	1.16000	1.26339	1.35975	1.44248	1.50597	1.54588	
1.20000	1.20000	1.20000	1.20000	1.20000	1.20000	1.20000	1.20000	1.20000	1.20000	1.20000	1.20000	1.20000	1.20000	1.20000	1.20000	1.20000	1.20000	1.20000	1.20000	1.20000	1.20000	1.20000	1.20000	
0.25001	0.25001	0.25001	0.25001	0.25001	0.25001	0.25001	0.25001	0.25001	0.25001	0.25001	0.25001	0.25001	0.25001	0.25001	0.25001	0.25001	0.25001	0.25001	0.25001	0.25001	0.25001	0.25001	0.25001	
0.67750	0.66463	0.62692	0.56693	0.48875	0.39771	0.30001	0.20231	0.11127	0.03309	-0.02690	-0.06462	-0.07748	-0.06462	-0.02690	0.03309	0.11127	0.20231	0.30001	0.39771	0.48875	0.56693	0.62692	0.66463	
0.86962	0.85191	0.80000	0.71743	0.60981	0.48449	0.35001	0.21552	0.09020	-0.01741	-0.09999	-0.15189	-0.16960	-0.15189	-0.09999	-0.01741	0.09020	0.21552	0.35001	0.48449	0.60981	0.71743	0.80000	0.85191	
1.01847	0.99739	0.93561	0.83732	0.70924	0.56008	0.40001	0.23994	0.09078	-0.03731	-0.13559	-0.19738	-0.21845	-0.19738	-0.13559	-0.03731	0.09078	0.23994	0.40001	0.56008	0.70924	0.83732	0.93561	0.99739	
1.14282	1.11921	1.05000	0.93990	0.79641	0.62932	0.45001	0.27069	0.10360	-0.03988	-0.14998	-0.21920	-0.24280	-0.21920	-0.14998	-0.03988	0.10360	0.27069	0.45001	0.62932	0.79641	0.93990	1.05000	1.11921	
1.25000	1.22444	1.14952	1.03033	0.87500	0.69412	0.50001	0.30589	0.12501	-0.03032	-0.14950	-0.22443	-0.24998	-0.22443	-0.14950	-0.03032	0.12501	0.30589	0.50001	0.69412	0.87500	1.03033	1.14952	1.22444	
1.34372	1.31668	1.23738	1.11125	0.94686	0.75543	0.55001	0.34458	0.15315	-0.01124	-0.13737	-0.21666	-0.24371	-0.21666	-0.13737	-0.01124	0.15315	0.34458	0.55001	0.75543	0.94686	1.11125	1.23738	1.31668	
1.42613	1.39798	1.31545	1.18416	1.01307	0.81382	0.60001	0.38619	0.18694	0.01585	-0.11544	-0.19797	-0.22612	-0.19797	-0.11544	0.01585	0.18694	0.38619	0.60001	0.81382	1.01307	1.18416	1.31545	1.39798	
1.49852	1.46961	1.38484	1.25000	1.07426	0.86962	0.65000	0.43039	0.22575	0.05001	-0.08483	-0.16960	-0.19851	-0.16960	-0.08483	0.05001	0.22575	0.43039	0.65000	0.86962	1.07426	1.25000	1.38484	1.46961	
1.56168	1.53232	1.44623	1.30930	1.13084	0.92302	0.70000	0.47699	0.26917	0.09071	-0.04623	-0.13231	-0.16167	-0.13231	-0.04623	0.09071	0.26917	0.47699	0.70000	0.92302	1.13084	1.30930	1.44623	1.53232	
1.61602	1.58651	1.49999	1.36237	1.18301	0.97414	0.75000	0.52586	0.31700	0.13764	0.00001	-0.08650	-0.11601	-0.08650	0.00001	0.13764	0.31700	0.52586	0.75000	0.97414	1.18301	1.36237	1.49999	1.58651	
1.66168	1.63231	1.54623	1.40930	1.23084	1.02302	0.80000	0.57699	0.36917	0.19071	0.05377	-0.03231	-0.06167	-0.03231	0.05377	0.19071	0.36917	0.57699	0.80000	1.02302	1.23084	1.40930	1.54623	1.63231	
1.69852	1.66961	1.58484	1.44999	1.27426	1.06961	0.85000	0.63039	0.42574	0.25001	0.11516	0.03040	0.00148	0.03040	0.11516	0.25001	0.42574	0.63039	0.85000	1.06961	1.27426	1.44999	1.58484	1.66961	
1.72613	1.69798	1.61545	1.48416	1.31306	1.11382	0.90000	0.68618	0.48694	0.31584	0.18456	0.10203	0.07388	0.10203	0.18456	0.31584	0.48694	0.68618	0.90000	1.11382	1.31306	1.48416	1.61545	1.69798	
1.74372	1.71667	1.63738	1.51124	1.34686	1.15543	0.95000	0.74457	0.55314	0.38876	0.26262	0.18333	0.15629	0.18333	0.26262	0.38876	0.55314	0.74457	0.95000	1.15543	1.34686	1.51124	1.63738	1.71667	
1.74999	1.72443	1.64951	1.53032	1.37500	1.19411	1.00000	0.80589	0.62500	0.46968	0.35049	0.27557	0.25001	0.27557	0.35049	0.46968	0.62500	0.80589	1.00000	1.19411	1.37500	1.53032	1.64951	1.72443	
1.74281	1.71920	1.64999	1.53989	1.39640	1.22931	1.05000	0.87069	0.70359	0.56011	0.45001	0.38080	0.35719	0.38080	0.45001	0.56011	0.70359	0.87069	1.05000	1.22931	1.39640	1.53989	1.64999	1.71920	
1.71846	1.69738	1.63560	1.53731	1.40923	1.26007	1.10000	0.93993	0.79077	0.66268	0.56440	0.50261	0.48154	0.50261	0.56440	0.66268	0.79077	0.93993	1.10000	1.26007	1.40923	1.53731	1.63560	1.69738	
1.66961	1.65190	1.59999	1.51742	1.40980	1.28448	1.15000	1.01551	0.89019	0.78258	0.70000	0.64809	0.63039	0.64809	0.70000	0.78258	0.89019	1.01551	1.15000	1.28448	1.40980	1.51742	1.59999	1.65190	
1.57748	1.56462	1.52691	1.46692	1.38874	1.29770	1.20000	1.10230	1.01125	0.93307	0.87308	0.83537	0.82251	0.83537	0.87308	0.93307	1.01125	1.10230	1.20000	1.29770	1.38874	1.46692	1.52691	1.56462	
1.25000	1.25000	1.25000	1.25000	1.25000	1.25000	1.25000	1.25000	1.25000	1.25000	1.25000	1.25000	1.25000	1.25000	1.25000	1.25000	1.25000	1.25000	1.25000	1.25000	1.25000	1.25000	1.25000	1.25000	
0.10001	0.10001	0.10001	0.10001	0.10001	0.10001	0.10001	0.10001	0.10001	0.10001	0.10001	0.10001	0.10001	0.10001	0.10001	0.10001	0.10001	0.10001	0.10001	0.10001	0.10001	0.10001	0.10001	0.10001	
0.50872	0.49684	0.46200	0.40658	0.33436	0.25026	0.16001	0.06976	-0.01434	-0.08656	-0.14198	-0.17681	-0.18870	-0.17681	-0.14198	-0.08656	-0.01434	0.06976	0.16001	0.25026	0.33436	0.40658	0.46200	0.49684	
0.70000	0.68365	0.63570	0.55942	0.46001	0.34424	0.22001	0.09578	-0.01999	-0.11940	-0.19568	-0.24363	-0.25998	-0.24363	-0.19568	-0.11940	-0.01999	0.09578	0.22001	0.34424	0.46001	0.55942	0.63570	0.68365	
0.85132	0.83185	0.77478	0.68398	0.56566	0.42787	0.28001	0.13214	-0.00564	-0.12397	-0.21476	-0.27183	-0.29130	-0.27183	-0.21476	-0.12397	-0.00564	0.13214	0.28001	0.42787	0.56566	0.68398	0.77478	0.83185	
0.98000	0.95819	0.89426	0.79255	0.66000	0.50565	0.34001	0.17437	0.02001	-0.11253	-0.21424	-0.27818	-0.29998	-0.27818	-0.21424	-0.11253	0.02001	0.17437	0.34001	0.50565	0.66000	0.79255	0.89426	0.95819	
1.09282	1.06921	1.00000	0.88990	0.74641	0.57932	0.40001	0.22070	0.05360	-0.08988	-0.19998	-0.26920	-0.29280	-0.26920	-0.19998	-0.08988	0.05360	0.22070	0.40001	0.57932	0.74641	0.88990	1.00000	1.06921	
1.19321	1.16823	1.09498	0.97846	0.82661	0.64977	0.46001	0.27024	0.09341	-0.05845	-0.17496	-0.24821	-0.27320	-0.24821	-0.17496	-0.05845	0.09341	0.27024	0.46001	0.64977	0.82661	0.97846	1.09498	1.16823	
1.28315	1.25714	1.18091	1.05963	0.90158	0.71752	0.52001	0.32249	0.13844	-0.01962	-0.14089	-0.21713	-0.24314	-0.21713	-0.14089	-0.01962	0.13844	0.32249	0.52001	0.71752	0.90158	1.05963	1.18091	1.25714	
1.36383	1.33712	1.25882	1.13425	0.97192	0.78287	0.58001	0.37714	0.18809	0.02576	-0.09881	-0.17711	-0.20382	-0.17711	-0.09881	0.02576	0.18809	0.37714	0.58001	0.78287	0.97192	1.13425	1.25882	1.33712	
1.43598	1.40886	1.32934	1.20285	1.03799	0.84602	0.64000	0.43399	0.24201	0.07716	-0.04933	-0.12885	-0.15597	-0.12885	-0.04933	0.07716	0.24201	0.43399	0.64000	0.84602	1.03799	1.20285	1.32934	1.40886	
1.49999	1.47273	1.39282	1.26568	1.10000	0.90706	0.70000	0.49295	0.30001	0.13433	0.00719	-0.07273	-0.09999	-0.07273	0.00719	0.13433	0.30001	0.49295	0.70000	0.90706	1.10000	1.26568	1.39282	1.47273	
1.55598	1.52886	1.44934	1.32285	1.15799	0.96602	0.76000	0.55399	0.36201	0.19716	0.07066	-0.00885	-0.03598	-0.00885	0.07066	0.19716	0.36201	0.55399	0.76000	0.96602	1.15799	1.32285	1.44934	1.52886	
1.60383	1.57712	1.49882	1.37425	1.21192	1.02287	0.82000	0.61713	0.42809	0.26575	0.14119	0.06288	0.03618	0.06288	0.14119	0.26575	0.42809	0.61713	0.82000	1.02287	1.21192	1.37425	1.49882	1.57712	
1.64314	1.61714	1.54090	1.41962	1.26157	1.07752	0.88000	0.68249	0.49843	0.34038	0.21910	0.14286	0.11686	0.14286	0.21910	0.34038	0.49843	0.68249	0.88000	1.07752	1.26157	1.41962	1.54090	1.61714	
1.67320	1.64822	1.57497	1.45845	1.30660	1.12977	0.94000	0.75023	0.57340	0.42155	0.30503	0.23178	0.20680	0.23178	0.30503	0.42155	0.57340	0.75023	0.94000	1.12977	1.30660	1.45845	1.57497	1.64822	
1.69281	1.66920	1.59999	1.48989	1.34641	1.17931	1.00000	0.82069	0.65359	0.51011	0.40001	0.33080	0.30719	0.33080	0.40001	0.51011	0.65359	0.82069	1.00000	1.17931	1.34641	1.48989	1.59999	1.66920	
1.69999	1.67818	1.61425	1.51254	1.38000	1.22564	1.06000	0.89436	0.74000	0.60746	0.50575	0.44181	0.42001	0.44181	0.50575	0.60746	0.74000	0.89436	1.06000	1.22564	1.38000	1.51254	1.61425	1.67818	
1.69131	1.67184	1.61476	1.52397	1.40565	1.26786	1.12000	0.97213	0.83435	0.71602	0.62523	0.56816	0.54869	0.56816	0.62523	0.71602	0.83435	0.97213	1.12000	1.26786	1.40565	1.52397	1.61476	1.67184	
1.65999	1.64364	1.59568	1.51940	1.41999	1.30423	1.18000	1.05577	0.94000	0.84059	0.76431	0.71636	0.70000	0.71636	0.76431	0.84059	0.94000	1.05577	1.18000	1.30423	1.41999	1.51940	1.59568	1.64364	
1.58870	1.57682	1.54199	1.48657	1.41435	1.33025	1.24000	1.14974	1.06564	0.99342	0.93801	0.90317	0.89129	0.90317	0.93801	0.99342	1.06564	1.14974	1.24000	1.33025	1.41435	1.48657	1.54199	1.57682	
1.30000	1.30000	1.30000	1.30000	1.30000	1.30000	1.30000	1.30000	1.30000	1.30000	1.30000	1.30000	1.30000	1.30000	1.30000	1.30000	1.30000	1.30000	1.30000	1.30000	1.30000	1.30000	1.30000	1.30000	
-0.04999	-0.04999	-0.04999	-0.04999	-0.04999	-0.04999	-0.04999	-0.04999	-0.04999	-0.04999	-0.04999	-0.04999	-0.04999	-0.04999	-0.04999	-0.04999	-0.04999	-0.04999	-0.04999	-0.04999	-0.04999	-0.04999	-0.04999	-0.04999	
0.33130	0.32069	0.28959	0.24012	0.17565	0.10058	0.02001	-0.06055	-0.13563	-0.20010	-0.24957	-0.28066	-0.29127	-0.28066	-0.24957	-0.20010	-0.13563	-0.06055	0.02001	0.10058	0.17565	0.24012	0.28959	0.32069	
0.51849	0.50389	0.46109	0.39299	0.30425	0.20091	0.09001	-0.02089	-0.12423	-0.21297	-0.28106	-0.32387	-0.33847	-0.32387	-0.28106	-0.21297	-0.12423	-0.02089	0.09001	0.20091	0.30425	0.39299	0.46109	0.50389	
0.67000	0.65263	0.60168	0.52063	0.41501	0.29201	0.16001	0.02801	-0.09499	-0.20061	-0.28166	-0.33260	-0.34998	-0.33260	-0.28166	-0.20061	-0.09499	0.02801	0.16001	0.29201	0.41501	0.52063	0.60168	0.65263	
0.80132	0.78185	0.72478	0.63398	0.51566	0.37788	0.23001	0.08214	-0.05564	-0.17396	-0.26476	-0.32183	-0.34130	-0.32183	-0.26476	-0.17396	-0.05564	0.08214	0.23001	0.37788	0.51566	0.63398	0.72478	0.78185	
0.91847	0.89739	0.83561	0.73732	0.60924	0.46008	0.30001	0.13994	-0.00922	-0.13731	-0.23559	-0.29738	-0.31845	-0.29738	-0.23559	-0.13731	-0.00922	0.13994	0.30001	0.46008	0.60924	0.73732	0.83561	0.89739	
1.02452	1.00222	0.93683	0.83282	0.69727	0.53941	0.37001	0.20061	0.04275	-0.09280	-0.19682	-0.26220	-0.28451	-0.26220	-0.19682	-0.09280	0.04275	0.20061	0.37001	0.53941	0.69727	0.83282	0.93683	1.00222	
1.12125	1.09803	1.02998	0.92172	0.78063	0.61633	0.44001	0.26369	0.09939	-0.04170	-0.14996	-0.21802	-0.24123	-0.21802	-0.14996	-0.04170	0.09939	0.26369	0.44001	0.61633	0.78063	0.92172	1.02998	1.09803	
1.20971	1.18587	1.11597	1.00477	0.85986	0.69110	0.51001	0.32891	0.16015	0.01524	-0.09596	-0.16586	-0.18970	-0.16586	-0.09596	0.01524	0.16015	0.32891	0.51001	0.69110	0.85986	1.00477	1.11597	1.18587	
1.29056	1.26635	1.19536	1.08244	0.93528	0.76391	0.58001	0.39610	0.22473	0.07757	-0.03535	-0.10634	-0.13055	-0.10634	-0.03535	0.07757	0.22473	0.39610	0.58001	0.76391	0.93528	1.08244	1.19536	1.26635	
1.36414	1.33980	1.26846	1.15497	1.00707	0.83484	0.65000	0.46517	0.29294	0.14504	0.03155	-0.03980	-0.06413	-0.03980	0.03155	0.14504	0.29294	0.46517	0.65000	0.83484	1.00707	1.15497	1.26846	1.33980	
1.43056	1.40635	1.33536	1.22244	1.07528	0.90391	0.72000	0.53610	0.36473	0.21757	0.10465	0.03366	0.00945	0.03366	0.10465	0.21757	0.36473	0.53610	0.72000	0.90391	1.07528	1.22244	1.33536	1.40635	
1.48971	1.46587	1.39597	1.28477	1.13986	0.97110	0.79000	0.60891	0.44015	0.29524	0.18404	0.11414	0.09030	0.11414	0.18404	0.29524	0.44015	0.60891	0.79000	0.97110	1.13986	1.28477	1.39597	1.46587	
1.54124	1.51803	1.44997	1.34171	1.20062	1.03632	0.86000	0.68368	0.51938	0.37829	0.27003	0.20197	0.17876	0.20197	0.27003	0.37829	0.51938	0.68368	0.86000	1.03632	1.20062	1.34171	1.44997	1.51803	
1.58452	1.56221	1.49683	1.39281	1.25726	1.09940	0.93000	0.76060	0.60274	0.46719	0.36318	0.29779	0.27549	0.29779	0.36318	0.46719	0.60274	0.76060	0.93000	1.09940	1.25726	1.39281	1.49683	1.56221	
1.61846	1.59738	1.53560	1.43732	1.30923	1.16007	1.00000	0.83993	0.69077	0.56268	0.46440	0.40262	0.38154	0.40262	0.46440	0.56268	0.69077	0.83993	1.00000	1.16007	1.30923	1.43732	1.53560	1.59738	
1.64131	1.62184	1.56477	1.47397	1.35565	1.21786	1.07000	0.92213	0.78435	0.66602	0.57523	0.51816	0.49869	0.51816	0.57523	0.66602	0.78435	0.92213	1.07000	1.21786	1.35565	1.47397	1.56477	1.62184	
1.64999	1.63261	1.58167	1.50062	1.39499	1.27199	1.14000	1.00800	0.88500	0.77938	0.69833	0.64738	0.63000	0.64738	0.69833	0.77938	0.88500	1.00800	1.14000	1.27199	1.39499	1.50062	1.58167	1.63261	
1.63848	1.62388	1.58107	1.51298	1.42424	1.32090	1.21000	1.09910	0.99576	0.90702	0.83892	0.79612	0.78152	0.79612	0.83892	0.90702	0.99576	1.09910	1.21000	1.32090	1.42424	1.51298	1.58107	1.62388	
1.59128	1.58067	1.54958	1.50011	1.43564	1.36056	1.28000	1.19943	1.12435	1.05989	1.01042	0.97932	0.96871	0.97932	1.01042	1.05989	1.12435	1.19943	1.28000	1.36056	1.43564	1.50011	1.54958	1.58067	
1.35000	1.35000	1.35000	1.35000	1.35000	1.35000	1.35000	1.35000	1.35000	1.35000	1.35000	1.35000	1.35000	1.35000	1.35000	1.35000	1.35000	1.35000	1.35000	1.35000	1.35000	1.35000	1.35000	1.35000	
-0.19998	-0.19998	-0.19998	-0.19998	-0.19998	-0.19998	-0.19998	-0.19998	-0.19998	-0.19998	-0.19998	-0.19998	-0.19998	-0.19998	-0.19998	-0.19998	-0.19998	-0.19998	-0.19998	-0.19998	-0.19998	-0.19998	-0.19998	-0.19998	
0.14155	0.13263	0.10651	0.06494	0.01078	-0.05230	-0.11999	-0.18767	-0.25075	-0.30492	-0.34648	-0.37260	-0.38152	-0.37260	-0.34648	-0.30492	-0.25075	-0.18767	-0.11999	-0.05230	0.01078	0.06494	0.10651	0.13263	
0.32001	0.30774	0.27178	0.21457	0.14001	0.05319	-0.03999	-0.13316	-0.21998	-0.29454	-0.35175	-0.38772	-0.39998	-0.38772	-0.35175	-0.29454	-0.21998	-0.13316	-0.03999	0.05319	0.14001	0.21457	0.27178	0.30774	
0.46849	0.45389	0.41109	0.34299	0.25425	0.15091	0.04001	-0.07089	-0.17423	-0.26297	-0.33106	-0.37387	-0.38847	-0.37387	-0.33106	-0.26297	-0.17423	-0.07089	0.04001	0.15091	0.25425	0.34299	0.41109	0.45389	
0.60001	0.58365	0.53570	0.45942	0.36001	0.24424	0.12001	-0.00422	-0.11999	-0.21940	-0.29568	-0.34363	-0.35998	-0.34363	-0.29568	-0.21940	-0.11999	-0.00422	0.12001	0.24424	0.36001	0.45942	0.53570	0.58365	
0.71962	0.70191	0.65000	0.56743	0.45981	0.33450	0.20001	0.06553	-0.05979	-0.16741	-0.24998	-0.30189	-0.31960	-0.30189	-0.24998	-0.16741	-0.05979	0.06553	0.20001	0.33450	0.45981	0.56743	0.65000	0.70191	
0.82991	0.81117	0.75624	0.66885	0.55496	0.42233	0.28001	0.13768	0.00506	-0.10883	-0.19622	-0.25116	-0.26989	-0.25116	-0.19622	-0.10883	0.00506	0.13768	0.28001	0.42233	0.55496	0.66885	0.75624	0.81117	
0.93236	0.91286	0.85568	0.76473	0.64619	0.50815	0.36001	0.21187	0.07383	-0.04471	-0.13567	-0.19285	-0.21235	-0.19285	-0.13567	-0.04471	0.07383	0.21187	0.36001	0.50815	0.64619	0.76473	0.85568	0.91286	
1.02788	1.00785	0.94912	0.85569	0.73394	0.59216	0.44001	0.28786	0.14607	0.02432	-0.06910	-0.12783	-0.14786	-0.12783	-0.06910	0.02432	0.14607	0.28786	0.44001	0.59216	0.73394	0.85569	0.94912	1.00785	
1.11699	1.09665	1.03701	0.94214	0.81850	0.67452	0.52001	0.36550	0.22151	0.09787	0.00300	-0.05664	-0.07698	-0.05664	0.00300	0.09787	0.22151	0.36550	0.52001	0.67452	0.81850	0.94214	1.03701	1.09665	
1.20000	1.17955	1.11961	1.02426	0.90000	0.75529	0.60001	0.44472	0.30001	0.17575	0.08040	0.02046	0.00001	0.02046	0.08040	0.17575	0.30001	0.44472	0.60001	0.75529	0.90000	1.02426	1.11961	1.17955	
1.27699	1.25665	1.19701	1.10214	0.97850	0.83452	0.68000	0.52549	0.38151	0.25787	0.16300	0.10336	0.08302	0.10336	0.16300	0.25787	0.38151	0.52549	0.68000	0.83452	0.97850	1.10214	1.19701	1.25665	
1.34787	1.32784	1.26911	1.17569	1.05394	0.91216	0.76000	0.60785	0.46607	0.34432	0.25089	0.19216	0.17213	0.19216	0.25089	0.34432	0.46607	0.60785	0.76000	0.91216	1.05394	1.17569	1.26911	1.32784	
1.41236	1.39286	1.33568	1.24472	1.12618	0.98814	0.84000	0.69187	0.55382	0.43529	0.34433	0.28715	0.26765	0.28715	0.34433	0.43529	0.55382	0.69187	0.84000	0.98814	1.12618	1.24472	1.33568	1.39286	
1.46990	1.45117	1.39623	1.30884	1.19495	1.06233	0.92000	0.77768	0.64505	0.53116	0.44377	0.38884	0.37010	0.38884	0.44377	0.53116	0.64505	0.77768	0.92000	1.06233	1.19495	1.30884	1.39623	1.45117	
1.51961	1.50190	1.44999	1.36742	1.25980	1.13448	1.00000	0.86552	0.74020	0.63258	0.55001	0.49810	0.48039	0.49810	0.55001	0.63258	0.74020	0.86552	1.00000	1.13448	1.25980	1.36742	1.44999	1.50190	
1.55999	1.54364	1.49569	1.41941	1.32000	1.20423	1.08000	0.95577	0.84000	0.74059	0.66431	0.61636	0.60001	0.61636	0.66431	0.74059	0.84000	0.95577	1.08000	1.20423	1.32000	1.41941	1.49569	1.54364	
1.58848	1.57388	1.53107	1.46298	1.37424	1.27090	1.16000	1.04910	0.94576	0.85702	0.78892	0.74612	0.73152	0.74612	0.78892	0.85702	0.94576	1.04910	1.16000	1.27090	1.37424	1.46298	1.53107	1.57388	
1.59999	1.58773	1.55176	1.49455	1.41999	1.33317	1.24000	1.14682	1.06000	0.98544	0.92823	0.89227	0.88000	0.89227	0.92823	0.98544	1.06000	1.14682	1.24000	1.33317	1.41999	1.49455	1.55176	1.58773	
1.58153	1.57261	1.54649	1.50493	1.45076	1.38768	1.32000	1.25231	1.18923	1.13507	1.09350	1.06738	1.05847	1.06738	1.09350	1.13507	1.18923	1.25231	1.32000	1.38768	1.45076	1.50493	1.54649	1.57261	
1.39999	1.39999	1.39999	1.39999	1.39999	1.39999	1.39999	1.39999	1.39999	1.39999	1.39999	1.39999	1.39999	1.39999	1.39999	1.39999	1.39999	1.39999	1.39999	1.39999	1.39999	1.39999	1.39999	1.39999	
-0.34998	-0.34998	-0.34998	-0.34998	-0.34998	-0.34998	-0.34998	-0.34998	-0.34998	-0.34998	-0.34998	-0.34998	-0.34998	-0.34998	-0.34998	-0.34998	-0.34998	-0.34998	-0.34998	-0.34998	-0.34998	-0.34998	-0.34998	-0.34998	
-0.06999	-0.07646	-0.09544	-0.12564	-0.16498	-0.21081	-0.25998	-0.30916	-0.35498	-0.39433	-0.42453	-0.44351	-0.44998	-0.44351	-0.42453	-0.39433	-0.35498	-0.30916	-0.25998	-0.21081	-0.16498	-0.12564	-0.09544	-0.07646	
0.09155	0.08263	0.05651	0.01495	-0.03922	-0.10230	-0.16998	-0.23767	-0.30075	-0.35491	-0.39648	-0.42260	-0.43152	-0.42260	-0.39648	-0.35491	-0.30075	-0.23767	-0.16998	-0.10230	-0.03922	0.01495	0.05651	0.08263	
0.23130	0.22069	0.18959	0.14012	0.07566	0.00058	-0.07999	-0.16055	-0.23563	-0.30010	-0.34957	-0.38066	-0.39127	-0.38066	-0.34957	-0.30010	-0.23563	-0.16055	-0.07999	0.00058	0.07566	0.14012	0.18959	0.22069	
0.35872	0.34684	0.31200	0.25659	0.18437	0.10027	0.01001	-0.08024	-0.16434	-0.23656	-0.29198	-0.32681	-0.33869	-0.32681	-0.29198	-0.23656	-0.16434	-0.08024	0.01001	0.10027	0.18437	0.25659	0.31200	0.34684	
0.47750	0.46464	0.42692	0.36694	0.28876	0.19771	0.10001	0.00231	-0.08873	-0.16691	-0.22690	-0.26461	-0.27748	-0.26461	-0.22690	-0.16691	-0.08873	0.00231	0.10001	0.19771	0.28876	0.36694	0.42692	0.46464	
0.58951	0.57589	0.53598	0.47250	0.38976	0.29341	0.19001	0.08661	-0.00974	-0.09247	-0.15596	-0.19587	-0.20948	-0.19587	-0.15596	-0.09247	-0.00974	0.08661	0.19001	0.29341	0.38976	0.47250	0.53598	0.57589	
0.69582	0.68165	0.64011	0.57403	0.48791	0.38763	0.28001	0.17239	0.07211	-0.01401	-0.08009	-0.12163	-0.13580	-0.12163	-0.08009	-0.01401	0.07211	0.17239	0.28001	0.38763	0.48791	0.57403	0.64011	0.68165	
0.79709	0.78253	0.73987	0.67200	0.58355	0.48054	0.37001	0.25947	0.15647	0.06802	0.00015	-0.04252	-0.05707	-0.04252	0.00015	0.06802	0.15647	0.25947	0.37001	0.48054	0.58355	0.67200	0.73987	0.78253	
0.89371	0.87893	0.83560	0.76668	0.67686	0.57226	0.46001	0.34776	0.24316	0.15334	0.08441	0.04109	0.02631	0.04109	0.08441	0.15334	0.24316	0.34776	0.46001	0.57226	0.67686	0.76668	0.83560	0.87893	
0.98589	0.97104	0.92749	0.85822	0.76795	0.66282	0.55001	0.43719	0.33206	0.24179	0.17252	0.12897	0.11412	0.12897	0.17252	0.24179	0.33206	0.43719	0.55001	0.66282	0.76795	0.85822	0.92749	0.97104	
1.07370	1.05893	1.01560	0.94668	0.85685	0.75225	0.64000	0.52776	0.42316	0.33333	0.26441	0.22108	0.20631	0.22108	0.26441	0.33333	0.42316	0.52776	0.64000	0.75225	0.85685	0.94668	1.01560	1.05893	
1.15708	1.14253	1.09986	1.03199	0.94354	0.84054	0.73000	0.61947	0.51646	0.42801	0.36014	0.31748	0.30293	0.31748	0.36014	0.42801	0.51646	0.61947	0.73000	0.84054	0.94354	1.03199	1.09986	1.14253	
1.23581	1.22164	1.18010	1.11402	1.02791	0.92762	0.82000	0.71238	0.61210	0.52598	0.45990	0.41836	0.40420	0.41836	0.45990	0.52598	0.61210	0.71238	0.82000	0.92762	1.02791	1.11402	1.18010	1.22164	
1.30950	1.29588	1.25597	1.19249	1.10975	1.01340	0.91000	0.80660	0.71025	0.62752	0.56403	0.52412	0.51051	0.52412	0.56403	0.62752	0.71025	0.80660	0.91000	1.01340	1.10975	1.19249	1.25597	1.29588	
1.37749	1.36462	1.32691	1.26692	1.18874	1.09770	1.00000	0.90230	0.81126	0.73308	0.67309	0.63538	0.62251	0.63538	0.67309	0.73308	0.81126	0.90230	1.00000	1.09770	1.18874	1.26692	1.32691	1.36462	
1.43871	1.42682	1.39199	1.33657	1.26435	1.18025	1.09000	0.99975	0.91565	0.84343	0.78801	0.75317	0.74129	0.75317	0.78801	0.84343	0.91565	0.99975	1.09000	1.18025	1.26435	1.33657	1.39199	1.42682	
1.49128	1.48067	1.44958	1.40011	1.33564	1.26056	1.18000	1.09943	1.02436	0.95989	0.91042	0.87932	0.86871	0.87932	0.91042	0.95989	1.02436	1.09943	1.18000	1.26056	1.33564	1.40011	1.44958	1.48067	
1.53153	1.52262	1.49649	1.45493	1.40076	1.33769	1.27000	1.20231	1.13923	1.08507	1.04350	1.01738	1.00847	1.01738	1.04350	1.08507	1.13923	1.20231	1.27000	1.33769	1.40076	1.45493	1.49649	1.52262	
1.54999	1.54352	1.52454	1.49434	1.45499	1.40917	1.36000	1.31082	1.26500	1.22565	1.19545	1.17647	1.17000	1.17647	1.19545	1.22565	1.26500	1.31082	1.36000	1.40917	1.45499	1.49434	1.52454	1.54352	
1.44999	1.44999	1.44999	1.44999	1.44999	1.44999	1.44999	1.44999	1.44999	1.44999	1.44999	1.44999	1.44999	1.44999	1.44999	1.44999	1.44999	1.44999	1.44999	1.44999	1.44999	1.44999	1.44999	1.44999	
-0.49998	-0.49998	-0.49998	-0.49998	-0.49998	-0.49998	-0.49998	-0.49998	-0.49998	-0.49998	-0.49998	-0.49998	-0.49998	-0.49998	-0.49998	-0.49998	-0.49998	-0.49998	-0.49998	-0.49998	-0.49998	-0.49998	-0.49998	-0.49998	
-0.39998	-0.39998	-0.39998	-0.39998	-0.39998	-0.39998	-0.39998	-0.39998	-0.39998	-0.39998	-0.39998	-0.39998	-0.39998	-0.39998	-0.39998	-0.39998	-0.39998	-0.39998	-0.39998	-0.39998	-0.39998	-0.39998	-0.39998	-0.39998	
-0.29998	-0.29998	-0.29998	-0.29998	-0.29998	-0.29998	-0.29998	-0.29998	-0.29998	-0.29998	-0.29998	-0.29998	-0.29998	-0.29998	-0.29998	-0.29998	-0.29998	-0.29998	-0.29998	-0.29998	-0.29998	-0.29998	-0.29998	-0.29998	
-0.19998	-0.19998	-0.19998	-0.19998	-0.19998	-0.19998	-0.19998	-0.19998	-0.19998	-0.19998	-0.19998	-0.19998	-0.19998	-0.19998	-0.19998	-0.19998	-0.19998	-0.19998	-0.19998	-0.19998	-0.19998	-0.19998	-0.19998	-0.19998	
-0.09999	-0.09999	-0.09999	-0.09999	-0.09999	-0.09999	-0.09999	-0.09999	-0.09999	-0.09999	-0.09999	-0.09999	-0.09999	-0.09999	-0.09999	-0.09999	-0.09999	-0.09999	-0.09999	-0.09999	-0.09999	-0.09999	-0.09999	-0.09999	
0.00001	0.00001	0.00001	0.00001	0.00001	0.00001	0.00001	0.00001	0.00001	0.00001	0.00001	0.00001	0.00001	0.00001	0.00001	0.00001	0.00001	0.00001	0.00001	0.00001	0.00001	0.00001	0.00001	0.00001	
0.10001	0.10001	0.10001	0.10001	0.10001	0.10001	0.10001	0.10001	0.10001	0.10001	0.10001	0.10001	0.10001	0.10001	0.10001	0.10001	0.10001	0.10001	0.10001	0.10001	0.10001	0.10001	0.10001	0.10001	
0.20001	0.20001	0.20001	0.20001	0.20001	0.20001	0.20001	0.20001	0.20001	0.20001	0.20001	0.20001	0.20001	0.20001	0.20001	0.20001	0.20001	0.20001	0.20001	0.20001	0.20001	0.20001	0.20001	0.20001	
0.30001	0.30001	0.30001	0.30001	0.30001	0.30001	0.30001	0.30001	0.30001	0.30001	0.30001	0.30001	0.30001	0.30001	0.30001	0.30001	0.30001	0.30001	0.30001	0.30001	0.30001	0.30001	0.30001	0.30001	
0.40001	0.40001	0.40001	0.40001	0.40001	0.40001	0.40001	0.40001	0.40001	0.40001	0.40001	0.40001	0.40001	0.40001	0.40001	0.40001	0.40001	0.40001	0.40001	0.40001	0.40001	0.40001	0.40001	0.40001	
0.50001	0.50001	0.50001	0.50001	0.50001	0.50001	0.50001	0.50001	0.50001	0.50001	0.50001	0.50001	0.50001	0.50001	0.50001	0.50001	0.50001	0.50001	0.50001	0.50001	0.50001	0.50001	0.50001	0.50001	
0.60001	0.60001	0.60001	0.60001	0.60001	0.60001	0.60001	0.60001	0.60001	0.60001	0.60001	0.60001	0.60001	0.60001	0.60001	0.60001	0.60001	0.60001	0.60001	0.60001	0.60001	0.60001	0.60001	0.60001	
0.70000	0.70000	0.70000	0.70000	0.70000	0.70000	0.70000	0.70000	0.70000	0.70000	0.70000	0.70000	0.70000	0.70000	0.70000	0.70000	0.70000	0.70000	0.70000	0.70000	0.70000	0.70000	0.70000	0.70000	
0.80000	0.80000	0.80000	0.80000	0.80000	0.80000	0.80000	0.80000	0.80000	0.80000	0.80000	0.80000	0.80000	0.80000	0.80000	0.80000	0.80000	0.80000	0.80000	0.80000	0.80000	0.80000	0.80000	0.80000	
0.90000	0.90000	0.90000	0.90000	0.90000	0.90000	0.90000	0.90000	0.90000	0.90000	0.90000	0.90000	0.90000	0.90000	0.90000	0.90000	0.90000	0.90000	0.90000	0.90000	0.90000	0.90000	0.90000	0.90000	
1.00000	1.00000	1.00000	1.00000	1.00000	1.00000	1.00000	1.00000	1.00000	1.00000	1.00000	1.00000	1.00000	1.00000	1.00000	1.00000	1.00000	1.00000	1.00000	1.00000	1.00000	1.00000	1.00000	1.00000	
1.10000	1.10000	1.10000	1.10000	1.10000	1.10000	1.10000	1.10000	1.10000	1.10000	1.10000	1.10000	1.10000	1.10000	1.10000	1.10000	1.10000	1.10000	1.10000	1.10000	1.10000	1.10000	1.10000	1.10000	
1.20000	1.20000	1.20000	1.20000	1.20000	1.20000	1.20000	1.20000	1.20000	1.20000	1.20000	1.20000	1.20000	1.20000	1.20000	1.20000	1.20000	1.20000	1.20000	1.20000	1.20000	1.20000	1.20000	1.20000	
1.30000	1.30000	1.30000	1.30000	1.30000	1.30000	1.30000	1.30000	1.30000	1.30000	1.30000	1.30000	1.30000	1.30000	1.30000	1.30000	1.30000	1.30000	1.30000	1.30000	1.30000	1.30000	1.30000	1.30000	
1.39999	1.39999	1.39999	1.39999	1.39999	1.39999	1.39999	1.39999	1.39999	1.39999	1.39999	1.39999	1.39999	1.39999	1.39999	1.39999	1.39999	1.39999	1.39999	1.39999	1.39999	1.39999	1.39999	1.39999	
1.49999	1.49999	1.49999	1.49999	1.49999	1.49999	1.49999	1.49999	1.49999	1.49999	1.49999	1.49999	1.49999	1.49999	1.49999	1.49999	1.49999	1.49999	1.49999	1.49999	1.49999	1.49999	1.49999	1.49999	
