-1.98953	-1.98953	-1.98953	-1.98953	-1.98953	-1.98953	-1.98953	-1.98953	-1.98953	-1.98953	-1.98953	-1.98953	-1.98953	-1.98953	-1.98953	-1.98953	-1.98953	-1.98953	-1.98953	-1.98953	-1.98953	-1.98953	-1.98953	-1.98953	
-1.88953	-1.88953	-1.88953	-1.88953	-1.88953	-1.88953	-1.88953	-1.88953	-1.88953	-1.88953	-1.88953	-1.88953	-1.88953	-1.88953	-1.88953	-1.88953	-1.88953	-1.88953	-1.88953	-1.88953	-1.88953	-1.88953	-1.88953	-1.88953	
-1.78953	-1.78953	-1.78953	-1.78953	-1.78953	-1.78953	-1.78953	-1.78953	-1.78953	-1.78953	-1.78953	-1.78953	-1.78953	-1.78953	-1.78953	-1.78953	-1.78953	-1.78953	-1.78953	-1.78953	-1.78953	-1.78953	-1.78953	-1.78953	
-1.68953	-1.68953	-1.68953	-1.68953	-1.68953	-1.68953	-1.68953	-1.68953	-1.68953	-1.68953	-1.68953	-1.68953	-1.68953	-1.68953	-1.68953	-1.68953	-1.68953	-1.68953	-1.68953	-1.68953	-1.68953	-1.68953	-1.68953	-1.68953	
-1.58953	-1.58953	-1.58953	-1.58953	-1.58953	-1.58953	-1.58953	-1.58953	-1.58953	-1.58953	-1.58953	-1.58953	-1.58953	-1.58953	-1.58953	-1.58953	-1.58953	-1.58953	-1.58953	-1.58953	-1.58953	-1.58953	-1.58953	-1.58953	
-1.48953	-1.48953	-1.48953	-1.48953	-1.48953	-1.48953	-1.48953	-1.48953	-1.48953	-1.48953	-1.48953	-1.48953	-1.48953	-1.48953	-1.48953	-1.48953	-1.48953	-1.48953	-1.48953	-1.48953	-1.48953	-1.48953	-1.48953	-1.48953	
-1.38953	-1.38953	-1.38953	-1.38953	-1.38953	-1.38953	-1.38953	-1.38953	-1.38953	-1.38953	-1.38953	-1.38953	-1.38953	-1.38953	-1.38953	-1.38953	-1.38953	-1.38953	-1.38953	-1.38953	-1.38953	-1.38953	-1.38953	-1.38953	
-1.28953	-1.28953	-1.28953	-1.28953	-1.28953	-1.28953	-1.28953	-1.28953	-1.28953	-1.28953	-1.28953	-1.28953	-1.28953	-1.28953	-1.28953	-1.28953	-1.28953	-1.28953	-1.28953	-1.28953	-1.28953	-1.28953	-1.28953	-1.28953	
-1.18953	-1.18953	-1.18953	-1.18953	-1.18953	-1.18953	-1.18953	-1.18953	-1.18953	-1.18953	-1.18953	-1.18953	-1.18953	-1.18953	-1.18953	-1.18953	-1.18953	-1.18953	-1.18953	-1.18953	-1.18953	-1.18953	-1.18953	-1.18953	
-1.08953	-1.08953	-1.08953	-1.08953	-1.08953	-1.08953	-1.08953	-1.08953	-1.08953	-1.08953	-1.08953	-1.08953	-1.08953	-1.08953	-1.08953	-1.08953	-1.08953	-1.08953	-1.08953	-1.08953	-1.08953	-1.08953	-1.08953	-1.08953	
-0.98953	-0.98953	-0.98953	-0.98953	-0.98953	-0.98953	-0.98953	-0.98953	-0.98953	-0.98953	-0.98953	-0.98953	-0.98953	-0.98953	-0.98953	-0.98953	-0.98953	-0.98953	-0.98953	-0.98953	-0.98953	-0.98953	-0.98953	-0.98953	
-0.88953	-0.88953	-0.88953	-0.88953	-0.88953	-0.88953	-0.88953	-0.88953	-0.88953	-0.88953	-0.88953	-0.88953	-0.88953	-0.88953	-0.88953	-0.88953	-0.88953	-0.88953	-0.88953	-0.88953	-0.88953	-0.88953	-0.88953	-0.88953	
-0.78953	-0.78953	-0.78953	-0.78953	-0.78953	-0.78953	-0.78953	-0.78953	-0.78953	-0.78953	-0.78953	-0.78953	-0.78953	-0.78953	-0.78953	-0.78953	-0.78953	-0.78953	-0.78953	-0.78953	-0.78953	-0.78953	-0.78953	-0.78953	
-0.68953	-0.68953	-0.68953	-0.68953	-0.68953	-0.68953	-0.68953	-0.68953	-0.68953	-0.68953	-0.68953	-0.68953	-0.68953	-0.68953	-0.68953	-0.68953	-0.68953	-0.68953	-0.68953	-0.68953	-0.68953	-0.68953	-0.68953	-0.68953	
-0.58953	-0.58953	-0.58953	-0.58953	-0.58953	-0.58953	-0.58953	-0.58953	-0.58953	-0.58953	-0.58953	-0.58953	-0.58953	-0.58953	-0.58953	-0.58953	-0.58953	-0.58953	-0.58953	-0.58953	-0.58953	-0.58953	-0.58953	-0.58953	
-0.48953	-0.48953	-0.48953	-0.48953	-0.48953	-0.48953	-0.48953	-0.48953	-0.48953	-0.48953	-0.48953	-0.48953	-0.48953	-0.48953	-0.48953	-0.48953	-0.48953	-0.48953	-0.48953	-0.48953	-0.48953	-0.48953	-0.48953	-0.48953	
-0.38953	-0.38953	-0.38953	-0.38953	-0.38953	-0.38953	-0.38953	-0.38953	-0.38953	-0.38953	-0.38953	-0.38953	-0.38953	-0.38953	-0.38953	-0.38953	-0.38953	-0.38953	-0.38953	-0.38953	-0.38953	-0.38953	-0.38953	-0.38953	
-0.28953	-0.28953	-0.28953	-0.28953	-0.28953	-0.28953	-0.28953	-0.28953	-0.28953	-0.28953	-0.28953	-0.28953	-0.28953	-0.28953	-0.28953	-0.28953	-0.28953	-0.28953	-0.28953	-0.28953	-0.28953	-0.28953	-0.28953	-0.28953	
-0.18953	-0.18953	-0.18953	-0.18953	-0.18953	-0.18953	-0.18953	-0.18953	-0.18953	-0.18953	-0.18953	-0.18953	-0.18953	-0.18953	-0.18953	-0.18953	-0.18953	-0.18953	-0.18953	-0.18953	-0.18953	-0.18953	-0.18953	-0.18953	
-0.08953	-0.08953	-0.08953	-0.08953	-0.08953	-0.08953	-0.08953	-0.08953	-0.08953	-0.08953	-0.08953	-0.08953	-0.08953	-0.08953	-0.08953	-0.08953	-0.08953	-0.08953	-0.08953	-0.08953	-0.08953	-0.08953	-0.08953	-0.08953	
0.01047	0.01047	0.01047	0.01047	0.01047	0.01047	0.01047	0.01047	0.01047	0.01047	0.01047	0.01047	0.01047	0.01047	0.01047	0.01047	0.01047	0.01047	0.01047	0.01047	0.01047	0.01047	0.01047	0.01047	
-1.79058	-1.79058	-1.79058	-1.79058	-1.79058	-1.79058	-1.79058	-1.79058	-1.79058	-1.79058	-1.79058	-1.79058	-1.79058	-1.79058	-1.79058	-1.79058	-1.79058	-1.79058	-1.79058	-1.79058	-1.79058	-1.79058	-1.79058	-1.79058	
-1.69058	-1.69058	-1.69058	-1.69058	-1.69058	-1.69058	-1.69058	-1.69058	-1.69058	-1.69058	-1.69058	-1.69058	-1.69058	-1.69058	-1.69058	-1.69058	-1.69058	-1.69058	-1.69058	-1.69058	-1.69058	-1.69058	-1.69058	-1.69058	
-1.59058	-1.59058	-1.59058	-1.59058	-1.59058	-1.59058	-1.59058	-1.59058	-1.59058	-1.59058	-1.59058	-1.59058	-1.59058	-1.59058	-1.59058	-1.59058	-1.59058	-1.59058	-1.59058	-1.59058	-1.59058	-1.59058	-1.59058	-1.59058	
-1.49058	-1.49058	-1.49058	-1.49058	-1.49058	-1.49058	-1.49058	-1.49058	-1.49058	-1.49058	-1.49058	-1.49058	-1.49058	-1.49058	-1.49058	-1.49058	-1.49058	-1.49058	-1.49058	-1.49058	-1.49058	-1.49058	-1.49058	-1.49058	
-1.39058	-1.39058	-1.39058	-1.39058	-1.39058	-1.39058	-1.39058	-1.39058	-1.39058	-1.39058	-1.39058	-1.39058	-1.39058	-1.39058	-1.39058	-1.39058	-1.39058	-1.39058	-1.39058	-1.39058	-1.39058	-1.39058	-1.39058	-1.39058	
-1.29058	-1.29058	-1.29058	-1.29058	-1.29058	-1.29058	-1.29058	-1.29058	-1.29058	-1.29058	-1.29058	-1.29058	-1.29058	-1.29058	-1.29058	-1.29058	-1.29058	-1.29058	-1.29058	-1.29058	-1.29058	-1.29058	-1.29058	-1.29058	
-1.19058	-1.19058	-1.19058	-1.19058	-1.19058	-1.19058	-1.19058	-1.19058	-1.19058	-1.19058	-1.19058	-1.19058	-1.19058	-1.19058	-1.19058	-1.19058	-1.19058	-1.19058	-1.19058	-1.19058	-1.19058	-1.19058	-1.19058	-1.19058	
-1.09058	-1.09058	-1.09058	-1.09058	-1.09058	-1.09058	-1.09058	-1.09058	-1.09058	-1.09058	-1.09058	-1.09058	-1.09058	-1.09058	-1.09058	-1.09058	-1.09058	-1.09058	-1.09058	-1.09058	-1.09058	-1.09058	-1.09058	-1.09058	
-0.99058	-0.99058	-0.99058	-0.99058	-0.99058	-0.99058	-0.99058	-0.99058	-0.99058	-0.99058	-0.99058	-0.99058	-0.99058	-0.99058	-0.99058	-0.99058	-0.99058	-0.99058	-0.99058	-0.99058	-0.99058	-0.99058	-0.99058	-0.99058	
-0.89058	-0.89058	-0.89058	-0.89058	-0.89058	-0.89058	-0.89058	-0.89058	-0.89058	-0.89058	-0.89058	-0.89058	-0.89058	-0.89058	-0.89058	-0.89058	-0.89058	-0.89058	-0.89058	-0.89058	-0.89058	-0.89058	-0.89058	-0.89058	
-0.79058	-0.79058	-0.79058	-0.79058	-0.79058	-0.79058	-0.79058	-0.79058	-0.79058	-0.79058	-0.79058	-0.79058	-0.79058	-0.79058	-0.79058	-0.79058	-0.79058	-0.79058	-0.79058	-0.79058	-0.79058	-0.79058	-0.79058	-0.79058	
-0.69058	-0.69058	-0.69058	-0.69058	-0.69058	-0.69058	-0.69058	-0.69058	-0.69058	-0.69058	-0.69058	-0.69058	-0.69058	-0.69058	-0.69058	-0.69058	-0.69058	-0.69058	-0.69058	-0.69058	-0.69058	-0.69058	-0.69058	-0.69058	
-0.59058	-0.59058	-0.59058	-0.59058	-0.59058	-0.59058	-0.59058	-0.59058	-0.59058	-0.59058	-0.59058	-0.59058	-0.59058	-0.59058	-0.59058	-0.59058	-0.59058	-0.59058	-0.59058	-0.59058	-0.59058	-0.59058	-0.59058	-0.59058	
-0.49058	-0.49058	-0.49058	-0.49058	-0.49058	-0.49058	-0.49058	-0.49058	-0.49058	-0.49058	-0.49058	-0.49058	-0.49058	-0.49058	-0.49058	-0.49058	-0.49058	-0.49058	-0.49058	-0.49058	-0.49058	-0.49058	-0.49058	-0.49058	
-0.39058	-0.39058	-0.39058	-0.39058	-0.39058	-0.39058	-0.39058	-0.39058	-0.39058	-0.39058	-0.39058	-0.39058	-0.39058	-0.39058	-0.39058	-0.39058	-0.39058	-0.39058	-0.39058	-0.39058	-0.39058	-0.39058	-0.39058	-0.39058	
-0.29058	-0.29058	-0.29058	-0.29058	-0.29058	-0.29058	-0.29058	-0.29058	-0.29058	-0.29058	-0.29058	-0.29058	-0.29058	-0.29058	-0.29058	-0.29058	-0.29058	-0.29058	-0.29058	-0.29058	-0.29058	-0.29058	-0.29058	-0.29058	
-0.19058	-0.19058	-0.19058	-0.19058	-0.19058	-0.19058	-0.19058	-0.19058	-0.19058	-0.19058	-0.19058	-0.19058	-0.19058	-0.19058	-0.19058	-0.19058	-0.19058	-0.19058	-0.19058	-0.19058	-0.19058	-0.19058	-0.19058	-0.19058	
-0.09058	-0.09058	-0.09058	-0.09058	-0.09058	-0.09058	-0.09058	-0.09058	-0.09058	-0.09058	-0.09058	-0.09058	-0.09058	-0.09058	-0.09058	-0.09058	-0.09058	-0.09058	-0.09058	-0.09058	-0.09058	-0.09058	-0.09058	-0.09058	
0.00942	0.00942	0.00942	0.00942	0.00942	0.00942	0.00942	0.00942	0.00942	0.00942	0.00942	0.00942	0.00942	0.00942	0.00942	0.00942	0.00942	0.00942	0.00942	0.00942	0.00942	0.00942	0.00942	0.00942	
0.10942	0.10942	0.10942	0.10942	0.10942	0.10942	0.10942	0.10942	0.10942	0.10942	0.10942	0.10942	0.10942	0.10942	0.10942	0.10942	0.10942	0.10942	0.10942	0.10942	0.10942	0.10942	0.10942	0.10942	
0.20942	0.20942	0.20942	0.20942	0.20942	0.20942	0.20942	0.20942	0.20942	0.20942	0.20942	0.20942	0.20942	0.20942	0.20942	0.20942	0.20942	0.20942	0.20942	0.20942	0.20942	0.20942	0.20942	0.20942	
-1.59162	-1.59162	-1.59162	-1.59162	-1.59162	-1.59162	-1.59162	-1.59162	-1.59162	-1.59162	-1.59162	-1.59162	-1.59162	-1.59162	-1.59162	-1.59162	-1.59162	-1.59162	-1.59162	-1.59162	-1.59162	-1.59162	-1.59162	-1.59162	
-1.49162	-1.49162	-1.49162	-1.49162	-1.49162	-1.49162	-1.49162	-1.49162	-1.49162	-1.49162	-1.49162	-1.49162	-1.49162	-1.49162	-1.49162	-1.49162	-1.49162	-1.49162	-1.49162	-1.49162	-1.49162	-1.49162	-1.49162	-1.49162	
-1.39162	-1.39162	-1.39162	-1.39162	-1.39162	-1.39162	-1.39162	-1.39162	-1.39162	-1.39162	-1.39162	-1.39162	-1.39162	-1.39162	-1.39162	-1.39162	-1.39162	-1.39162	-1.39162	-1.39162	-1.39162	-1.39162	-1.39162	-1.39162	
-1.29162	-1.29162	-1.29162	-1.29162	-1.29162	-1.29162	-1.29162	-1.29162	-1.29162	-1.29162	-1.29162	-1.29162	-1.29162	-1.29162	-1.29162	-1.29162	-1.29162	-1.29162	-1.29162	-1.29162	-1.29162	-1.29162	-1.29162	-1.29162	
-1.19162	-1.19162	-1.19162	-1.19162	-1.19162	-1.19162	-1.19162	-1.19162	-1.19162	-1.19162	-1.19162	-1.19162	-1.19162	-1.19162	-1.19162	-1.19162	-1.19162	-1.19162	-1.19162	-1.19162	-1.19162	-1.19162	-1.19162	-1.19162	
-1.09162	-1.09162	-1.09162	-1.09162	-1.09162	-1.09162	-1.09162	-1.09162	-1.09162	-1.09162	-1.09162	-1.09162	-1.09162	-1.09162	-1.09162	-1.09162	-1.09162	-1.09162	-1.09162	-1.09162	-1.09162	-1.09162	-1.09162	-1.09162	
-0.99162	-0.99162	-0.99162	-0.99162	-0.99162	-0.99162	-0.99162	-0.99162	-0.99162	-0.99162	-0.99162	-0.99162	-0.99162	-0.99162	-0.99162	-0.99162	-0.99162	-0.99162	-0.99162	-0.99162	-0.99162	-0.99162	-0.99162	-0.99162	
-0.89162	-0.89162	-0.89162	-0.89162	-0.89162	-0.89162	-0.89162	-0.89162	-0.89162	-0.89162	-0.89162	-0.89162	-0.89162	-0.89162	-0.89162	-0.89162	-0.89162	-0.89162	-0.89162	-0.89162	-0.89162	-0.89162	-0.89162	-0.89162	
-0.79162	-0.79162	-0.79162	-0.79162	-0.79162	-0.79162	-0.79162	-0.79162	-0.79162	-0.79162	-0.79162	-0.79162	-0.79162	-0.79162	-0.79162	-0.79162	-0.79162	-0.79162	-0.79162	-0.79162	-0.79162	-0.79162	-0.79162	-0.79162	
-0.69162	-0.69162	-0.69162	-0.69162	-0.69162	-0.69162	-0.69162	-0.69162	-0.69162	-0.69162	-0.69162	-0.69162	-0.69162	-0.69162	-0.69162	-0.69162	-0.69162	-0.69162	-0.69162	-0.69162	-0.69162	-0.69162	-0.69162	-0.69162	
-0.59162	-0.59162	-0.59162	-0.59162	-0.59162	-0.59162	-0.59162	-0.59162	-0.59162	-0.59162	-0.59162	-0.59162	-0.59162	-0.59162	-0.59162	-0.59162	-0.59162	-0.59162	-0.59162	-0.59162	-0.59162	-0.59162	-0.59162	-0.59162	
-0.49162	-0.49162	-0.49162	-0.49162	-0.49162	-0.49162	-0.49162	-0.49162	-0.49162	-0.49162	-0.49162	-0.49162	-0.49162	-0.49162	-0.49162	-0.49162	-0.49162	-0.49162	-0.49162	-0.49162	-0.49162	-0.49162	-0.49162	-0.49162	
-0.39162	-0.39162	-0.39162	-0.39162	-0.39162	-0.39162	-0.39162	-0.39162	-0.39162	-0.39162	-0.39162	-0.39162	-0.39162	-0.39162	-0.39162	-0.39162	-0.39162	-0.39162	-0.39162	-0.39162	-0.39162	-0.39162	-0.39162	-0.39162	
-0.29162	-0.29162	-0.29162	-0.29162	-0.29162	-0.29162	-0.29162	-0.29162	-0.29162	-0.29162	-0.29162	-0.29162	-0.29162	-0.29162	-0.29162	-0.29162	-0.29162	-0.29162	-0.29162	-0.29162	-0.29162	-0.29162	-0.29162	-0.29162	
-0.19162	-0.19162	-0.19162	-0.19162	-0.19162	-0.19162	-0.19162	-0.19162	-0.19162	-0.19162	-0.19162	-0.19162	-0.19162	-0.19162	-0.19162	-0.19162	-0.19162	-0.19162	-0.19162	-0.19162	-0.19162	-0.19162	-0.19162	-0.19162	
-0.09162	-0.09162	-0.09162	-0.09162	-0.09162	-0.09162	-0.09162	-0.09162	-0.09162	-0.09162	-0.09162	-0.09162	-0.09162	-0.09162	-0.09162	-0.09162	-0.09162	-0.09162	-0.09162	-0.09162	-0.09162	-0.09162	-0.09162	-0.09162	
0.00838	0.00838	0.00838	0.00838	0.00838	0.00838	0.00838	0.00838	0.00838	0.00838	0.00838	0.00838	0.00838	0.00838	0.00838	0.00838	0.00838	0.00838	0.00838	0.00838	0.00838	0.00838	0.00838	0.00838	
0.10838	0.10838	0.10838	0.10838	0.10838	0.10838	0.10838	0.10838	0.10838	0.10838	0.10838	0.10838	0.10838	0.10838	0.10838	0.10838	0.10838	0.10838	0.10838	0.10838	0.10838	0.10838	0.10838	0.10838	
0.20838	0.20838	0.20838	0.20838	0.20838	0.20838	0.20838	0.20838	0.20838	0.20838	0.20838	0.20838	0.20838	0.20838	0.20838	0.20838	0.20838	0.20838	0.20838	0.20838	0.20838	0.20838	0.20838	0.20838	
0.30838	0.30838	0.30838	0.30838	0.30838	0.30838	0.30838	0.30838	0.30838	0.30838	0.30838	0.30838	0.30838	0.30838	0.30838	0.30838	0.30838	0.30838	0.30838	0.30838	0.30838	0.30838	0.30838	0.30838	
0.40838	0.40838	0.40838	0.40838	0.40838	0.40838	0.40838	0.40838	0.40838	0.40838	0.40838	0.40838	0.40838	0.40838	0.40838	0.40838	0.40838	0.40838	0.40838	0.40838	0.40838	0.40838	0.40838	0.40838	
-1.39267	-1.39267	-1.39267	-1.39267	-1.39267	-1.39267	-1.39267	-1.39267	-1.39267	-1.39267	-1.39267	-1.39267	-1.39267	-1.39267	-1.39267	-1.39267	-1.39267	-1.39267	-1.39267	-1.39267	-1.39267	-1.39267	-1.39267	-1.39267	
-1.29267	-1.29267	-1.29267	-1.29267	-1.29267	-1.29267	-1.29267	-1.29267	-1.29267	-1.29267	-1.29267	-1.29267	-1.29267	-1.29267	-1.29267	-1.29267	-1.29267	-1.29267	-1.29267	-1.29267	-1.29267	-1.29267	-1.29267	-1.29267	
-1.19267	-1.19267	-1.19267	-1.19267	-1.19267	-1.19267	-1.19267	-1.19267	-1.19267	-1.19267	-1.19267	-1.19267	-1.19267	-1.19267	-1.19267	-1.19267	-1.19267	-1.19267	-1.19267	-1.19267	-1.19267	-1.19267	-1.19267	-1.19267	
-1.09267	-1.09267	-1.09267	-1.09267	-1.09267	-1.09267	-1.09267	-1.09267	-1.09267	-1.09267	-1.09267	-1.09267	-1.09267	-1.09267	-1.09267	-1.09267	-1.09267	-1.09267	-1.09267	-1.09267	-1.09267	-1.09267	-1.09267	-1.09267	
-0.99267	-0.99267	-0.99267	-0.99267	-0.99267	-0.99267	-0.99267	-0.99267	-0.99267	-0.99267	-0.99267	-0.99267	-0.99267	-0.99267	-0.99267	-0.99267	-0.99267	-0.99267	-0.99267	-0.99267	-0.99267	-0.99267	-0.99267	-0.99267	
-0.89267	-0.89267	-0.89267	-0.89267	-0.89267	-0.89267	-0.89267	-0.89267	-0.89267	-0.89267	-0.89267	-0.89267	-0.89267	-0.89267	-0.89267	-0.89267	-0.89267	-0.89267	-0.89267	-0.89267	-0.89267	-0.89267	-0.89267	-0.89267	
-0.79267	-0.79267	-0.79267	-0.79267	-0.79267	-0.79267	-0.79267	-0.79267	-0.79267	-0.79267	-0.79267	-0.79267	-0.79267	-0.79267	-0.79267	-0.79267	-0.79267	-0.79267	-0.79267	-0.79267	-0.79267	-0.79267	-0.79267	-0.79267	
-0.69267	-0.69267	-0.69267	-0.69267	-0.69267	-0.69267	-0.69267	-0.69267	-0.69267	-0.69267	-0.69267	-0.69267	-0.69267	-0.69267	-0.69267	-0.69267	-0.69267	-0.69267	-0.69267	-0.69267	-0.69267	-0.69267	-0.69267	-0.69267	
-0.59267	-0.59267	-0.59267	-0.59267	-0.59267	-0.59267	-0.59267	-0.59267	-0.59267	-0.59267	-0.59267	-0.59267	-0.59267	-0.59267	-0.59267	-0.59267	-0.59267	-0.59267	-0.59267	-0.59267	-0.59267	-0.59267	-0.59267	-0.59267	
-0.49267	-0.49267	-0.49267	-0.49267	-0.49267	-0.49267	-0.49267	-0.49267	-0.49267	-0.49267	-0.49267	-0.49267	-0.49267	-0.49267	-0.49267	-0.49267	-0.49267	-0.49267	-0.49267	-0.49267	-0.49267	-0.49267	-0.49267	-0.49267	
-0.39267	-0.39267	-0.39267	-0.39267	-0.39267	-0.39267	-0.39267	-0.39267	-0.39267	-0.39267	-0.39267	-0.39267	-0.39267	-0.39267	-0.39267	-0.39267	-0.39267	-0.39267	-0.39267	-0.39267	-0.39267	-0.39267	-0.39267	-0.39267	
-0.29267	-0.29267	-0.29267	-0.29267	-0.29267	-0.29267	-0.29267	-0.29267	-0.29267	-0.29267	-0.29267	-0.29267	-0.29267	-0.29267	-0.29267	-0.29267	-0.29267	-0.29267	-0.29267	-0.29267	-0.29267	-0.29267	-0.29267	-0.29267	
-0.19267	-0.19267	-0.19267	-0.19267	-0.19267	-0.19267	-0.19267	-0.19267	-0.19267	-0.19267	-0.19267	-0.19267	-0.19267	-0.19267	-0.19267	-0.19267	-0.19267	-0.19267	-0.19267	-0.19267	-0.19267	-0.19267	-0.19267	-0.19267	
-0.09267	-0.09267	-0.09267	-0.09267	-0.09267	-0.09267	-0.09267	-0.09267	-0.09267	-0.09267	-0.09267	-0.09267	-0.09267	-0.09267	-0.09267	-0.09267	-0.09267	-0.09267	-0.09267	-0.09267	-0.09267	-0.09267	-0.09267	-0.09267	
0.00733	0.00733	0.00733	0.00733	0.00733	0.00733	0.00733	0.00733	0.00733	0.00733	0.00733	0.00733	0.00733	0.00733	0.00733	0.00733	0.00733	0.00733	0.00733	0.00733	0.00733	0.00733	0.00733	0.00733	
0.10733	0.10733	0.10733	0.10733	0.10733	0.10733	0.10733	0.10733	0.10733	0.10733	0.10733	0.10733	0.10733	0.10733	0.10733	0.10733	0.10733	0.10733	0.10733	0.10733	0.10733	0.10733	0.10733	0.10733	
0.20733	0.20733	0.20733	0.20733	0.20733	0.20733	0.20733	0.20733	0.20733	0.20733	0.20733	0.20733	0.20733	0.20733	0.20733	0.20733	0.20733	0.20733	0.20733	0.20733	0.20733	0.20733	0.20733	0.20733	
0.30733	0.30733	0.30733	0.30733	0.30733	0.30733	0.30733	0.30733	0.30733	0.30733	0.30733	0.30733	0.30733	0.30733	0.30733	0.30733	0.30733	0.30733	0.30733	0.30733	0.30733	0.30733	0.30733	0.30733	
0.40733	0.40733	0.40733	0.40733	0.40733	0.40733	0.40733	0.40733	0.40733	0.40733	0.40733	0.40733	0.40733	0.40733	0.40733	0.40733	0.40733	0.40733	0.40733	0.40733	0.40733	0.40733	0.40733	0.40733	
0.50733	0.50733	0.50733	0.50733	0.50733	0.50733	0.50733	0.50733	0.50733	0.50733	0.50733	0.50733	0.50733	0.50733	0.50733	0.50733	0.50733	0.50733	0.50733	0.50733	0.50733	0.50733	0.50733	0.50733	
0.60733	0.60733	0.60733	0.60733	0.60733	0.60733	0.60733	0.60733	0.60733	0.60733	0.60733	0.60733	0.60733	0.60733	0.60733	0.60733	0.60733	0.60733	0.60733	0.60733	0.60733	0.60733	0.60733	0.60733	
-1.19372	-1.19372	-1.19372	-1.19372	-1.19372	-1.19372	-1.19372	-1.19372	-1.19372	-1.19372	-1.19372	-1.19372	-1.19372	-1.19372	-1.19372	-1.19372	-1.19372	-1.19372	-1.19372	-1.19372	-1.19372	-1.19372	-1.19372	-1.19372	
-1.09372	-1.09372	-1.09372	-1.09372	-1.09372	-1.09372	-1.09372	-1.09372	-1.09372	-1.09372	-1.09372	-1.09372	-1.09372	-1.09372	-1.09372	-1.09372	-1.09372	-1.09372	-1.09372	-1.09372	-1.09372	-1.09372	-1.09372	-1.09372	
-0.99372	-0.99372	-0.99372	-0.99372	-0.99372	-0.99372	-0.99372	-0.99372	-0.99372	-0.99372	-0.99372	-0.99372	-0.99372	-0.99372	-0.99372	-0.99372	-0.99372	-0.99372	-0.99372	-0.99372	-0.99372	-0.99372	-0.99372	-0.99372	
-0.89372	-0.89372	-0.89372	-0.89372	-0.89372	-0.89372	-0.89372	-0.89372	-0.89372	-0.89372	-0.89372	-0.89372	-0.89372	-0.89372	-0.89372	-0.89372	-0.89372	-0.89372	-0.89372	-0.89372	-0.89372	-0.89372	-0.89372	-0.89372	
-0.79372	-0.79372	-0.79372	-0.79372	-0.79372	-0.79372	-0.79372	-0.79372	-0.79372	-0.79372	-0.79372	-0.79372	-0.79372	-0.79372	-0.79372	-0.79372	-0.79372	-0.79372	-0.79372	-0.79372	-0.79372	-0.79372	-0.79372	-0.79372	
-0.69372	-0.69372	-0.69372	-0.69372	-0.69372	-0.69372	-0.69372	-0.69372	-0.69372	-0.69372	-0.69372	-0.69372	-0.69372	-0.69372	-0.69372	-0.69372	-0.69372	-0.69372	-0.69372	-0.69372	-0.69372	-0.69372	-0.69372	-0.69372	
-0.59372	-0.59372	-0.59372	-0.59372	-0.59372	-0.59372	-0.59372	-0.59372	-0.59372	-0.59372	-0.59372	-0.59372	-0.59372	-0.59372	-0.59372	-0.59372	-0.59372	-0.59372	-0.59372	-0.59372	-0.59372	-0.59372	-0.59372	-0.59372	
-0.49372	-0.49372	-0.49372	-0.49372	-0.49372	-0.49372	-0.49372	-0.49372	-0.49372	-0.49372	-0.49372	-0.49372	-0.49372	-0.49372	-0.49372	-0.49372	-0.49372	-0.49372	-0.49372	-0.49372	-0.49372	-0.49372	-0.49372	-0.49372	
-0.39372	-0.39372	-0.39372	-0.39372	-0.39372	-0.39372	-0.39372	-0.39372	-0.39372	-0.39372	-0.39372	-0.39372	-0.39372	-0.39372	-0.39372	-0.39372	-0.39372	-0.39372	-0.39372	-0.39372	-0.39372	-0.39372	-0.39372	-0.39372	
-0.29372	-0.29372	-0.29372	-0.29372	-0.29372	-0.29372	-0.29372	-0.29372	-0.29372	-0.29372	-0.29372	-0.29372	-0.29372	-0.29372	-0.29372	-0.29372	-0.29372	-0.29372	-0.29372	-0.29372	-0.29372	-0.29372	-0.29372	-0.29372	
-0.19372	-0.19372	-0.19372	-0.19372	-0.19372	-0.19372	-0.19372	-0.19372	-0.19372	-0.19372	-0.19372	-0.19372	-0.19372	-0.19372	-0.19372	-0.19372	-0.19372	-0.19372	-0.19372	-0.19372	-0.19372	-0.19372	-0.19372	-0.19372	
-0.09372	-0.09372	-0.09372	-0.09372	-0.09372	-0.09372	-0.09372	-0.09372	-0.09372	-0.09372	-0.09372	-0.09372	-0.09372	-0.09372	-0.09372	-0.09372	-0.09372	-0.09372	-0.09372	-0.09372	-0.09372	-0.09372	-0.09372	-0.09372	
0.00628	0.00628	0.00628	0.00628	0.00628	0.00628	0.00628	0.00628	0.00628	0.00628	0.00628	0.00628	0.00628	0.00628	0.00628	0.00628	0.00628	0.00628	0.00628	0.00628	0.00628	0.00628	0.00628	0.00628	
0.10628	0.10628	0.10628	0.10628	0.10628	0.10628	0.10628	0.10628	0.10628	0.10628	0.10628	0.10628	0.10628	0.10628	0.10628	0.10628	0.10628	0.10628	0.10628	0.10628	0.10628	0.10628	0.10628	0.10628	
0.20628	0.20628	0.20628	0.20628	0.20628	0.20628	0.20628	0.20628	0.20628	0.20628	0.20628	0.20628	0.20628	0.20628	0.20628	0.20628	0.20628	0.20628	0.20628	0.20628	0.20628	0.20628	0.20628	0.20628	
0.30628	0.30628	0.30628	0.30628	0.30628	0.30628	0.30628	0.30628	0.30628	0.30628	0.30628	0.30628	0.30628	0.30628	0.30628	0.30628	0.30628	0.30628	0.30628	0.30628	0.30628	0.30628	0.30628	0.30628	
0.40628	0.40628	0.40628	0.40628	0.40628	0.40628	0.40628	0.40628	0.40628	0.40628	0.40628	0.40628	0.40628	0.40628	0.40628	0.40628	0.40628	0.40628	0.40628	0.40628	0.40628	0.40628	0.40628	0.40628	
0.50628	0.50628	0.50628	0.50628	0.50628	0.50628	0.50628	0.50628	0.50628	0.50628	0.50628	0.50628	0.50628	0.50628	0.50628	0.50628	0.50628	0.50628	0.50628	0.50628	0.50628	0.50628	0.50628	0.50628	
0.60628	0.60628	0.60628	0.60628	0.60628	0.60628	0.60628	0.60628	0.60628	0.60628	0.60628	0.60628	0.60628	0.60628	0.60628	0.60628	0.60628	0.60628	0.60628	0.60628	0.60628	0.60628	0.60628	0.60628	
0.70628	0.70628	0.70628	0.70628	0.70628	0.70628	0.70628	0.70628	0.70628	0.70628	0.70628	0.70628	0.70628	0.70628	0.70628	0.70628	0.70628	0.70628	0.70628	0.70628	0.70628	0.70628	0.70628	0.70628	
0.80628	0.80628	0.80628	0.80628	0.80628	0.80628	0.80628	0.80628	0.80628	0.80628	0.80628	0.80628	0.80628	0.80628	0.80628	0.80628	0.80628	0.80628	0.80628	0.80628	0.80628	0.80628	0.80628	0.80628	
-0.99476	-0.99476	-0.99476	-0.99476	-0.99476	-0.99476	-0.99476	-0.99476	-0.99476	-0.99476	-0.99476	-0.99476	-0.99476	-0.99476	-0.99476	-0.99476	-0.99476	-0.99476	-0.99476	-0.99476	-0.99476	-0.99476	-0.99476	-0.99476	
-0.89476	-0.89476	-0.89476	-0.89476	-0.89476	-0.89476	-0.89476	-0.89476	-0.89476	-0.89476	-0.89476	-0.89476	-0.89476	-0.89476	-0.89476	-0.89476	-0.89476	-0.89476	-0.89476	-0.89476	-0.89476	-0.89476	-0.89476	-0.89476	
-0.79476	-0.79476	-0.79476	-0.79476	-0.79476	-0.79476	-0.79476	-0.79476	-0.79476	-0.79476	-0.79476	-0.79476	-0.79476	-0.79476	-0.79476	-0.79476	-0.79476	-0.79476	-0.79476	-0.79476	-0.79476	-0.79476	-0.79476	-0.79476	
-0.69476	-0.69476	-0.69476	-0.69476	-0.69476	-0.69476	-0.69476	-0.69476	-0.69476	-0.69476	-0.69476	-0.69476	-0.69476	-0.69476	-0.69476	-0.69476	-0.69476	-0.69476	-0.69476	-0.69476	-0.69476	-0.69476	-0.69476	-0.69476	
-0.59476	-0.59476	-0.59476	-0.59476	-0.59476	-0.59476	-0.59476	-0.59476	-0.59476	-0.59476	-0.59476	-0.59476	-0.59476	-0.59476	-0.59476	-0.59476	-0.59476	-0.59476	-0.59476	-0.59476	-0.59476	-0.59476	-0.59476	-0.59476	
-0.49476	-0.49476	-0.49476	-0.49476	-0.49476	-0.49476	-0.49476	-0.49476	-0.49476	-0.49476	-0.49476	-0.49476	-0.49476	-0.49476	-0.49476	-0.49476	-0.49476	-0.49476	-0.49476	-0.49476	-0.49476	-0.49476	-0.49476	-0.49476	
-0.39476	-0.39476	-0.39476	-0.39476	-0.39476	-0.39476	-0.39476	-0.39476	-0.39476	-0.39476	-0.39476	-0.39476	-0.39476	-0.39476	-0.39476	-0.39476	-0.39476	-0.39476	-0.39476	-0.39476	-0.39476	-0.39476	-0.39476	-0.39476	
-0.29476	-0.29476	-0.29476	-0.29476	-0.29476	-0.29476	-0.29476	-0.29476	-0.29476	-0.29476	-0.29476	-0.29476	-0.29476	-0.29476	-0.29476	-0.29476	-0.29476	-0.29476	-0.29476	-0.29476	-0.29476	-0.29476	-0.29476	-0.29476	
-0.19476	-0.19476	-0.19476	-0.19476	-0.19476	-0.19476	-0.19476	-0.19476	-0.19476	-0.19476	-0.19476	-0.19476	-0.19476	-0.19476	-0.19476	-0.19476	-0.19476	-0.19476	-0.19476	-0.19476	-0.19476	-0.19476	-0.19476	-0.19476	
-0.09476	-0.09476	-0.09476	-0.09476	-0.09476	-0.09476	-0.09476	-0.09476	-0.09476	-0.09476	-0.09476	-0.09476	-0.09476	-0.09476	-0.09476	-0.09476	-0.09476	-0.09476	-0.09476	-0.09476	-0.09476	-0.09476	-0.09476	-0.09476	
0.00524	0.00524	0.00524	0.00524	0.00524	0.00524	0.00524	0.00524	0.00524	0.00524	0.00524	0.00524	0.00524	0.00524	0.00524	0.00524	0.00524	0.00524	0.00524	0.00524	0.00524	0.00524	0.00524	0.00524	
0.10524	0.10524	0.10524	0.10524	0.10524	0.10524	0.10524	0.10524	0.10524	0.10524	0.10524	0.10524	0.10524	0.10524	0.10524	0.10524	0.10524	0.10524	0.10524	0.10524	0.10524	0.10524	0.10524	0.10524	
0.20524	0.20524	0.20524	0.20524	0.20524	0.20524	0.20524	0.20524	0.20524	0.20524	0.20524	0.20524	0.20524	0.20524	0.20524	0.20524	0.20524	0.20524	0.20524	0.20524	0.20524	0.20524	0.20524	0.20524	
0.30524	0.30524	0.30524	0.30524	0.30524	0.30524	0.30524	0.30524	0.30524	0.30524	0.30524	0.30524	0.30524	0.30524	0.30524	0.30524	0.30524	0.30524	0.30524	0.30524	0.30524	0.30524	0.30524	0.30524	
0.40524	0.40524	0.40524	0.40524	0.40524	0.40524	0.40524	0.40524	0.40524	0.40524	0.40524	0.40524	0.40524	0.40524	0.40524	0.40524	0.40524	0.40524	0.40524	0.40524	0.40524	0.40524	0.40524	0.40524	
0.50524	0.50524	0.50524	0.50524	0.50524	0.50524	0.50524	0.50524	0.50524	0.50524	0.50524	0.50524	0.50524	0.50524	0.50524	0.50524	0.50524	0.50524	0.50524	0.50524	0.50524	0.50524	0.50524	0.50524	
0.60524	0.60524	0.60524	0.60524	0.60524	0.60524	0.60524	0.60524	0.60524	0.60524	0.60524	0.60524	0.60524	0.60524	0.60524	0.60524	0.60524	0.60524	0.60524	0.60524	0.60524	0.60524	0.60524	0.60524	
0.70524	0.70524	0.70524	0.70524	0.70524	0.70524	0.70524	0.70524	0.70524	0.70524	0.70524	0.70524	0.70524	0.70524	0.70524	0.70524	0.70524	0.70524	0.70524	0.70524	0.70524	0.70524	0.70524	0.70524	
0.80524	0.80524	0.80524	0.80524	0.80524	0.80524	0.80524	0.80524	0.80524	0.80524	0.80524	0.80524	0.80524	0.80524	0.80524	0.80524	0.80524	0.80524	0.80524	0.80524	0.80524	0.80524	0.80524	0.80524	
0.90524	0.90524	0.90524	0.90524	0.90524	0.90524	0.90524	0.90524	0.90524	0.90524	0.90524	0.90524	0.90524	0.90524	0.90524	0.90524	0.90524	0.90524	0.90524	0.90524	0.90524	0.90524	0.90524	0.90524	
1.00524	1.00524	1.00524	1.00524	1.00524	1.00524	1.00524	1.00524	1.00524	1.00524	1.00524	1.00524	1.00524	1.00524	1.00524	1.00524	1.00524	1.00524	1.00524	1.00524	1.00524	1.00524	1.00524	1.00524	
-0.79581	-0.79581	-0.79581	-0.79581	-0.79581	-0.79581	-0.79581	-0.79581	-0.79581	-0.79581	-0.79581	-0.79581	-0.79581	-0.79581	-0.79581	-0.79581	-0.79581	-0.79581	-0.79581	-0.79581	-0.79581	-0.79581	-0.79581	-0.79581	
-0.69581	-0.69581	-0.69581	-0.69581	-0.69581	-0.69581	-0.69581	-0.69581	-0.69581	-0.69581	-0.69581	-0.69581	-0.69581	-0.69581	-0.69581	-0.69581	-0.69581	-0.69581	-0.69581	-0.69581	-0.69581	-0.69581	-0.69581	-0.69581	
-0.59581	-0.59581	-0.59581	-0.59581	-0.59581	-0.59581	-0.59581	-0.59581	-0.59581	-0.59581	-0.59581	-0.59581	-0.59581	-0.59581	-0.59581	-0.59581	-0.59581	-0.59581	-0.59581	-0.59581	-0.59581	-0.59581	-0.59581	-0.59581	
-0.49581	-0.49581	-0.49581	-0.49581	-0.49581	-0.49581	-0.49581	-0.49581	-0.49581	-0.49581	-0.49581	-0.49581	-0.49581	-0.49581	-0.49581	-0.49581	-0.49581	-0.49581	-0.49581	-0.49581	-0.49581	-0.49581	-0.49581	-0.49581	
-0.39581	-0.39581	-0.39581	-0.39581	-0.39581	-0.39581	-0.39581	-0.39581	-0.39581	-0.39581	-0.39581	-0.39581	-0.39581	-0.39581	-0.39581	-0.39581	-0.39581	-0.39581	-0.39581	-0.39581	-0.39581	-0.39581	-0.39581	-0.39581	
-0.29581	-0.29581	-0.29581	-0.29581	-0.29581	-0.29581	-0.29581	-0.29581	-0.29581	-0.29581	-0.29581	-0.29581	-0.29581	-0.29581	-0.29581	-0.29581	-0.29581	-0.29581	-0.29581	-0.29581	-0.29581	-0.29581	-0.29581	-0.29581	
-0.19581	-0.19581	-0.19581	-0.19581	-0.19581	-0.19581	-0.19581	-0.19581	-0.19581	-0.19581	-0.19581	-0.19581	-0.19581	-0.19581	-0.19581	-0.19581	-0.19581	-0.19581	-0.19581	-0.19581	-0.19581	-0.19581	-0.19581	-0.19581	
-0.09581	-0.09581	-0.09581	-0.09581	-0.09581	-0.09581	-0.09581	-0.09581	-0.09581	-0.09581	-0.09581	-0.09581	-0.09581	-0.09581	-0.09581	-0.09581	-0.09581	-0.09581	-0.09581	-0.09581	-0.09581	-0.09581	-0.09581	-0.09581	
0.00419	0.00419	0.00419	0.00419	0.00419	0.00419	0.00419	0.00419	0.00419	0.00419	0.00419	0.00419	0.00419	0.00419	0.00419	0.00419	0.00419	0.00419	0.00419	0.00419	0.00419	0.00419	0.00419	0.00419	
0.10419	0.10419	0.10419	0.10419	0.10419	0.10419	0.10419	0.10419	0.10419	0.10419	0.10419	0.10419	0.10419	0.10419	0.10419	0.10419	0.10419	0.10419	0.10419	0.10419	0.10419	0.10419	0.10419	0.10419	
0.20419	0.20419	0.20419	0.20419	0.20419	0.20419	0.20419	0.20419	0.20419	0.20419	0.20419	0.20419	0.20419	0.20419	0.20419	0.20419	0.20419	0.20419	0.20419	0.20419	0.20419	0.20419	0.20419	0.20419	
0.30419	0.30419	0.30419	0.30419	0.30419	0.30419	0.30419	0.30419	0.30419	0.30419	0.30419	0.30419	0.30419	0.30419	0.30419	0.30419	0.30419	0.30419	0.30419	0.30419	0.30419	0.30419	0.30419	0.30419	
0.40419	0.40419	0.40419	0.40419	0.40419	0.40419	0.40419	0.40419	0.40419	0.40419	0.40419	0.40419	0.40419	0.40419	0.40419	0.40419	0.40419	0.40419	0.40419	0.40419	0.40419	0.40419	0.40419	0.40419	
0.50419	0.50419	0.50419	0.50419	0.50419	0.50419	0.50419	0.50419	0.50419	0.50419	0.50419	0.50419	0.50419	0.50419	0.50419	0.50419	0.50419	0.50419	0.50419	0.50419	0.50419	0.50419	0.50419	0.50419	
0.60419	0.60419	0.60419	0.60419	0.60419	0.60419	0.60419	0.60419	0.60419	0.60419	0.60419	0.60419	0.60419	0.60419	0.60419	0.60419	0.60419	0.60419	0.60419	0.60419	0.60419	0.60419	0.60419	0.60419	
0.70419	0.70419	0.70419	0.70419	0.70419	0.70419	0.70419	0.70419	0.70419	0.70419	0.70419	0.70419	0.70419	0.70419	0.70419	0.70419	0.70419	0.70419	0.70419	0.70419	0.70419	0.70419	0.70419	0.70419	
0.80419	0.80419	0.80419	0.80419	0.80419	0.80419	0.80419	0.80419	0.80419	0.80419	0.80419	0.80419	0.80419	0.80419	0.80419	0.80419	0.80419	0.80419	0.80419	0.80419	0.80419	0.80419	0.80419	0.80419	
0.90419	0.90419	0.90419	0.90419	0.90419	0.90419	0.90419	0.90419	0.90419	0.90419	0.90419	0.90419	0.90419	0.90419	0.90419	0.90419	0.90419	0.90419	0.90419	0.90419	0.90419	0.90419	0.90419	0.90419	
1.00419	1.00419	1.00419	1.00419	1.00419	1.00419	1.00419	1.00419	1.00419	1.00419	1.00419	1.00419	1.00419	1.00419	1.00419	1.00419	1.00419	1.00419	1.00419	1.00419	1.00419	1.00419	1.00419	1.00419	
1.10419	1.10419	1.10419	1.10419	1.10419	1.10419	1.10419	1.10419	1.10419	1.10419	1.10419	1.10419	1.10419	1.10419	1.10419	1.10419	1.10419	1.10419	1.10419	1.10419	1.10419	1.10419	1.10419	1.10419	
1.20419	1.20419	1.20419	1.20419	1.20419	1.20419	1.20419	1.20419	1.20419	1.20419	1.20419	1.20419	1.20419	1.20419	1.20419	1.20419	1.20419	1.20419	1.20419	1.20419	1.20419	1.20419	1.20419	1.20419	
-0.59686	-0.59686	-0.59686	-0.59686	-0.59686	-0.59686	-0.59686	-0.59686	-0.59686	-0.59686	-0.59686	-0.59686	-0.59686	-0.59686	-0.59686	-0.59686	-0.59686	-0.59686	-0.59686	-0.59686	-0.59686	-0.59686	-0.59686	-0.59686	
-0.49686	-0.49686	-0.49686	-0.49686	-0.49686	-0.49686	-0.49686	-0.49686	-0.49686	-0.49686	-0.49686	-0.49686	-0.49686	-0.49686	-0.49686	-0.49686	-0.49686	-0.49686	-0.49686	-0.49686	-0.49686	-0.49686	-0.49686	-0.49686	
-0.39686	-0.39686	-0.39686	-0.39686	-0.39686	-0.39686	-0.39686	-0.39686	-0.39686	-0.39686	-0.39686	-0.39686	-0.39686	-0.39686	-0.39686	-0.39686	-0.39686	-0.39686	-0.39686	-0.39686	-0.39686	-0.39686	-0.39686	-0.39686	
-0.29686	-0.29686	-0.29686	-0.29686	-0.29686	-0.29686	-0.29686	-0.29686	-0.29686	-0.29686	-0.29686	-0.29686	-0.29686	-0.29686	-0.29686	-0.29686	-0.29686	-0.29686	-0.29686	-0.29686	-0.29686	-0.29686	-0.29686	-0.29686	
-0.19686	-0.19686	-0.19686	-0.19686	-0.19686	-0.19686	-0.19686	-0.19686	-0.19686	-0.19686	-0.19686	-0.19686	-0.19686	-0.19686	-0.19686	-0.19686	-0.19686	-0.19686	-0.19686	-0.19686	-0.19686	-0.19686	-0.19686	-0.19686	
-0.09686	-0.09686	-0.09686	-0.09686	-0.09686	-0.09686	-0.09686	-0.09686	-0.09686	-0.09686	-0.09686	-0.09686	-0.09686	-0.09686	-0.09686	-0.09686	-0.09686	-0.09686	-0.09686	-0.09686	-0.09686	-0.09686	-0.09686	-0.09686	
0.00314	0.00314	0.00314	0.00314	0.00314	0.00314	0.00314	0.00314	0.00314	0.00314	0.00314	0.00314	0.00314	0.00314	0.00314	0.00314	0.00314	0.00314	0.00314	0.00314	0.00314	0.00314	0.00314	0.00314	
0.10314	0.10314	0.10314	0.10314	0.10314	0.10314	0.10314	0.10314	0.10314	0.10314	0.10314	0.10314	0.10314	0.10314	0.10314	0.10314	0.10314	0.10314	0.10314	0.10314	0.10314	0.10314	0.10314	0.10314	
0.20314	0.20314	0.20314	0.20314	0.20314	0.20314	0.20314	0.20314	0.20314	0.20314	0.20314	0.20314	0.20314	0.20314	0.20314	0.20314	0.20314	0.20314	0.20314	0.20314	0.20314	0.20314	0.20314	0.20314	
0.30314	0.30314	0.30314	0.30314	0.30314	0.30314	0.30314	0.30314	0.30314	0.30314	0.30314	0.30314	0.30314	0.30314	0.30314	0.30314	0.30314	0.30314	0.30314	0.30314	0.30314	0.30314	0.30314	0.30314	
0.40314	0.40314	0.40314	0.40314	0.40314	0.40314	0.40314	0.40314	0.40314	0.40314	0.40314	0.40314	0.40314	0.40314	0.40314	0.40314	0.40314	0.40314	0.40314	0.40314	0.40314	0.40314	0.40314	0.40314	
0.50314	0.50314	0.50314	0.50314	0.50314	0.50314	0.50314	0.50314	0.50314	0.50314	0.50314	0.50314	0.50314	0.50314	0.50314	0.50314	0.50314	0.50314	0.50314	0.50314	0.50314	0.50314	0.50314	0.50314	
0.60314	0.60314	0.60314	0.60314	0.60314	0.60314	0.60314	0.60314	0.60314	0.60314	0.60314	0.60314	0.60314	0.60314	0.60314	0.60314	0.60314	0.60314	0.60314	0.60314	0.60314	0.60314	0.60314	0.60314	
0.70314	0.70314	0.70314	0.70314	0.70314	0.70314	0.70314	0.70314	0.70314	0.70314	0.70314	0.70314	0.70314	0.70314	0.70314	0.70314	0.70314	0.70314	0.70314	0.70314	0.70314	0.70314	0.70314	0.70314	
0.80314	0.80314	0.80314	0.80314	0.80314	0.80314	0.80314	0.80314	0.80314	0.80314	0.80314	0.80314	0.80314	0.80314	0.80314	0.80314	0.80314	0.80314	0.80314	0.80314	0.80314	0.80314	0.80314	0.80314	
0.90314	0.90314	0.90314	0.90314	0.90314	0.90314	0.90314	0.90314	0.90314	0.90314	0.90314	0.90314	0.90314	0.90314	0.90314	0.90314	0.90314	0.90314	0.90314	0.90314	0.90314	0.90314	0.90314	0.90314	
1.00314	1.00314	1.00314	1.00314	1.00314	1.00314	1.00314	1.00314	1.00314	1.00314	1.00314	1.00314	1.00314	1.00314	1.00314	1.00314	1.00314	1.00314	1.00314	1.00314	1.00314	1.00314	1.00314	1.00314	
1.10314	1.10314	1.10314	1.10314	1.10314	1.10314	1.10314	1.10314	1.10314	1.10314	1.10314	1.10314	1.10314	1.10314	1.10314	1.10314	1.10314	1.10314	1.10314	1.10314	1.10314	1.10314	1.10314	1.10314	
1.20314	1.20314	1.20314	1.20314	1.20314	1.20314	1.20314	1.20314	1.20314	1.20314	1.20314	1.20314	1.20314	1.20314	1.20314	1.20314	1.20314	1.20314	1.20314	1.20314	1.20314	1.20314	1.20314	1.20314	
1.30314	1.30314	1.30314	1.30314	1.30314	1.30314	1.30314	1.30314	1.30314	1.30314	1.30314	1.30314	1.30314	1.30314	1.30314	1.30314	1.30314	1.30314	1.30314	1.30314	1.30314	1.30314	1.30314	1.30314	
1.40314	1.40314	1.40314	1.40314	1.40314	1.40314	1.40314	1.40314	1.40314	1.40314	1.40314	1.40314	1.40314	1.40314	1.40314	1.40314	1.40314	1.40314	1.40314	1.40314	1.40314	1.40314	1.40314	1.40314	
-0.39791	-0.39791	-0.39791	-0.39791	-0.39791	-0.39791	-0.39791	-0.39791	-0.39791	-0.39791	-0.39791	-0.39791	-0.39791	-0.39791	-0.39791	-0.39791	-0.39791	-0.39791	-0.39791	-0.39791	-0.39791	-0.39791	-0.39791	-0.39791	
-0.29791	-0.29791	-0.29791	-0.29791	-0.29791	-0.29791	-0.29791	-0.29791	-0.29791	-0.29791	-0.29791	-0.29791	-0.29791	-0.29791	-0.29791	-0.29791	-0.29791	-0.29791	-0.29791	-0.29791	-0.29791	-0.29791	-0.29791	-0.29791	
-0.19791	-0.19791	-0.19791	-0.19791	-0.19791	-0.19791	-0.19791	-0.19791	-0.19791	-0.19791	-0.19791	-0.19791	-0.19791	-0.19791	-0.19791	-0.19791	-0.19791	-0.19791	-0.19791	-0.19791	-0.19791	-0.19791	-0.19791	-0.19791	
-0.09791	-0.09791	-0.09791	-0.09791	-0.09791	-0.09791	-0.09791	-0.09791	-0.09791	-0.09791	-0.09791	-0.09791	-0.09791	-0.09791	-0.09791	-0.09791	-0.09791	-0.09791	-0.09791	-0.09791	-0.09791	-0.09791	-0.09791	-0.09791	
0.00209	0.00209	0.00209	0.00209	0.00209	0.00209	0.00209	0.00209	0.00209	0.00209	0.00209	0.00209	0.00209	0.00209	0.00209	0.00209	0.00209	0.00209	0.00209	0.00209	0.00209	0.00209	0.00209	0.00209	
0.10209	0.10209	0.10209	0.10209	0.10209	0.10209	0.10209	0.10209	0.10209	0.10209	0.10209	0.10209	0.10209	0.10209	0.10209	0.10209	0.10209	0.10209	0.10209	0.10209	0.10209	0.10209	0.10209	0.10209	
0.20209	0.20209	0.20209	0.20209	0.20209	0.20209	0.20209	0.20209	0.20209	0.20209	0.20209	0.20209	0.20209	0.20209	0.20209	0.20209	0.20209	0.20209	0.20209	0.20209	0.20209	0.20209	0.20209	0.20209	
0.30209	0.30209	0.30209	0.30209	0.30209	0.30209	0.30209	0.30209	0.30209	0.30209	0.30209	0.30209	0.30209	0.30209	0.30209	0.30209	0.30209	0.30209	0.30209	0.30209	0.30209	0.30209	0.30209	0.30209	
0.40209	0.40209	0.40209	0.40209	0.40209	0.40209	0.40209	0.40209	0.40209	0.40209	0.40209	0.40209	0.40209	0.40209	0.40209	0.40209	0.40209	0.40209	0.40209	0.40209	0.40209	0.40209	0.40209	0.40209	
0.50209	0.50209	0.50209	0.50209	0.50209	0.50209	0.50209	0.50209	0.50209	0.50209	0.50209	0.50209	0.50209	0.50209	0.50209	0.50209	0.50209	0.50209	0.50209	0.50209	0.50209	0.50209	0.50209	0.50209	
0.60209	0.60209	0.60209	0.60209	0.60209	0.60209	0.60209	0.60209	0.60209	0.60209	0.60209	0.60209	0.60209	0.60209	0.60209	0.60209	0.60209	0.60209	0.60209	0.60209	0.60209	0.60209	0.60209	0.60209	
0.70209	0.70209	0.70209	0.70209	0.70209	0.70209	0.70209	0.70209	0.70209	0.70209	0.70209	0.70209	0.70209	0.70209	0.70209	0.70209	0.70209	0.70209	0.70209	0.70209	0.70209	0.70209	0.70209	0.70209	
0.80209	0.80209	0.80209	0.80209	0.80209	0.80209	0.80209	0.80209	0.80209	0.80209	0.80209	0.80209	0.80209	0.80209	0.80209	0.80209	0.80209	0.80209	0.80209	0.80209	0.80209	0.80209	0.80209	0.80209	
0.90209	0.90209	0.90209	0.90209	0.90209	0.90209	0.90209	0.90209	0.90209	0.90209	0.90209	0.90209	0.90209	0.90209	0.90209	0.90209	0.90209	0.90209	0.90209	0.90209	0.90209	0.90209	0.90209	0.90209	
1.00209	1.00209	1.00209	1.00209	1.00209	1.00209	1.00209	1.00209	1.00209	1.00209	1.00209	1.00209	1.00209	1.00209	1.00209	1.00209	1.00209	1.00209	1.00209	1.00209	1.00209	1.00209	1.00209	1.00209	
1.10209	1.10209	1.10209	1.10209	1.10209	1.10209	1.10209	1.10209	1.10209	1.10209	1.10209	1.10209	1.10209	1.10209	1.10209	1.10209	1.10209	1.10209	1.10209	1.10209	1.10209	1.10209	1.10209	1.10209	
1.20209	1.20209	1.20209	1.20209	1.20209	1.20209	1.20209	1.20209	1.20209	1.20209	1.20209	1.20209	1.20209	1.20209	1.20209	1.20209	1.20209	1.20209	1.20209	1.20209	1.20209	1.20209	1.20209	1.20209	
1.30209	1.30209	1.30209	1.30209	1.30209	1.30209	1.30209	1.30209	1.30209	1.30209	1.30209	1.30209	1.30209	1.30209	1.30209	1.30209	1.30209	1.30209	1.30209	1.30209	1.30209	1.30209	1.30209	1.30209	
1.40209	1.40209	1.40209	1.40209	1.40209	1.40209	1.40209	1.40209	1.40209	1.40209	1.40209	1.40209	1.40209	1.40209	1.40209	1.40209	1.40209	1.40209	1.40209	1.40209	1.40209	1.40209	1.40209	1.40209	
1.50209	1.50209	1.50209	1.50209	1.50209	1.50209	1.50209	1.50209	1.50209	1.50209	1.50209	1.50209	1.50209	1.50209	1.50209	1.50209	1.50209	1.50209	1.50209	1.50209	1.50209	1.50209	1.50209	1.50209	
1.60209	1.60209	1.60209	1.60209	1.60209	1.60209	1.60209	1.60209	1.60209	1.60209	1.60209	1.60209	1.60209	1.60209	1.60209	1.60209	1.60209	1.60209	1.60209	1.60209	1.60209	1.60209	1.60209	1.60209	
-0.19895	-0.19895	-0.19895	-0.19895	-0.19895	-0.19895	-0.19895	-0.19895	-0.19895	-0.19895	-0.19895	-0.19895	-0.19895	-0.19895	-0.19895	-0.19895	-0.19895	-0.19895	-0.19895	-0.19895	-0.19895	-0.19895	-0.19895	-0.19895	
-0.09895	-0.09895	-0.09895	-0.09895	-0.09895	-0.09895	-0.09895	-0.09895	-0.09895	-0.09895	-0.09895	-0.09895	-0.09895	-0.09895	-0.09895	-0.09895	-0.09895	-0.09895	-0.09895	-0.09895	-0.09895	-0.09895	-0.09895	-0.09895	
0.00105	0.00105	0.00105	0.00105	0.00105	0.00105	0.00105	0.00105	0.00105	0.00105	0.00105	0.00105	0.00105	0.00105	0.00105	0.00105	0.00105	0.00105	0.00105	0.00105	0.00105	0.00105	0.00105	0.00105	
0.10105	0.10105	0.10105	0.10105	0.10105	0.10105	0.10105	0.10105	0.10105	0.10105	0.10105	0.10105	0.10105	0.10105	0.10105	0.10105	0.10105	0.10105	0.10105	0.10105	0.10105	0.10105	0.10105	0.10105	
0.20105	0.20105	0.20105	0.20105	0.20105	0.20105	0.20105	0.20105	0.20105	0.20105	0.20105	0.20105	0.20105	0.20105	0.20105	0.20105	0.20105	0.20105	0.20105	0.20105	0.20105	0.20105	0.20105	0.20105	
0.30105	0.30105	0.30105	0.30105	0.30105	0.30105	0.30105	0.30105	0.30105	0.30105	0.30105	0.30105	0.30105	0.30105	0.30105	0.30105	0.30105	0.30105	0.30105	0.30105	0.30105	0.30105	0.30105	0.30105	
0.40105	0.40105	0.40105	0.40105	0.40105	0.40105	0.40105	0.40105	0.40105	0.40105	0.40105	0.40105	0.40105	0.40105	0.40105	0.40105	0.40105	0.40105	0.40105	0.40105	0.40105	0.40105	0.40105	0.40105	
0.50105	0.50105	0.50105	0.50105	0.50105	0.50105	0.50105	0.50105	0.50105	0.50105	0.50105	0.50105	0.50105	0.50105	0.50105	0.50105	0.50105	0.50105	0.50105	0.50105	0.50105	0.50105	0.50105	0.50105	
0.60105	0.60105	0.60105	0.60105	0.60105	0.60105	0.60105	0.60105	0.60105	0.60105	0.60105	0.60105	0.60105	0.60105	0.60105	0.60105	0.60105	0.60105	0.60105	0.60105	0.60105	0.60105	0.60105	0.60105	
0.70105	0.70105	0.70105	0.70105	0.70105	0.70105	0.70105	0.70105	0.70105	0.70105	0.70105	0.70105	0.70105	0.70105	0.70105	0.70105	0.70105	0.70105	0.70105	0.70105	0.70105	0.70105	0.70105	0.70105	
0.80105	0.80105	0.80105	0.80105	0.80105	0.80105	0.80105	0.80105	0.80105	0.80105	0.80105	0.80105	0.80105	0.80105	0.80105	0.80105	0.80105	0.80105	0.80105	0.80105	0.80105	0.80105	0.80105	0.80105	
0.90105	0.90105	0.90105	0.90105	0.90105	0.90105	0.90105	0.90105	0.90105	0.90105	0.90105	0.90105	0.90105	0.90105	0.90105	0.90105	0.90105	0.90105	0.90105	0.90105	0.90105	0.90105	0.90105	0.90105	
1.00105	1.00105	1.00105	1.00105	1.00105	1.00105	1.00105	1.00105	1.00105	1.00105	1.00105	1.00105	1.00105	1.00105	1.00105	1.00105	1.00105	1.00105	1.00105	1.00105	1.00105	1.00105	1.00105	1.00105	
1.10105	1.10105	1.10105	1.10105	1.10105	1.10105	1.10105	1.10105	1.10105	1.10105	1.10105	1.10105	1.10105	1.10105	1.10105	1.10105	1.10105	1.10105	1.10105	1.10105	1.10105	1.10105	1.10105	1.10105	
1.20105	1.20105	1.20105	1.20105	1.20105	1.20105	1.20105	1.20105	1.20105	1.20105	1.20105	1.20105	1.20105	1.20105	1.20105	1.20105	1.20105	1.20105	1.20105	1.20105	1.20105	1.20105	1.20105	1.20105	
1.30105	1.30105	1.30105	1.30105	1.30105	1.30105	1.30105	1.30105	1.30105	1.30105	1.30105	1.30105	1.30105	1.30105	1.30105	1.30105	1.30105	1.30105	1.30105	1.30105	1.30105	1.30105	1.30105	1.30105	
1.40105	1.40105	1.40105	1.40105	1.40105	1.40105	1.40105	1.40105	1.40105	1.40105	1.40105	1.40105	1.40105	1.40105	1.40105	1.40105	1.40105	1.40105	1.40105	1.40105	1.40105	1.40105	1.40105	1.40105	
1.50105	1.50105	1.50105	1.50105	1.50105	1.50105	1.50105	1.50105	1.50105	1.50105	1.50105	1.50105	1.50105	1.50105	1.50105	1.50105	1.50105	1.50105	1.50105	1.50105	1.50105	1.50105	1.50105	1.50105	
1.60105	1.60105	1.60105	1.60105	1.60105	1.60105	1.60105	1.60105	1.60105	1.60105	1.60105	1.60105	1.60105	1.60105	1.60105	1.60105	1.60105	1.60105	1.60105	1.60105	1.60105	1.60105	1.60105	1.60105	
1.70105	1.70105	1.70105	1.70105	1.70105	1.70105	1.70105	1.70105	1.70105	1.70105	1.70105	1.70105	1.70105	1.70105	1.70105	1.70105	1.70105	1.70105	1.70105	1.70105	1.70105	1.70105	1.70105	1.70105	
1.80105	1.80105	1.80105	1.80105	1.80105	1.80105	1.80105	1.80105	1.80105	1.80105	1.80105	1.80105	1.80105	1.80105	1.80105	1.80105	1.80105	1.80105	1.80105	1.80105	1.80105	1.80105	1.80105	1.80105	
0.00000	0.00000	0.00000	0.00000	0.00000	0.00000	0.00000	0.00000	0.00000	0.00000	0.00000	0.00000	0.00000	0.00000	0.00000	0.00000	0.00000	0.00000	0.00000	0.00000	0.00000	0.00000	0.00000	0.00000	
0.10000	0.10000	0.10000	0.10000	0.10000	0.10000	0.10000	0.10000	0.10000	0.10000	0.10000	0.10000	0.10000	0.10000	0.10000	0.10000	0.10000	0.10000	0.10000	0.10000	0.10000	0.10000	0.10000	0.10000	
0.20000	0.20000	0.20000	0.20000	0.20000	0.20000	0.20000	0.20000	0.20000	0.20000	0.20000	0.20000	0.20000	0.20000	0.20000	0.20000	0.20000	0.20000	0.20000	0.20000	0.20000	0.20000	0.20000	0.20000	
0.30000	0.30000	0.30000	0.30000	0.30000	0.30000	0.30000	0.30000	0.30000	0.30000	0.30000	0.30000	0.30000	0.30000	0.30000	0.30000	0.30000	0.30000	0.30000	0.30000	0.30000	0.30000	0.30000	0.30000	
0.40000	0.40000	0.40000	0.40000	0.40000	0.40000	0.40000	0.40000	0.40000	0.40000	0.40000	0.40000	0.40000	0.40000	0.40000	0.40000	0.40000	0.40000	0.40000	0.40000	0.40000	0.40000	0.40000	0.40000	
0.50000	0.50000	0.50000	0.50000	0.50000	0.50000	0.50000	0.50000	0.50000	0.50000	0.50000	0.50000	0.50000	0.50000	0.50000	0.50000	0.50000	0.50000	0.50000	0.50000	0.50000	0.50000	0.50000	0.50000	
0.60000	0.60000	0.60000	0.60000	0.60000	0.60000	0.60000	0.60000	0.60000	0.60000	0.60000	0.60000	0.60000	0.60000	0.60000	0.60000	0.60000	0.60000	0.60000	0.60000	0.60000	0.60000	0.60000	0.60000	
0.70000	0.70000	0.70000	0.70000	0.70000	0.70000	0.70000	0.70000	0.70000	0.70000	0.70000	0.70000	0.70000	0.70000	0.70000	0.70000	0.70000	0.70000	0.70000	0.70000	0.70000	0.70000	0.70000	0.70000	
0.80000	0.80000	0.80000	0.80000	0.80000	0.80000	0.80000	0.80000	0.80000	0.80000	0.80000	0.80000	0.80000	0.80000	0.80000	0.80000	0.80000	0.80000	0.80000	0.80000	0.80000	0.80000	0.80000	0.80000	
0.90000	0.90000	0.90000	0.90000	0.90000	0.90000	0.90000	0.90000	0.90000	0.90000	0.90000	0.90000	0.90000	0.90000	0.90000	0.90000	0.90000	0.90000	0.90000	0.90000	0.90000	0.90000	0.90000	0.90000	
1.00000	1.00000	1.00000	1.00000	1.00000	1.00000	1.00000	1.00000	1.00000	1.00000	1.00000	1.00000	1.00000	1.00000	1.00000	1.00000	1.00000	1.00000	1.00000	1.00000	1.00000	1.00000	1.00000	1.00000	
1.10000	1.10000	1.10000	1.10000	1.10000	1.10000	1.10000	1.10000	1.10000	1.10000	1.10000	1.10000	1.10000	1.10000	1.10000	1.10000	1.10000	1.10000	1.10000	1.10000	1.10000	1.10000	1.10000	1.10000	
1.20000	1.20000	1.20000	1.20000	1.20000	1.20000	1.20000	1.20000	1.20000	1.20000	1.20000	1.20000	1.20000	1.20000	1.20000	1.20000	1.20000	1.20000	1.20000	1.20000	1.20000	1.20000	1.20000	1.20000	
1.30000	1.30000	1.30000	1.30000	1.30000	1.30000	1.30000	1.30000	1.30000	1.30000	1.30000	1.30000	1.30000	1.30000	1.30000	1.30000	1.30000	1.30000	1.30000	1.30000	1.30000	1.30000	1.30000	1.30000	
1.40000	1.40000	1.40000	1.40000	1.40000	1.40000	1.40000	1.40000	1.40000	1.40000	1.40000	1.40000	1.40000	1.40000	1.40000	1.40000	1.40000	1.40000	1.40000	1.40000	1.40000	1.40000	1.40000	1.40000	
1.50000	1.50000	1.50000	1.50000	1.50000	1.50000	1.50000	1.50000	1.50000	1.50000	1.50000	1.50000	1.50000	1.50000	1.50000	1.50000	1.50000	1.50000	1.50000	1.50000	1.50000	1.50000	1.50000	1.50000	
1.60000	1.60000	1.60000	1.60000	1.60000	1.60000	1.60000	1.60000	1.60000	1.60000	1.60000	1.60000	1.60000	1.60000	1.60000	1.60000	1.60000	1.60000	1.60000	1.60000	1.60000	1.60000	1.60000	1.60000	
1.70000	1.70000	1.70000	1.70000	1.70000	1.70000	1.70000	1.70000	1.70000	1.70000	1.70000	1.70000	1.70000	1.70000	1.70000	1.70000	1.70000	1.70000	1.70000	1.70000	1.70000	1.70000	1.70000	1.70000	
1.80000	1.80000	1.80000	1.80000	1.80000	1.80000	1.80000	1.80000	1.80000	1.80000	1.80000	1.80000	1.80000	1.80000	1.80000	1.80000	1.80000	1.80000	1.80000	1.80000	1.80000	1.80000	1.80000	1.80000	
1.90000	1.90000	1.90000	1.90000	1.90000	1.90000	1.90000	1.90000	1.90000	1.90000	1.90000	1.90000	1.90000	1.90000	1.90000	1.90000	1.90000	1.90000	1.90000	1.90000	1.90000	1.90000	1.90000	1.90000	
2.00000	2.00000	2.00000	2.00000	2.00000	2.00000	2.00000	2.00000	2.00000	2.00000	2.00000	2.00000	2.00000	2.00000	2.00000	2.00000	2.00000	2.00000	2.00000	2.00000	2.00000	2.00000	2.00000	2.00000	
0.19895	0.19895	0.19895	0.19895	0.19895	0.19895	0.19895	0.19895	0.19895	0.19895	0.19895	0.19895	0.19895	0.19895	0.19895	0.19895	0.19895	0.19895	0.19895	0.19895	0.19895	0.19895	0.19895	0.19895	
0.29895	0.29895	0.29895	0.29895	0.29895	0.29895	0.29895	0.29895	0.29895	0.29895	0.29895	0.29895	0.29895	0.29895	0.29895	0.29895	0.29895	0.29895	0.29895	0.29895	0.29895	0.29895	0.29895	0.29895	
0.39895	0.39895	0.39895	0.39895	0.39895	0.39895	0.39895	0.39895	0.39895	0.39895	0.39895	0.39895	0.39895	0.39895	0.39895	0.39895	0.39895	0.39895	0.39895	0.39895	0.39895	0.39895	0.39895	0.39895	
0.49895	0.49895	0.49895	0.49895	0.49895	0.49895	0.49895	0.49895	0.49895	0.49895	0.49895	0.49895	0.49895	0.49895	0.49895	0.49895	0.49895	0.49895	0.49895	0.49895	0.49895	0.49895	0.49895	0.49895	
0.59895	0.59895	0.59895	0.59895	0.59895	0.59895	0.59895	0.59895	0.59895	0.59895	0.59895	0.59895	0.59895	0.59895	0.59895	0.59895	0.59895	0.59895	0.59895	0.59895	0.59895	0.59895	0.59895	0.59895	
0.69895	0.69895	0.69895	0.69895	0.69895	0.69895	0.69895	0.69895	0.69895	0.69895	0.69895	0.69895	0.69895	0.69895	0.69895	0.69895	0.69895	0.69895	0.69895	0.69895	0.69895	0.69895	0.69895	0.69895	
0.79895	0.79895	0.79895	0.79895	0.79895	0.79895	0.79895	0.79895	0.79895	0.79895	0.79895	0.79895	0.79895	0.79895	0.79895	0.79895	0.79895	0.79895	0.79895	0.79895	0.79895	0.79895	0.79895	0.79895	
0.89895	0.89895	0.89895	0.89895	0.89895	0.89895	0.89895	0.89895	0.89895	0.89895	0.89895	0.89895	0.89895	0.89895	0.89895	0.89895	0.89895	0.89895	0.89895	0.89895	0.89895	0.89895	0.89895	0.89895	
0.99895	0.99895	0.99895	0.99895	0.99895	0.99895	0.99895	0.99895	0.99895	0.99895	0.99895	0.99895	0.99895	0.99895	0.99895	0.99895	0.99895	0.99895	0.99895	0.99895	0.99895	0.99895	0.99895	0.99895	
1.09895	1.09895	1.09895	1.09895	1.09895	1.09895	1.09895	1.09895	1.09895	1.09895	1.09895	1.09895	1.09895	1.09895	1.09895	1.09895	1.09895	1.09895	1.09895	1.09895	1.09895	1.09895	1.09895	1.09895	
1.19895	1.19895	1.19895	1.19895	1.19895	1.19895	1.19895	1.19895	1.19895	1.19895	1.19895	1.19895	1.19895	1.19895	1.19895	1.19895	1.19895	1.19895	1.19895	1.19895	1.19895	1.19895	1.19895	1.19895	
1.29895	1.29895	1.29895	1.29895	1.29895	1.29895	1.29895	1.29895	1.29895	1.29895	1.29895	1.29895	1.29895	1.29895	1.29895	1.29895	1.29895	1.29895	1.29895	1.29895	1.29895	1.29895	1.29895	1.29895	
1.39895	1.39895	1.39895	1.39895	1.39895	1.39895	1.39895	1.39895	1.39895	1.39895	1.39895	1.39895	1.39895	1.39895	1.39895	1.39895	1.39895	1.39895	1.39895	1.39895	1.39895	1.39895	1.39895	1.39895	
1.49895	1.49895	1.49895	1.49895	1.49895	1.49895	1.49895	1.49895	1.49895	1.49895	1.49895	1.49895	1.49895	1.49895	1.49895	1.49895	1.49895	1.49895	1.49895	1.49895	1.49895	1.49895	1.49895	1.49895	
1.59895	1.59895	1.59895	1.59895	1.59895	1.59895	1.59895	1.59895	1.59895	1.59895	1.59895	1.59895	1.59895	1.59895	1.59895	1.59895	1.59895	1.59895	1.59895	1.59895	1.59895	1.59895	1.59895	1.59895	
1.69895	1.69895	1.69895	1.69895	1.69895	1.69895	1.69895	1.69895	1.69895	1.69895	1.69895	1.69895	1.69895	1.69895	1.69895	1.69895	1.69895	1.69895	1.69895	1.69895	1.69895	1.69895	1.69895	1.69895	
1.79895	1.79895	1.79895	1.79895	1.79895	1.79895	1.79895	1.79895	1.79895	1.79895	1.79895	1.79895	1.79895	1.79895	1.79895	1.79895	1.79895	1.79895	1.79895	1.79895	1.79895	1.79895	1.79895	1.79895	
1.89895	1.89895	1.89895	1.89895	1.89895	1.89895	1.89895	1.89895	1.89895	1.89895	1.89895	1.89895	1.89895	1.89895	1.89895	1.89895	1.89895	1.89895	1.89895	1.89895	1.89895	1.89895	1.89895	1.89895	
1.99895	1.99895	1.99895	1.99895	1.99895	1.99895	1.99895	1.99895	1.99895	1.99895	1.99895	1.99895	1.99895	1.99895	1.99895	1.99895	1.99895	1.99895	1.99895	1.99895	1.99895	1.99895	1.99895	1.99895	
2.09895	2.09895	2.09895	2.09895	2.09895	2.09895	2.09895	2.09895	2.09895	2.09895	2.09895	2.09895	2.09895	2.09895	2.09895	2.09895	2.09895	2.09895	2.09895	2.09895	2.09895	2.09895	2.09895	2.09895	
2.19895	2.19895	2.19895	2.19895	2.19895	2.19895	2.19895	2.19895	2.19895	2.19895	2.19895	2.19895	2.19895	2.19895	2.19895	2.19895	2.19895	2.19895	2.19895	2.19895	2.19895	2.19895	2.19895	2.19895	
0.39791	0.39791	0.39791	0.39791	0.39791	0.39791	0.39791	0.39791	0.39791	0.39791	0.39791	0.39791	0.39791	0.39791	0.39791	0.39791	0.39791	0.39791	0.39791	0.39791	0.39791	0.39791	0.39791	0.39791	
0.49791	0.49791	0.49791	0.49791	0.49791	0.49791	0.49791	0.49791	0.49791	0.49791	0.49791	0.49791	0.49791	0.49791	0.49791	0.49791	0.49791	0.49791	0.49791	0.49791	0.49791	0.49791	0.49791	0.49791	
0.59791	0.59791	0.59791	0.59791	0.59791	0.59791	0.59791	0.59791	0.59791	0.59791	0.59791	0.59791	0.59791	0.59791	0.59791	0.59791	0.59791	0.59791	0.59791	0.59791	0.59791	0.59791	0.59791	0.59791	
0.69791	0.69791	0.69791	0.69791	0.69791	0.69791	0.69791	0.69791	0.69791	0.69791	0.69791	0.69791	0.69791	0.69791	0.69791	0.69791	0.69791	0.69791	0.69791	0.69791	0.69791	0.69791	0.69791	0.69791	
0.79791	0.79791	0.79791	0.79791	0.79791	0.79791	0.79791	0.79791	0.79791	0.79791	0.79791	0.79791	0.79791	0.79791	0.79791	0.79791	0.79791	0.79791	0.79791	0.79791	0.79791	0.79791	0.79791	0.79791	
0.89791	0.89791	0.89791	0.89791	0.89791	0.89791	0.89791	0.89791	0.89791	0.89791	0.89791	0.89791	0.89791	0.89791	0.89791	0.89791	0.89791	0.89791	0.89791	0.89791	0.89791	0.89791	0.89791	0.89791	
0.99791	0.99791	0.99791	0.99791	0.99791	0.99791	0.99791	0.99791	0.99791	0.99791	0.99791	0.99791	0.99791	0.99791	0.99791	0.99791	0.99791	0.99791	0.99791	0.99791	0.99791	0.99791	0.99791	0.99791	
1.09791	1.09791	1.09791	1.09791	1.09791	1.09791	1.09791	1.09791	1.09791	1.09791	1.09791	1.09791	1.09791	1.09791	1.09791	1.09791	1.09791	1.09791	1.09791	1.09791	1.09791	1.09791	1.09791	1.09791	
1.19791	1.19791	1.19791	1.19791	1.19791	1.19791	1.19791	1.19791	1.19791	1.19791	1.19791	1.19791	1.19791	1.19791	1.19791	1.19791	1.19791	1.19791	1.19791	1.19791	1.19791	1.19791	1.19791	1.19791	
1.29791	1.29791	1.29791	1.29791	1.29791	1.29791	1.29791	1.29791	1.29791	1.29791	1.29791	1.29791	1.29791	1.29791	1.29791	1.29791	1.29791	1.29791	1.29791	1.29791	1.29791	1.29791	1.29791	1.29791	
1.39791	1.39791	1.39791	1.39791	1.39791	1.39791	1.39791	1.39791	1.39791	1.39791	1.39791	1.39791	1.39791	1.39791	1.39791	1.39791	1.39791	1.39791	1.39791	1.39791	1.39791	1.39791	1.39791	1.39791	
1.49791	1.49791	1.49791	1.49791	1.49791	1.49791	1.49791	1.49791	1.49791	1.49791	1.49791	1.49791	1.49791	1.49791	1.49791	1.49791	1.49791	1.49791	1.49791	1.49791	1.49791	1.49791	1.49791	1.49791	
1.59791	1.59791	1.59791	1.59791	1.59791	1.59791	1.59791	1.59791	1.59791	1.59791	1.59791	1.59791	1.59791	1.59791	1.59791	1.59791	1.59791	1.59791	1.59791	1.59791	1.59791	1.59791	1.59791	1.59791	
1.69791	1.69791	1.69791	1.69791	1.69791	1.69791	1.69791	1.69791	1.69791	1.69791	1.69791	1.69791	1.69791	1.69791	1.69791	1.69791	1.69791	1.69791	1.69791	1.69791	1.69791	1.69791	1.69791	1.69791	
1.79791	1.79791	1.79791	1.79791	1.79791	1.79791	1.79791	1.79791	1.79791	1.79791	1.79791	1.79791	1.79791	1.79791	1.79791	1.79791	1.79791	1.79791	1.79791	1.79791	1.79791	1.79791	1.79791	1.79791	
1.89791	1.89791	1.89791	1.89791	1.89791	1.89791	1.89791	1.89791	1.89791	1.89791	1.89791	1.89791	1.89791	1.89791	1.89791	1.89791	1.89791	1.89791	1.89791	1.89791	1.89791	1.89791	1.89791	1.89791	
1.99791	1.99791	1.99791	1.99791	1.99791	1.99791	1.99791	1.99791	1.99791	1.99791	1.99791	1.99791	1.99791	1.99791	1.99791	1.99791	1.99791	1.99791	1.99791	1.99791	1.99791	1.99791	1.99791	1.99791	
2.09791	2.09791	2.09791	2.09791	2.09791	2.09791	2.09791	2.09791	2.09791	2.09791	2.09791	2.09791	2.09791	2.09791	2.09791	2.09791	2.09791	2.09791	2.09791	2.09791	2.09791	2.09791	2.09791	2.09791	
2.19791	2.19791	2.19791	2.19791	2.19791	2.19791	2.19791	2.19791	2.19791	2.19791	2.19791	2.19791	2.19791	2.19791	2.19791	2.19791	2.19791	2.19791	2.19791	2.19791	2.19791	2.19791	2.19791	2.19791	
2.29791	2.29791	2.29791	2.29791	2.29791	2.29791	2.29791	2.29791	2.29791	2.29791	2.29791	2.29791	2.29791	2.29791	2.29791	2.29791	2.29791	2.29791	2.29791	2.29791	2.29791	2.29791	2.29791	2.29791	
2.39791	2.39791	2.39791	2.39791	2.39791	2.39791	2.39791	2.39791	2.39791	2.39791	2.39791	2.39791	2.39791	2.39791	2.39791	2.39791	2.39791	2.39791	2.39791	2.39791	2.39791	2.39791	2.39791	2.39791	
0.59686	0.59686	0.59686	0.59686	0.59686	0.59686	0.59686	0.59686	0.59686	0.59686	0.59686	0.59686	0.59686	0.59686	0.59686	0.59686	0.59686	0.59686	0.59686	0.59686	0.59686	0.59686	0.59686	0.59686	
0.69686	0.69686	0.69686	0.69686	0.69686	0.69686	0.69686	0.69686	0.69686	0.69686	0.69686	0.69686	0.69686	0.69686	0.69686	0.69686	0.69686	0.69686	0.69686	0.69686	0.69686	0.69686	0.69686	0.69686	
0.79686	0.79686	0.79686	0.79686	0.79686	0.79686	0.79686	0.79686	0.79686	0.79686	0.79686	0.79686	0.79686	0.79686	0.79686	0.79686	0.79686	0.79686	0.79686	0.79686	0.79686	0.79686	0.79686	0.79686	
0.89686	0.89686	0.89686	0.89686	0.89686	0.89686	0.89686	0.89686	0.89686	0.89686	0.89686	0.89686	0.89686	0.89686	0.89686	0.89686	0.89686	0.89686	0.89686	0.89686	0.89686	0.89686	0.89686	0.89686	
0.99686	0.99686	0.99686	0.99686	0.99686	0.99686	0.99686	0.99686	0.99686	0.99686	0.99686	0.99686	0.99686	0.99686	0.99686	0.99686	0.99686	0.99686	0.99686	0.99686	0.99686	0.99686	0.99686	0.99686	
1.09686	1.09686	1.09686	1.09686	1.09686	1.09686	1.09686	1.09686	1.09686	1.09686	1.09686	1.09686	1.09686	1.09686	1.09686	1.09686	1.09686	1.09686	1.09686	1.09686	1.09686	1.09686	1.09686	1.09686	
1.19686	1.19686	1.19686	1.19686	1.19686	1.19686	1.19686	1.19686	1.19686	1.19686	1.19686	1.19686	1.19686	1.19686	1.19686	1.19686	1.19686	1.19686	1.19686	1.19686	1.19686	1.19686	1.19686	1.19686	
1.29686	1.29686	1.29686	1.29686	1.29686	1.29686	1.29686	1.29686	1.29686	1.29686	1.29686	1.29686	1.29686	1.29686	1.29686	1.29686	1.29686	1.29686	1.29686	1.29686	1.29686	1.29686	1.29686	1.29686	
1.39686	1.39686	1.39686	1.39686	1.39686	1.39686	1.39686	1.39686	1.39686	1.39686	1.39686	1.39686	1.39686	1.39686	1.39686	1.39686	1.39686	1.39686	1.39686	1.39686	1.39686	1.39686	1.39686	1.39686	
1.49686	1.49686	1.49686	1.49686	1.49686	1.49686	1.49686	1.49686	1.49686	1.49686	1.49686	1.49686	1.49686	1.49686	1.49686	1.49686	1.49686	1.49686	1.49686	1.49686	1.49686	1.49686	1.49686	1.49686	
1.59686	1.59686	1.59686	1.59686	1.59686	1.59686	1.59686	1.59686	1.59686	1.59686	1.59686	1.59686	1.59686	1.59686	1.59686	1.59686	1.59686	1.59686	1.59686	1.59686	1.59686	1.59686	1.59686	1.59686	
1.69686	1.69686	1.69686	1.69686	1.69686	1.69686	1.69686	1.69686	1.69686	1.69686	1.69686	1.69686	1.69686	1.69686	1.69686	1.69686	1.69686	1.69686	1.69686	1.69686	1.69686	1.69686	1.69686	1.69686	
1.79686	1.79686	1.79686	1.79686	1.79686	1.79686	1.79686	1.79686	1.79686	1.79686	1.79686	1.79686	1.79686	1.79686	1.79686	1.79686	1.79686	1.79686	1.79686	1.79686	1.79686	1.79686	1.79686	1.79686	
1.89686	1.89686	1.89686	1.89686	1.89686	1.89686	1.89686	1.89686	1.89686	1.89686	1.89686	1.89686	1.89686	1.89686	1.89686	1.89686	1.89686	1.89686	1.89686	1.89686	1.89686	1.89686	1.89686	1.89686	
1.99686	1.99686	1.99686	1.99686	1.99686	1.99686	1.99686	1.99686	1.99686	1.99686	1.99686	1.99686	1.99686	1.99686	1.99686	1.99686	1.99686	1.99686	1.99686	1.99686	1.99686	1.99686	1.99686	1.99686	
2.09686	2.09686	2.09686	2.09686	2.09686	2.09686	2.09686	2.09686	2.09686	2.09686	2.09686	2.09686	2.09686	2.09686	2.09686	2.09686	2.09686	2.09686	2.09686	2.09686	2.09686	2.09686	2.09686	2.09686	
2.19686	2.19686	2.19686	2.19686	2.19686	2.19686	2.19686	2.19686	2.19686	2.19686	2.19686	2.19686	2.19686	2.19686	2.19686	2.19686	2.19686	2.19686	2.19686	2.19686	2.19686	2.19686	2.19686	2.19686	
2.29686	2.29686	2.29686	2.29686	2.29686	2.29686	2.29686	2.29686	2.29686	2.29686	2.29686	2.29686	2.29686	2.29686	2.29686	2.29686	2.29686	2.29686	2.29686	2.29686	2.29686	2.29686	2.29686	2.29686	
2.39686	2.39686	2.39686	2.39686	2.39686	2.39686	2.39686	2.39686	2.39686	2.39686	2.39686	2.39686	2.39686	2.39686	2.39686	2.39686	2.39686	2.39686	2.39686	2.39686	2.39686	2.39686	2.39686	2.39686	
2.49686	2.49686	2.49686	2.49686	2.49686	2.49686	2.49686	2.49686	2.49686	2.49686	2.49686	2.49686	2.49686	2.49686	2.49686	2.49686	2.49686	2.49686	2.49686	2.49686	2.49686	2.49686	2.49686	2.49686	
2.59686	2.59686	2.59686	2.59686	2.59686	2.59686	2.59686	2.59686	2.59686	2.59686	2.59686	2.59686	2.59686	2.59686	2.59686	2.59686	2.59686	2.59686	2.59686	2.59686	2.59686	2.59686	2.59686	2.59686	
0.79581	0.79581	0.79581	0.79581	0.79581	0.79581	0.79581	0.79581	0.79581	0.79581	0.79581	0.79581	0.79581	0.79581	0.79581	0.79581	0.79581	0.79581	0.79581	0.79581	0.79581	0.79581	0.79581	0.79581	
0.89581	0.89581	0.89581	0.89581	0.89581	0.89581	0.89581	0.89581	0.89581	0.89581	0.89581	0.89581	0.89581	0.89581	0.89581	0.89581	0.89581	0.89581	0.89581	0.89581	0.89581	0.89581	0.89581	0.89581	
0.99581	0.99581	0.99581	0.99581	0.99581	0.99581	0.99581	0.99581	0.99581	0.99581	0.99581	0.99581	0.99581	0.99581	0.99581	0.99581	0.99581	0.99581	0.99581	0.99581	0.99581	0.99581	0.99581	0.99581	
1.09581	1.09581	1.09581	1.09581	1.09581	1.09581	1.09581	1.09581	1.09581	1.09581	1.09581	1.09581	1.09581	1.09581	1.09581	1.09581	1.09581	1.09581	1.09581	1.09581	1.09581	1.09581	1.09581	1.09581	
1.19581	1.19581	1.19581	1.19581	1.19581	1.19581	1.19581	1.19581	1.19581	1.19581	1.19581	1.19581	1.19581	1.19581	1.19581	1.19581	1.19581	1.19581	1.19581	1.19581	1.19581	1.19581	1.19581	1.19581	
1.29581	1.29581	1.29581	1.29581	1.29581	1.29581	1.29581	1.29581	1.29581	1.29581	1.29581	1.29581	1.29581	1.29581	1.29581	1.29581	1.29581	1.29581	1.29581	1.29581	1.29581	1.29581	1.29581	1.29581	
1.39581	1.39581	1.39581	1.39581	1.39581	1.39581	1.39581	1.39581	1.39581	1.39581	1.39581	1.39581	1.39581	1.39581	1.39581	1.39581	1.39581	1.39581	1.39581	1.39581	1.39581	1.39581	1.39581	1.39581	
1.49581	1.49581	1.49581	1.49581	1.49581	1.49581	1.49581	1.49581	1.49581	1.49581	1.49581	1.49581	1.49581	1.49581	1.49581	1.49581	1.49581	1.49581	1.49581	1.49581	1.49581	1.49581	1.49581	1.49581	
1.59581	1.59581	1.59581	1.59581	1.59581	1.59581	1.59581	1.59581	1.59581	1.59581	1.59581	1.59581	1.59581	1.59581	1.59581	1.59581	1.59581	1.59581	1.59581	1.59581	1.59581	1.59581	1.59581	1.59581	
1.69581	1.69581	1.69581	1.69581	1.69581	1.69581	1.69581	1.69581	1.69581	1.69581	1.69581	1.69581	1.69581	1.69581	1.69581	1.69581	1.69581	1.69581	1.69581	1.69581	1.69581	1.69581	1.69581	1.69581	
1.79581	1.79581	1.79581	1.79581	1.79581	1.79581	1.79581	1.79581	1.79581	1.79581	1.79581	1.79581	1.79581	1.79581	1.79581	1.79581	1.79581	1.79581	1.79581	1.79581	1.79581	1.79581	1.79581	1.79581	
1.89581	1.89581	1.89581	1.89581	1.89581	1.89581	1.89581	1.89581	1.89581	1.89581	1.89581	1.89581	1.89581	1.89581	1.89581	1.89581	1.89581	1.89581	1.89581	1.89581	1.89581	1.89581	1.89581	1.89581	
1.99581	1.99581	1.99581	1.99581	1.99581	1.99581	1.99581	1.99581	1.99581	1.99581	1.99581	1.99581	1.99581	1.99581	1.99581	1.99581	1.99581	1.99581	1.99581	1.99581	1.99581	1.99581	1.99581	1.99581	
2.09581	2.09581	2.09581	2.09581	2.09581	2.09581	2.09581	2.09581	2.09581	2.09581	2.09581	2.09581	2.09581	2.09581	2.09581	2.09581	2.09581	2.09581	2.09581	2.09581	2.09581	2.09581	2.09581	2.09581	
2.19581	2.19581	2.19581	2.19581	2.19581	2.19581	2.19581	2.19581	2.19581	2.19581	2.19581	2.19581	2.19581	2.19581	2.19581	2.19581	2.19581	2.19581	2.19581	2.19581	2.19581	2.19581	2.19581	2.19581	
2.29581	2.29581	2.29581	2.29581	2.29581	2.29581	2.29581	2.29581	2.29581	2.29581	2.29581	2.29581	2.29581	2.29581	2.29581	2.29581	2.29581	2.29581	2.29581	2.29581	2.29581	2.29581	2.29581	2.29581	
2.39581	2.39581	2.39581	2.39581	2.39581	2.39581	2.39581	2.39581	2.39581	2.39581	2.39581	2.39581	2.39581	2.39581	2.39581	2.39581	2.39581	2.39581	2.39581	2.39581	2.39581	2.39581	2.39581	2.39581	
2.49581	2.49581	2.49581	2.49581	2.49581	2.49581	2.49581	2.49581	2.49581	2.49581	2.49581	2.49581	2.49581	2.49581	2.49581	2.49581	2.49581	2.49581	2.49581	2.49581	2.49581	2.49581	2.49581	2.49581	
2.59581	2.59581	2.59581	2.59581	2.59581	2.59581	2.59581	2.59581	2.59581	2.59581	2.59581	2.59581	2.59581	2.59581	2.59581	2.59581	2.59581	2.59581	2.59581	2.59581	2.59581	2.59581	2.59581	2.59581	
2.69581	2.69581	2.69581	2.69581	2.69581	2.69581	2.69581	2.69581	2.69581	2.69581	2.69581	2.69581	2.69581	2.69581	2.69581	2.69581	2.69581	2.69581	2.69581	2.69581	2.69581	2.69581	2.69581	2.69581	
2.79581	2.79581	2.79581	2.79581	2.79581	2.79581	2.79581	2.79581	2.79581	2.79581	2.79581	2.79581	2.79581	2.79581	2.79581	2.79581	2.79581	2.79581	2.79581	2.79581	2.79581	2.79581	2.79581	2.79581	
0.99476	0.99476	0.99476	0.99476	0.99476	0.99476	0.99476	0.99476	0.99476	0.99476	0.99476	0.99476	0.99476	0.99476	0.99476	0.99476	0.99476	0.99476	0.99476	0.99476	0.99476	0.99476	0.99476	0.99476	
1.09476	1.09476	1.09476	1.09476	1.09476	1.09476	1.09476	1.09476	1.09476	1.09476	1.09476	1.09476	1.09476	1.09476	1.09476	1.09476	1.09476	1.09476	1.09476	1.09476	1.09476	1.09476	1.09476	1.09476	
1.19476	1.19476	1.19476	1.19476	1.19476	1.19476	1.19476	1.19476	1.19476	1.19476	1.19476	1.19476	1.19476	1.19476	1.19476	1.19476	1.19476	1.19476	1.19476	1.19476	1.19476	1.19476	1.19476	1.19476	
1.29476	1.29476	1.29476	1.29476	1.29476	1.29476	1.29476	1.29476	1.29476	1.29476	1.29476	1.29476	1.29476	1.29476	1.29476	1.29476	1.29476	1.29476	1.29476	1.29476	1.29476	1.29476	1.29476	1.29476	
1.39476	1.39476	1.39476	1.39476	1.39476	1.39476	1.39476	1.39476	1.39476	1.39476	1.39476	1.39476	1.39476	1.39476	1.39476	1.39476	1.39476	1.39476	1.39476	1.39476	1.39476	1.39476	1.39476	1.39476	
1.49476	1.49476	1.49476	1.49476	1.49476	1.49476	1.49476	1.49476	1.49476	1.49476	1.49476	1.49476	1.49476	1.49476	1.49476	1.49476	1.49476	1.49476	1.49476	1.49476	1.49476	1.49476	1.49476	1.49476	
1.59476	1.59476	1.59476	1.59476	1.59476	1.59476	1.59476	1.59476	1.59476	1.59476	1.59476	1.59476	1.59476	1.59476	1.59476	1.59476	1.59476	1.59476	1.59476	1.59476	1.59476	1.59476	1.59476	1.59476	
1.69476	1.69476	1.69476	1.69476	1.69476	1.69476	1.69476	1.69476	1.69476	1.69476	1.69476	1.69476	1.69476	1.69476	1.69476	1.69476	1.69476	1.69476	1.69476	1.69476	1.69476	1.69476	1.69476	1.69476	
1.79476	1.79476	1.79476	1.79476	1.79476	1.79476	1.79476	1.79476	1.79476	1.79476	1.79476	1.79476	1.79476	1.79476	1.79476	1.79476	1.79476	1.79476	1.79476	1.79476	1.79476	1.79476	1.79476	1.79476	
1.89476	1.89476	1.89476	1.89476	1.89476	1.89476	1.89476	1.89476	1.89476	1.89476	1.89476	1.89476	1.89476	1.89476	1.89476	1.89476	1.89476	1.89476	1.89476	1.89476	1.89476	1.89476	1.89476	1.89476	
1.99476	1.99476	1.99476	1.99476	1.99476	1.99476	1.99476	1.99476	1.99476	1.99476	1.99476	1.99476	1.99476	1.99476	1.99476	1.99476	1.99476	1.99476	1.99476	1.99476	1.99476	1.99476	1.99476	1.99476	
2.09476	2.09476	2.09476	2.09476	2.09476	2.09476	2.09476	2.09476	2.09476	2.09476	2.09476	2.09476	2.09476	2.09476	2.09476	2.09476	2.09476	2.09476	2.09476	2.09476	2.09476	2.09476	2.09476	2.09476	
2.19476	2.19476	2.19476	2.19476	2.19476	2.19476	2.19476	2.19476	2.19476	2.19476	2.19476	2.19476	2.19476	2.19476	2.19476	2.19476	2.19476	2.19476	2.19476	2.19476	2.19476	2.19476	2.19476	2.19476	
2.29476	2.29476	2.29476	2.29476	2.29476	2.29476	2.29476	2.29476	2.29476	2.29476	2.29476	2.29476	2.29476	2.29476	2.29476	2.29476	2.29476	2.29476	2.29476	2.29476	2.29476	2.29476	2.29476	2.29476	
2.39476	2.39476	2.39476	2.39476	2.39476	2.39476	2.39476	2.39476	2.39476	2.39476	2.39476	2.39476	2.39476	2.39476	2.39476	2.39476	2.39476	2.39476	2.39476	2.39476	2.39476	2.39476	2.39476	2.39476	
2.49476	2.49476	2.49476	2.49476	2.49476	2.49476	2.49476	2.49476	2.49476	2.49476	2.49476	2.49476	2.49476	2.49476	2.49476	2.49476	2.49476	2.49476	2.49476	2.49476	2.49476	2.49476	2.49476	2.49476	
2.59476	2.59476	2.59476	2.59476	2.59476	2.59476	2.59476	2.59476	2.59476	2.59476	2.59476	2.59476	2.59476	2.59476	2.59476	2.59476	2.59476	2.59476	2.59476	2.59476	2.59476	2.59476	2.59476	2.59476	
2.69476	2.69476	2.69476	2.69476	2.69476	2.69476	2.69476	2.69476	2.69476	2.69476	2.69476	2.69476	2.69476	2.69476	2.69476	2.69476	2.69476	2.69476	2.69476	2.69476	2.69476	2.69476	2.69476	2.69476	
2.79476	2.79476	2.79476	2.79476	2.79476	2.79476	2.79476	2.79476	2.79476	2.79476	2.79476	2.79476	2.79476	2.79476	2.79476	2.79476	2.79476	2.79476	2.79476	2.79476	2.79476	2.79476	2.79476	2.79476	
2.89476	2.89476	2.89476	2.89476	2.89476	2.89476	2.89476	2.89476	2.89476	2.89476	2.89476	2.89476	2.89476	2.89476	2.89476	2.89476	2.89476	2.89476	2.89476	2.89476	2.89476	2.89476	2.89476	2.89476	
2.99476	2.99476	2.99476	2.99476	2.99476	2.99476	2.99476	2.99476	2.99476	2.99476	2.99476	2.99476	2.99476	2.99476	2.99476	2.99476	2.99476	2.99476	2.99476	2.99476	2.99476	2.99476	2.99476	2.99476	
1.19372	1.19372	1.19372	1.19372	1.19372	1.19372	1.19372	1.19372	1.19372	1.19372	1.19372	1.19372	1.19372	1.19372	1.19372	1.19372	1.19372	1.19372	1.19372	1.19372	1.19372	1.19372	1.19372	1.19372	
1.29372	1.29372	1.29372	1.29372	1.29372	1.29372	1.29372	1.29372	1.29372	1.29372	1.29372	1.29372	1.29372	1.29372	1.29372	1.29372	1.29372	1.29372	1.29372	1.29372	1.29372	1.29372	1.29372	1.29372	
1.39372	1.39372	1.39372	1.39372	1.39372	1.39372	1.39372	1.39372	1.39372	1.39372	1.39372	1.39372	1.39372	1.39372	1.39372	1.39372	1.39372	1.39372	1.39372	1.39372	1.39372	1.39372	1.39372	1.39372	
1.49372	1.49372	1.49372	1.49372	1.49372	1.49372	1.49372	1.49372	1.49372	1.49372	1.49372	1.49372	1.49372	1.49372	1.49372	1.49372	1.49372	1.49372	1.49372	1.49372	1.49372	1.49372	1.49372	1.49372	
1.59372	1.59372	1.59372	1.59372	1.59372	1.59372	1.59372	1.59372	1.59372	1.59372	1.59372	1.59372	1.59372	1.59372	1.59372	1.59372	1.59372	1.59372	1.59372	1.59372	1.59372	1.59372	1.59372	1.59372	
1.69372	1.69372	1.69372	1.69372	1.69372	1.69372	1.69372	1.69372	1.69372	1.69372	1.69372	1.69372	1.69372	1.69372	1.69372	1.69372	1.69372	1.69372	1.69372	1.69372	1.69372	1.69372	1.69372	1.69372	
1.79372	1.79372	1.79372	1.79372	1.79372	1.79372	1.79372	1.79372	1.79372	1.79372	1.79372	1.79372	1.79372	1.79372	1.79372	1.79372	1.79372	1.79372	1.79372	1.79372	1.79372	1.79372	1.79372	1.79372	
1.89372	1.89372	1.89372	1.89372	1.89372	1.89372	1.89372	1.89372	1.89372	1.89372	1.89372	1.89372	1.89372	1.89372	1.89372	1.89372	1.89372	1.89372	1.89372	1.89372	1.89372	1.89372	1.89372	1.89372	
1.99372	1.99372	1.99372	1.99372	1.99372	1.99372	1.99372	1.99372	1.99372	1.99372	1.99372	1.99372	1.99372	1.99372	1.99372	1.99372	1.99372	1.99372	1.99372	1.99372	1.99372	1.99372	1.99372	1.99372	
2.09372	2.09372	2.09372	2.09372	2.09372	2.09372	2.09372	2.09372	2.09372	2.09372	2.09372	2.09372	2.09372	2.09372	2.09372	2.09372	2.09372	2.09372	2.09372	2.09372	2.09372	2.09372	2.09372	2.09372	
2.19372	2.19372	2.19372	2.19372	2.19372	2.19372	2.19372	2.19372	2.19372	2.19372	2.19372	2.19372	2.19372	2.19372	2.19372	2.19372	2.19372	2.19372	2.19372	2.19372	2.19372	2.19372	2.19372	2.19372	
2.29372	2.29372	2.29372	2.29372	2.29372	2.29372	2.29372	2.29372	2.29372	2.29372	2.29372	2.29372	2.29372	2.29372	2.29372	2.29372	2.29372	2.29372	2.29372	2.29372	2.29372	2.29372	2.29372	2.29372	
2.39372	2.39372	2.39372	2.39372	2.39372	2.39372	2.39372	2.39372	2.39372	2.39372	2.39372	2.39372	2.39372	2.39372	2.39372	2.39372	2.39372	2.39372	2.39372	2.39372	2.39372	2.39372	2.39372	2.39372	
2.49372	2.49372	2.49372	2.49372	2.49372	2.49372	2.49372	2.49372	2.49372	2.49372	2.49372	2.49372	2.49372	2.49372	2.49372	2.49372	2.49372	2.49372	2.49372	2.49372	2.49372	2.49372	2.49372	2.49372	
2.59372	2.59372	2.59372	2.59372	2.59372	2.59372	2.59372	2.59372	2.59372	2.59372	2.59372	2.59372	2.59372	2.59372	2.59372	2.59372	2.59372	2.59372	2.59372	2.59372	2.59372	2.59372	2.59372	2.59372	
2.69372	2.69372	2.69372	2.69372	2.69372	2.69372	2.69372	2.69372	2.69372	2.69372	2.69372	2.69372	2.69372	2.69372	2.69372	2.69372	2.69372	2.69372	2.69372	2.69372	2.69372	2.69372	2.69372	2.69372	
2.79372	2.79372	2.79372	2.79372	2.79372	2.79372	2.79372	2.79372	2.79372	2.79372	2.79372	2.79372	2.79372	2.79372	2.79372	2.79372	2.79372	2.79372	2.79372	2.79372	2.79372	2.79372	2.79372	2.79372	
2.89372	2.89372	2.89372	2.89372	2.89372	2.89372	2.89372	2.89372	2.89372	2.89372	2.89372	2.89372	2.89372	2.89372	2.89372	2.89372	2.89372	2.89372	2.89372	2.89372	2.89372	2.89372	2.89372	2.89372	
2.99372	2.99372	2.99372	2.99372	2.99372	2.99372	2.99372	2.99372	2.99372	2.99372	2.99372	2.99372	2.99372	2.99372	2.99372	2.99372	2.99372	2.99372	2.99372	2.99372	2.99372	2.99372	2.99372	2.99372	
3.09372	3.09372	3.09372	3.09372	3.09372	3.09372	3.09372	3.09372	3.09372	3.09372	3.09372	3.09372	3.09372	3.09372	3.09372	3.09372	3.09372	3.09372	3.09372	3.09372	3.09372	3.09372	3.09372	3.09372	
3.19372	3.19372	3.19372	3.19372	3.19372	3.19372	3.19372	3.19372	3.19372	3.19372	3.19372	3.19372	3.19372	3.19372	3.19372	3.19372	3.19372	3.19372	3.19372	3.19372	3.19372	3.19372	3.19372	3.19372	
1.39267	1.39267	1.39267	1.39267	1.39267	1.39267	1.39267	1.39267	1.39267	1.39267	1.39267	1.39267	1.39267	1.39267	1.39267	1.39267	1.39267	1.39267	1.39267	1.39267	1.39267	1.39267	1.39267	1.39267	
1.49267	1.49267	1.49267	1.49267	1.49267	1.49267	1.49267	1.49267	1.49267	1.49267	1.49267	1.49267	1.49267	1.49267	1.49267	1.49267	1.49267	1.49267	1.49267	1.49267	1.49267	1.49267	1.49267	1.49267	
1.59267	1.59267	1.59267	1.59267	1.59267	1.59267	1.59267	1.59267	1.59267	1.59267	1.59267	1.59267	1.59267	1.59267	1.59267	1.59267	1.59267	1.59267	1.59267	1.59267	1.59267	1.59267	1.59267	1.59267	
1.69267	1.69267	1.69267	1.69267	1.69267	1.69267	1.69267	1.69267	1.69267	1.69267	1.69267	1.69267	1.69267	1.69267	1.69267	1.69267	1.69267	1.69267	1.69267	1.69267	1.69267	1.69267	1.69267	1.69267	
1.79267	1.79267	1.79267	1.79267	1.79267	1.79267	1.79267	1.79267	1.79267	1.79267	1.79267	1.79267	1.79267	1.79267	1.79267	1.79267	1.79267	1.79267	1.79267	1.79267	1.79267	1.79267	1.79267	1.79267	
1.89267	1.89267	1.89267	1.89267	1.89267	1.89267	1.89267	1.89267	1.89267	1.89267	1.89267	1.89267	1.89267	1.89267	1.89267	1.89267	1.89267	1.89267	1.89267	1.89267	1.89267	1.89267	1.89267	1.89267	
1.99267	1.99267	1.99267	1.99267	1.99267	1.99267	1.99267	1.99267	1.99267	1.99267	1.99267	1.99267	1.99267	1.99267	1.99267	1.99267	1.99267	1.99267	1.99267	1.99267	1.99267	1.99267	1.99267	1.99267	
2.09267	2.09267	2.09267	2.09267	2.09267	2.09267	2.09267	2.09267	2.09267	2.09267	2.09267	2.09267	2.09267	2.09267	2.09267	2.09267	2.09267	2.09267	2.09267	2.09267	2.09267	2.09267	2.09267	2.09267	
2.19267	2.19267	2.19267	2.19267	2.19267	2.19267	2.19267	2.19267	2.19267	2.19267	2.19267	2.19267	2.19267	2.19267	2.19267	2.19267	2.19267	2.19267	2.19267	2.19267	2.19267	2.19267	2.19267	2.19267	
2.29267	2.29267	2.29267	2.29267	2.29267	2.29267	2.29267	2.29267	2.29267	2.29267	2.29267	2.29267	2.29267	2.29267	2.29267	2.29267	2.29267	2.29267	2.29267	2.29267	2.29267	2.29267	2.29267	2.29267	
2.39267	2.39267	2.39267	2.39267	2.39267	2.39267	2.39267	2.39267	2.39267	2.39267	2.39267	2.39267	2.39267	2.39267	2.39267	2.39267	2.39267	2.39267	2.39267	2.39267	2.39267	2.39267	2.39267	2.39267	
2.49267	2.49267	2.49267	2.49267	2.49267	2.49267	2.49267	2.49267	2.49267	2.49267	2.49267	2.49267	2.49267	2.49267	2.49267	2.49267	2.49267	2.49267	2.49267	2.49267	2.49267	2.49267	2.49267	2.49267	
2.59267	2.59267	2.59267	2.59267	2.59267	2.59267	2.59267	2.59267	2.59267	2.59267	2.59267	2.59267	2.59267	2.59267	2.59267	2.59267	2.59267	2.59267	2.59267	2.59267	2.59267	2.59267	2.59267	2.59267	
2.69267	2.69267	2.69267	2.69267	2.69267	2.69267	2.69267	2.69267	2.69267	2.69267	2.69267	2.69267	2.69267	2.69267	2.69267	2.69267	2.69267	2.69267	2.69267	2.69267	2.69267	2.69267	2.69267	2.69267	
2.79267	2.79267	2.79267	2.79267	2.79267	2.79267	2.79267	2.79267	2.79267	2.79267	2.79267	2.79267	2.79267	2.79267	2.79267	2.79267	2.79267	2.79267	2.79267	2.79267	2.79267	2.79267	2.79267	2.79267	
2.89267	2.89267	2.89267	2.89267	2.89267	2.89267	2.89267	2.89267	2.89267	2.89267	2.89267	2.89267	2.89267	2.89267	2.89267	2.89267	2.89267	2.89267	2.89267	2.89267	2.89267	2.89267	2.89267	2.89267	
2.99267	2.99267	2.99267	2.99267	2.99267	2.99267	2.99267	2.99267	2.99267	2.99267	2.99267	2.99267	2.99267	2.99267	2.99267	2.99267	2.99267	2.99267	2.99267	2.99267	2.99267	2.99267	2.99267	2.99267	
3.09267	3.09267	3.09267	3.09267	3.09267	3.09267	3.09267	3.09267	3.09267	3.09267	3.09267	3.09267	3.09267	3.09267	3.09267	3.09267	3.09267	3.09267	3.09267	3.09267	3.09267	3.09267	3.09267	3.09267	
3.19267	3.19267	3.19267	3.19267	3.19267	3.19267	3.19267	3.19267	3.19267	3.19267	3.19267	3.19267	3.19267	3.19267	3.19267	3.19267	3.19267	3.19267	3.19267	3.19267	3.19267	3.19267	3.19267	3.19267	
3.29267	3.29267	3.29267	3.29267	3.29267	3.29267	3.29267	3.29267	3.29267	3.29267	3.29267	3.29267	3.29267	3.29267	3.29267	3.29267	3.29267	3.29267	3.29267	3.29267	3.29267	3.29267	3.29267	3.29267	
3.39267	3.39267	3.39267	3.39267	3.39267	3.39267	3.39267	3.39267	3.39267	3.39267	3.39267	3.39267	3.39267	3.39267	3.39267	3.39267	3.39267	3.39267	3.39267	3.39267	3.39267	3.39267	3.39267	3.39267	
1.59162	1.59162	1.59162	1.59162	1.59162	1.59162	1.59162	1.59162	1.59162	1.59162	1.59162	1.59162	1.59162	1.59162	1.59162	1.59162	1.59162	1.59162	1.59162	1.59162	1.59162	1.59162	1.59162	1.59162	
1.69162	1.69162	1.69162	1.69162	1.69162	1.69162	1.69162	1.69162	1.69162	1.69162	1.69162	1.69162	1.69162	1.69162	1.69162	1.69162	1.69162	1.69162	1.69162	1.69162	1.69162	1.69162	1.69162	1.69162	
1.79162	1.79162	1.79162	1.79162	1.79162	1.79162	1.79162	1.79162	1.79162	1.79162	1.79162	1.79162	1.79162	1.79162	1.79162	1.79162	1.79162	1.79162	1.79162	1.79162	1.79162	1.79162	1.79162	1.79162	
1.89162	1.89162	1.89162	1.89162	1.89162	1.89162	1.89162	1.89162	1.89162	1.89162	1.89162	1.89162	1.89162	1.89162	1.89162	1.89162	1.89162	1.89162	1.89162	1.89162	1.89162	1.89162	1.89162	1.89162	
1.99162	1.99162	1.99162	1.99162	1.99162	1.99162	1.99162	1.99162	1.99162	1.99162	1.99162	1.99162	1.99162	1.99162	1.99162	1.99162	1.99162	1.99162	1.99162	1.99162	1.99162	1.99162	1.99162	1.99162	
2.09162	2.09162	2.09162	2.09162	2.09162	2.09162	2.09162	2.09162	2.09162	2.09162	2.09162	2.09162	2.09162	2.09162	2.09162	2.09162	2.09162	2.09162	2.09162	2.09162	2.09162	2.09162	2.09162	2.09162	
2.19162	2.19162	2.19162	2.19162	2.19162	2.19162	2.19162	2.19162	2.19162	2.19162	2.19162	2.19162	2.19162	2.19162	2.19162	2.19162	2.19162	2.19162	2.19162	2.19162	2.19162	2.19162	2.19162	2.19162	
2.29162	2.29162	2.29162	2.29162	2.29162	2.29162	2.29162	2.29162	2.29162	2.29162	2.29162	2.29162	2.29162	2.29162	2.29162	2.29162	2.29162	2.29162	2.29162	2.29162	2.29162	2.29162	2.29162	2.29162	
2.39162	2.39162	2.39162	2.39162	2.39162	2.39162	2.39162	2.39162	2.39162	2.39162	2.39162	2.39162	2.39162	2.39162	2.39162	2.39162	2.39162	2.39162	2.39162	2.39162	2.39162	2.39162	2.39162	2.39162	
2.49162	2.49162	2.49162	2.49162	2.49162	2.49162	2.49162	2.49162	2.49162	2.49162	2.49162	2.49162	2.49162	2.49162	2.49162	2.49162	2.49162	2.49162	2.49162	2.49162	2.49162	2.49162	2.49162	2.49162	
2.59162	2.59162	2.59162	2.59162	2.59162	2.59162	2.59162	2.59162	2.59162	2.59162	2.59162	2.59162	2.59162	2.59162	2.59162	2.59162	2.59162	2.59162	2.59162	2.59162	2.59162	2.59162	2.59162	2.59162	
2.69162	2.69162	2.69162	2.69162	2.69162	2.69162	2.69162	2.69162	2.69162	2.69162	2.69162	2.69162	2.69162	2.69162	2.69162	2.69162	2.69162	2.69162	2.69162	2.69162	2.69162	2.69162	2.69162	2.69162	
2.79162	2.79162	2.79162	2.79162	2.79162	2.79162	2.79162	2.79162	2.79162	2.79162	2.79162	2.79162	2.79162	2.79162	2.79162	2.79162	2.79162	2.79162	2.79162	2.79162	2.79162	2.79162	2.79162	2.79162	
2.89162	2.89162	2.89162	2.89162	2.89162	2.89162	2.89162	2.89162	2.89162	2.89162	2.89162	2.89162	2.89162	2.89162	2.89162	2.89162	2.89162	2.89162	2.89162	2.89162	2.89162	2.89162	2.89162	2.89162	
2.99162	2.99162	2.99162	2.99162	2.99162	2.99162	2.99162	2.99162	2.99162	2.99162	2.99162	2.99162	2.99162	2.99162	2.99162	2.99162	2.99162	2.99162	2.99162	2.99162	2.99162	2.99162	2.99162	2.99162	
3.09162	3.09162	3.09162	3.09162	3.09162	3.09162	3.09162	3.09162	3.09162	3.09162	3.09162	3.09162	3.09162	3.09162	3.09162	3.09162	3.09162	3.09162	3.09162	3.09162	3.09162	3.09162	3.09162	3.09162	
3.19162	3.19162	3.19162	3.19162	3.19162	3.19162	3.19162	3.19162	3.19162	3.19162	3.19162	3.19162	3.19162	3.19162	3.19162	3.19162	3.19162	3.19162	3.19162	3.19162	3.19162	3.19162	3.19162	3.19162	
3.29162	3.29162	3.29162	3.29162	3.29162	3.29162	3.29162	3.29162	3.29162	3.29162	3.29162	3.29162	3.29162	3.29162	3.29162	3.29162	3.29162	3.29162	3.29162	3.29162	3.29162	3.29162	3.29162	3.29162	
3.39162	3.39162	3.39162	3.39162	3.39162	3.39162	3.39162	3.39162	3.39162	3.39162	3.39162	3.39162	3.39162	3.39162	3.39162	3.39162	3.39162	3.39162	3.39162	3.39162	3.39162	3.39162	3.39162	3.39162	
3.49162	3.49162	3.49162	3.49162	3.49162	3.49162	3.49162	3.49162	3.49162	3.49162	3.49162	3.49162	3.49162	3.49162	3.49162	3.49162	3.49162	3.49162	3.49162	3.49162	3.49162	3.49162	3.49162	3.49162	
3.59162	3.59162	3.59162	3.59162	3.59162	3.59162	3.59162	3.59162	3.59162	3.59162	3.59162	3.59162	3.59162	3.59162	3.59162	3.59162	3.59162	3.59162	3.59162	3.59162	3.59162	3.59162	3.59162	3.59162	
1.79058	1.79058	1.79058	1.79058	1.79058	1.79058	1.79058	1.79058	1.79058	1.79058	1.79058	1.79058	1.79058	1.79058	1.79058	1.79058	1.79058	1.79058	1.79058	1.79058	1.79058	1.79058	1.79058	1.79058	
1.89058	1.89058	1.89058	1.89058	1.89058	1.89058	1.89058	1.89058	1.89058	1.89058	1.89058	1.89058	1.89058	1.89058	1.89058	1.89058	1.89058	1.89058	1.89058	1.89058	1.89058	1.89058	1.89058	1.89058	
1.99058	1.99058	1.99058	1.99058	1.99058	1.99058	1.99058	1.99058	1.99058	1.99058	1.99058	1.99058	1.99058	1.99058	1.99058	1.99058	1.99058	1.99058	1.99058	1.99058	1.99058	1.99058	1.99058	1.99058	
2.09058	2.09058	2.09058	2.09058	2.09058	2.09058	2.09058	2.09058	2.09058	2.09058	2.09058	2.09058	2.09058	2.09058	2.09058	2.09058	2.09058	2.09058	2.09058	2.09058	2.09058	2.09058	2.09058	2.09058	
2.19058	2.19058	2.19058	2.19058	2.19058	2.19058	2.19058	2.19058	2.19058	2.19058	2.19058	2.19058	2.19058	2.19058	2.19058	2.19058	2.19058	2.19058	2.19058	2.19058	2.19058	2.19058	2.19058	2.19058	
2.29058	2.29058	2.29058	2.29058	2.29058	2.29058	2.29058	2.29058	2.29058	2.29058	2.29058	2.29058	2.29058	2.29058	2.29058	2.29058	2.29058	2.29058	2.29058	2.29058	2.29058	2.29058	2.29058	2.29058	
2.39058	2.39058	2.39058	2.39058	2.39058	2.39058	2.39058	2.39058	2.39058	2.39058	2.39058	2.39058	2.39058	2.39058	2.39058	2.39058	2.39058	2.39058	2.39058	2.39058	2.39058	2.39058	2.39058	2.39058	
2.49058	2.49058	2.49058	2.49058	2.49058	2.49058	2.49058	2.49058	2.49058	2.49058	2.49058	2.49058	2.49058	2.49058	2.49058	2.49058	2.49058	2.49058	2.49058	2.49058	2.49058	2.49058	2.49058	2.49058	
2.59058	2.59058	2.59058	2.59058	2.59058	2.59058	2.59058	2.59058	2.59058	2.59058	2.59058	2.59058	2.59058	2.59058	2.59058	2.59058	2.59058	2.59058	2.59058	2.59058	2.59058	2.59058	2.59058	2.59058	
2.69058	2.69058	2.69058	2.69058	2.69058	2.69058	2.69058	2.69058	2.69058	2.69058	2.69058	2.69058	2.69058	2.69058	2.69058	2.69058	2.69058	2.69058	2.69058	2.69058	2.69058	2.69058	2.69058	2.69058	
2.79058	2.79058	2.79058	2.79058	2.79058	2.79058	2.79058	2.79058	2.79058	2.79058	2.79058	2.79058	2.79058	2.79058	2.79058	2.79058	2.79058	2.79058	2.79058	2.79058	2.79058	2.79058	2.79058	2.79058	
2.89058	2.89058	2.89058	2.89058	2.89058	2.89058	2.89058	2.89058	2.89058	2.89058	2.89058	2.89058	2.89058	2.89058	2.89058	2.89058	2.89058	2.89058	2.89058	2.89058	2.89058	2.89058	2.89058	2.89058	
2.99058	2.99058	2.99058	2.99058	2.99058	2.99058	2.99058	2.99058	2.99058	2.99058	2.99058	2.99058	2.99058	2.99058	2.99058	2.99058	2.99058	2.99058	2.99058	2.99058	2.99058	2.99058	2.99058	2.99058	
3.09058	3.09058	3.09058	3.09058	3.09058	3.09058	3.09058	3.09058	3.09058	3.09058	3.09058	3.09058	3.09058	3.09058	3.09058	3.09058	3.09058	3.09058	3.09058	3.09058	3.09058	3.09058	3.09058	3.09058	
3.19058	3.19058	3.19058	3.19058	3.19058	3.19058	3.19058	3.19058	3.19058	3.19058	3.19058	3.19058	3.19058	3.19058	3.19058	3.19058	3.19058	3.19058	3.19058	3.19058	3.19058	3.19058	3.19058	3.19058	
3.29058	3.29058	3.29058	3.29058	3.29058	3.29058	3.29058	3.29058	3.29058	3.29058	3.29058	3.29058	3.29058	3.29058	3.29058	3.29058	3.29058	3.29058	3.29058	3.29058	3.29058	3.29058	3.29058	3.29058	
3.39058	3.39058	3.39058	3.39058	3.39058	3.39058	3.39058	3.39058	3.39058	3.39058	3.39058	3.39058	3.39058	3.39058	3.39058	3.39058	3.39058	3.39058	3.39058	3.39058	3.39058	3.39058	3.39058	3.39058	
3.49058	3.49058	3.49058	3.49058	3.49058	3.49058	3.49058	3.49058	3.49058	3.49058	3.49058	3.49058	3.49058	3.49058	3.49058	3.49058	3.49058	3.49058	3.49058	3.49058	3.49058	3.49058	3.49058	3.49058	
3.59058	3.59058	3.59058	3.59058	3.59058	3.59058	3.59058	3.59058	3.59058	3.59058	3.59058	3.59058	3.59058	3.59058	3.59058	3.59058	3.59058	3.59058	3.59058	3.59058	3.59058	3.59058	3.59058	3.59058	
3.69058	3.69058	3.69058	3.69058	3.69058	3.69058	3.69058	3.69058	3.69058	3.69058	3.69058	3.69058	3.69058	3.69058	3.69058	3.69058	3.69058	3.69058	3.69058	3.69058	3.69058	3.69058	3.69058	3.69058	
3.79058	3.79058	3.79058	3.79058	3.79058	3.79058	3.79058	3.79058	3.79058	3.79058	3.79058	3.79058	3.79058	3.79058	3.79058	3.79058	3.79058	3.79058	3.79058	3.79058	3.79058	3.79058	3.79058	3.79058	
1.98953	1.98953	1.98953	1.98953	1.98953	1.98953	1.98953	1.98953	1.98953	1.98953	1.98953	1.98953	1.98953	1.98953	1.98953	1.98953	1.98953	1.98953	1.98953	1.98953	1.98953	1.98953	1.98953	1.98953	
2.08953	2.08953	2.08953	2.08953	2.08953	2.08953	2.08953	2.08953	2.08953	2.08953	2.08953	2.08953	2.08953	2.08953	2.08953	2.08953	2.08953	2.08953	2.08953	2.08953	2.08953	2.08953	2.08953	2.08953	
2.18953	2.18953	2.18953	2.18953	2.18953	2.18953	2.18953	2.18953	2.18953	2.18953	2.18953	2.18953	2.18953	2.18953	2.18953	2.18953	2.18953	2.18953	2.18953	2.18953	2.18953	2.18953	2.18953	2.18953	
2.28953	2.28953	2.28953	2.28953	2.28953	2.28953	2.28953	2.28953	2.28953	2.28953	2.28953	2.28953	2.28953	2.28953	2.28953	2.28953	2.28953	2.28953	2.28953	2.28953	2.28953	2.28953	2.28953	2.28953	
2.38953	2.38953	2.38953	2.38953	2.38953	2.38953	2.38953	2.38953	2.38953	2.38953	2.38953	2.38953	2.38953	2.38953	2.38953	2.38953	2.38953	2.38953	2.38953	2.38953	2.38953	2.38953	2.38953	2.38953	
2.48953	2.48953	2.48953	2.48953	2.48953	2.48953	2.48953	2.48953	2.48953	2.48953	2.48953	2.48953	2.48953	2.48953	2.48953	2.48953	2.48953	2.48953	2.48953	2.48953	2.48953	2.48953	2.48953	2.48953	
2.58953	2.58953	2.58953	2.58953	2.58953	2.58953	2.58953	2.58953	2.58953	2.58953	2.58953	2.58953	2.58953	2.58953	2.58953	2.58953	2.58953	2.58953	2.58953	2.58953	2.58953	2.58953	2.58953	2.58953	
2.68953	2.68953	2.68953	2.68953	2.68953	2.68953	2.68953	2.68953	2.68953	2.68953	2.68953	2.68953	2.68953	2.68953	2.68953	2.68953	2.68953	2.68953	2.68953	2.68953	2.68953	2.68953	2.68953	2.68953	
2.78953	2.78953	2.78953	2.78953	2.78953	2.78953	2.78953	2.78953	2.78953	2.78953	2.78953	2.78953	2.78953	2.78953	2.78953	2.78953	2.78953	2.78953	2.78953	2.78953	2.78953	2.78953	2.78953	2.78953	
2.88953	2.88953	2.88953	2.88953	2.88953	2.88953	2.88953	2.88953	2.88953	2.88953	2.88953	2.88953	2.88953	2.88953	2.88953	2.88953	2.88953	2.88953	2.88953	2.88953	2.88953	2.88953	2.88953	2.88953	
2.98953	2.98953	2.98953	2.98953	2.98953	2.98953	2.98953	2.98953	2.98953	2.98953	2.98953	2.98953	2.98953	2.98953	2.98953	2.98953	2.98953	2.98953	2.98953	2.98953	2.98953	2.98953	2.98953	2.98953	
3.08953	3.08953	3.08953	3.08953	3.08953	3.08953	3.08953	3.08953	3.08953	3.08953	3.08953	3.08953	3.08953	3.08953	3.08953	3.08953	3.08953	3.08953	3.08953	3.08953	3.08953	3.08953	3.08953	3.08953	
3.18953	3.18953	3.18953	3.18953	3.18953	3.18953	3.18953	3.18953	3.18953	3.18953	3.18953	3.18953	3.18953	3.18953	3.18953	3.18953	3.18953	3.18953	3.18953	3.18953	3.18953	3.18953	3.18953	3.18953	
3.28953	3.28953	3.28953	3.28953	3.28953	3.28953	3.28953	3.28953	3.28953	3.28953	3.28953	3.28953	3.28953	3.28953	3.28953	3.28953	3.28953	3.28953	3.28953	3.28953	3.28953	3.28953	3.28953	3.28953	
3.38953	3.38953	3.38953	3.38953	3.38953	3.38953	3.38953	3.38953	3.38953	3.38953	3.38953	3.38953	3.38953	3.38953	3.38953	3.38953	3.38953	3.38953	3.38953	3.38953	3.38953	3.38953	3.38953	3.38953	
3.48953	3.48953	3.48953	3.48953	3.48953	3.48953	3.48953	3.48953	3.48953	3.48953	3.48953	3.48953	3.48953	3.48953	3.48953	3.48953	3.48953	3.48953	3.48953	3.48953	3.48953	3.48953	3.48953	3.48953	
3.58953	3.58953	3.58953	3.58953	3.58953	3.58953	3.58953	3.58953	3.58953	3.58953	3.58953	3.58953	3.58953	3.58953	3.58953	3.58953	3.58953	3.58953	3.58953	3.58953	3.58953	3.58953	3.58953	3.58953	
3.68953	3.68953	3.68953	3.68953	3.68953	3.68953	3.68953	3.68953	3.68953	3.68953	3.68953	3.68953	3.68953	3.68953	3.68953	3.68953	3.68953	3.68953	3.68953	3.68953	3.68953	3.68953	3.68953	3.68953	
3.78953	3.78953	3.78953	3.78953	3.78953	3.78953	3.78953	3.78953	3.78953	3.78953	3.78953	3.78953	3.78953	3.78953	3.78953	3.78953	3.78953	3.78953	3.78953	3.78953	3.78953	3.78953	3.78953	3.78953	
3.88953	3.88953	3.88953	3.88953	3.88953	3.88953	3.88953	3.88953	3.88953	3.88953	3.88953	3.88953	3.88953	3.88953	3.88953	3.88953	3.88953	3.88953	3.88953	3.88953	3.88953	3.88953	3.88953	3.88953	
3.98953	3.98953	3.98953	3.98953	3.98953	3.98953	3.98953	3.98953	3.98953	3.98953	3.98953	3.98953	3.98953	3.98953	3.98953	3.98953	3.98953	3.98953	3.98953	3.98953	3.98953	3.98953	3.98953	3.98953	
