2.99997	2.99997	2.99997	2.99997	2.99997	2.99997	2.99997	2.99997	2.99997	2.99997	2.99997	2.99997	2.99997	2.99997	2.99997	2.99997	2.99997	2.99997	2.99997	2.99997	2.99997	2.99997	2.99997	2.99997	
2.89998	2.89998	2.89998	2.89998	2.89998	2.89998	2.89998	2.89998	2.89998	2.89998	2.89998	2.89998	2.89998	2.89998	2.89998	2.89998	2.89998	2.89998	2.89998	2.89998	2.89998	2.89998	2.89998	2.89998	
2.79998	2.79998	2.79998	2.79998	2.79998	2.79998	2.79998	2.79998	2.79998	2.79998	2.79998	2.79998	2.79998	2.79998	2.79998	2.79998	2.79998	2.79998	2.79998	2.79998	2.79998	2.79998	2.79998	2.79998	
2.69998	2.69998	2.69998	2.69998	2.69998	2.69998	2.69998	2.69998	2.69998	2.69998	2.69998	2.69998	2.69998	2.69998	2.69998	2.69998	2.69998	2.69998	2.69998	2.69998	2.69998	2.69998	2.69998	2.69998	
2.59998	2.59998	2.59998	2.59998	2.59998	2.59998	2.59998	2.59998	2.59998	2.59998	2.59998	2.59998	2.59998	2.59998	2.59998	2.59998	2.59998	2.59998	2.59998	2.59998	2.59998	2.59998	2.59998	2.59998	
2.49998	2.49998	2.49998	2.49998	2.49998	2.49998	2.49998	2.49998	2.49998	2.49998	2.49998	2.49998	2.49998	2.49998	2.49998	2.49998	2.49998	2.49998	2.49998	2.49998	2.49998	2.49998	2.49998	2.49998	
2.39998	2.39998	2.39998	2.39998	2.39998	2.39998	2.39998	2.39998	2.39998	2.39998	2.39998	2.39998	2.39998	2.39998	2.39998	2.39998	2.39998	2.39998	2.39998	2.39998	2.39998	2.39998	2.39998	2.39998	
2.29998	2.29998	2.29998	2.29998	2.29998	2.29998	2.29998	2.29998	2.29998	2.29998	2.29998	2.29998	2.29998	2.29998	2.29998	2.29998	2.29998	2.29998	2.29998	2.29998	2.29998	2.29998	2.29998	2.29998	
2.19998	2.19998	2.19998	2.19998	2.19998	2.19998	2.19998	2.19998	2.19998	2.19998	2.19998	2.19998	2.19998	2.19998	2.19998	2.19998	2.19998	2.19998	2.19998	2.19998	2.19998	2.19998	2.19998	2.19998	
2.09999	2.09999	2.09999	2.09999	2.09999	2.09999	2.09999	2.09999	2.09999	2.09999	2.09999	2.09999	2.09999	2.09999	2.09999	2.09999	2.09999	2.09999	2.09999	2.09999	2.09999	2.09999	2.09999	2.09999	
1.99999	1.99999	1.99999	1.99999	1.99999	1.99999	1.99999	1.99999	1.99999	1.99999	1.99999	1.99999	1.99999	1.99999	1.99999	1.99999	1.99999	1.99999	1.99999	1.99999	1.99999	1.99999	1.99999	1.99999	
1.89999	1.89999	1.89999	1.89999	1.89999	1.89999	1.89999	1.89999	1.89999	1.89999	1.89999	1.89999	1.89999	1.89999	1.89999	1.89999	1.89999	1.89999	1.89999	1.89999	1.89999	1.89999	1.89999	1.89999	
1.79999	1.79999	1.79999	1.79999	1.79999	1.79999	1.79999	1.79999	1.79999	1.79999	1.79999	1.79999	1.79999	1.79999	1.79999	1.79999	1.79999	1.79999	1.79999	1.79999	1.79999	1.79999	1.79999	1.79999	
1.69999	1.69999	1.69999	1.69999	1.69999	1.69999	1.69999	1.69999	1.69999	1.69999	1.69999	1.69999	1.69999	1.69999	1.69999	1.69999	1.69999	1.69999	1.69999	1.69999	1.69999	1.69999	1.69999	1.69999	
1.59999	1.59999	1.59999	1.59999	1.59999	1.59999	1.59999	1.59999	1.59999	1.59999	1.59999	1.59999	1.59999	1.59999	1.59999	1.59999	1.59999	1.59999	1.59999	1.59999	1.59999	1.59999	1.59999	1.59999	
1.49999	1.49999	1.49999	1.49999	1.49999	1.49999	1.49999	1.49999	1.49999	1.49999	1.49999	1.49999	1.49999	1.49999	1.49999	1.49999	1.49999	1.49999	1.49999	1.49999	1.49999	1.49999	1.49999	1.49999	
1.39999	1.39999	1.39999	1.39999	1.39999	1.39999	1.39999	1.39999	1.39999	1.39999	1.39999	1.39999	1.39999	1.39999	1.39999	1.39999	1.39999	1.39999	1.39999	1.39999	1.39999	1.39999	1.39999	1.39999	
1.30000	1.30000	1.30000	1.30000	1.30000	1.30000	1.30000	1.30000	1.30000	1.30000	1.30000	1.30000	1.30000	1.30000	1.30000	1.30000	1.30000	1.30000	1.30000	1.30000	1.30000	1.30000	1.30000	1.30000	
1.20000	1.20000	1.20000	1.20000	1.20000	1.20000	1.20000	1.20000	1.20000	1.20000	1.20000	1.20000	1.20000	1.20000	1.20000	1.20000	1.20000	1.20000	1.20000	1.20000	1.20000	1.20000	1.20000	1.20000	
1.10000	1.10000	1.10000	1.10000	1.10000	1.10000	1.10000	1.10000	1.10000	1.10000	1.10000	1.10000	1.10000	1.10000	1.10000	1.10000	1.10000	1.10000	1.10000	1.10000	1.10000	1.10000	1.10000	1.10000	
1.00000	1.00000	1.00000	1.00000	1.00000	1.00000	1.00000	1.00000	1.00000	1.00000	1.00000	1.00000	1.00000	1.00000	1.00000	1.00000	1.00000	1.00000	1.00000	1.00000	1.00000	1.00000	1.00000	1.00000	
2.79998	2.79998	2.79998	2.79998	2.79998	2.79998	2.79998	2.79998	2.79998	2.79998	2.79998	2.79998	2.79998	2.79998	2.79998	2.79998	2.79998	2.79998	2.79998	2.79998	2.79998	2.79998	2.79998	2.79998	
2.89998	2.89350	2.87452	2.84433	2.80498	2.75915	2.70998	2.66080	2.61498	2.57563	2.54543	2.52645	2.51998	2.52645	2.54543	2.57563	2.61498	2.66080	2.70998	2.75915	2.80498	2.84433	2.87452	2.89350	
2.88151	2.87260	2.84647	2.80491	2.75074	2.68767	2.61998	2.55229	2.48921	2.43505	2.39349	2.36736	2.35845	2.36736	2.39349	2.43505	2.48921	2.55229	2.61998	2.68767	2.75074	2.80491	2.84647	2.87260	
2.84126	2.83066	2.79956	2.75009	2.68562	2.61055	2.52998	2.44941	2.37434	2.30987	2.26040	2.22930	2.21870	2.22930	2.26040	2.30987	2.37434	2.44941	2.52998	2.61055	2.68562	2.75009	2.79956	2.83066	
2.78869	2.77681	2.74197	2.68655	2.61433	2.53023	2.43998	2.34973	2.26563	2.19341	2.13799	2.10316	2.09127	2.10316	2.13799	2.19341	2.26563	2.34973	2.43998	2.53023	2.61433	2.68655	2.74197	2.77681	
2.72747	2.71461	2.67690	2.61691	2.53873	2.44768	2.34998	2.25228	2.16124	2.08306	2.02307	1.98536	1.97250	1.98536	2.02307	2.08306	2.16124	2.25228	2.34998	2.44768	2.53873	2.61691	2.67690	2.71461	
2.65948	2.64587	2.60596	2.54247	2.45973	2.36338	2.25998	2.15659	2.06024	1.97750	1.91401	1.87410	1.86049	1.87410	1.91401	1.97750	2.06024	2.15659	2.25998	2.36338	2.45973	2.54247	2.60596	2.64587	
2.58579	2.57162	2.53008	2.46400	2.37789	2.27760	2.16998	2.06237	1.96208	1.87596	1.80989	1.76835	1.75418	1.76835	1.80989	1.87596	1.96208	2.06237	2.16998	2.27760	2.37789	2.46400	2.53008	2.57162	
2.50706	2.49251	2.44985	2.38198	2.29352	2.19052	2.07999	1.96945	1.86645	1.77800	1.71013	1.66746	1.65291	1.66746	1.71013	1.77800	1.86645	1.96945	2.07999	2.19052	2.29352	2.38198	2.44985	2.49251	
2.42369	2.40891	2.36558	2.29666	2.20684	2.10224	1.98999	1.87774	1.77314	1.68332	1.61439	1.57107	1.55629	1.57107	1.61439	1.68332	1.77314	1.87774	1.98999	2.10224	2.20684	2.29666	2.36558	2.40891	
2.33587	2.32102	2.27748	2.20820	2.11793	2.01280	1.89999	1.78717	1.68205	1.59177	1.52250	1.47896	1.46410	1.47896	1.52250	1.59177	1.68205	1.78717	1.89999	2.01280	2.11793	2.20820	2.27748	2.32102	
2.24369	2.22891	2.18558	2.11666	2.02684	1.92224	1.80999	1.69774	1.59314	1.50332	1.43439	1.39107	1.37629	1.39107	1.43439	1.50332	1.59314	1.69774	1.80999	1.92224	2.02684	2.11666	2.18558	2.22891	
2.14707	2.13252	2.08985	2.02198	1.93353	1.83053	1.71999	1.60945	1.50645	1.41800	1.35013	1.30747	1.29291	1.30747	1.35013	1.41800	1.50645	1.60945	1.71999	1.83053	1.93353	2.02198	2.08985	2.13252	
2.04580	2.03163	1.99009	1.92401	1.83790	1.73761	1.62999	1.52237	1.42209	1.33597	1.26989	1.22835	1.21418	1.22835	1.26989	1.33597	1.42209	1.52237	1.62999	1.73761	1.83790	1.92401	1.99009	2.03163	
1.93949	1.92587	1.88597	1.82248	1.73974	1.64339	1.53999	1.43660	1.34025	1.25751	1.19402	1.15411	1.14050	1.15411	1.19402	1.25751	1.34025	1.43660	1.53999	1.64339	1.73974	1.82248	1.88597	1.92587	
1.82748	1.81462	1.77691	1.71692	1.63874	1.54769	1.44999	1.35229	1.26125	1.18307	1.12308	1.08537	1.07251	1.08537	1.12308	1.18307	1.26125	1.35229	1.44999	1.54769	1.63874	1.71692	1.77691	1.81462	
1.70870	1.69682	1.66198	1.60657	1.53435	1.45025	1.36000	1.26974	1.18564	1.11342	1.05801	1.02317	1.01129	1.02317	1.05801	1.11342	1.18564	1.26974	1.36000	1.45025	1.53435	1.60657	1.66198	1.69682	
1.58128	1.57067	1.53958	1.49011	1.42564	1.35056	1.27000	1.18943	1.11435	1.04989	1.00042	0.96932	0.95871	0.96932	1.00042	1.04989	1.11435	1.18943	1.27000	1.35056	1.42564	1.49011	1.53958	1.57067	
1.44153	1.43262	1.40649	1.36493	1.31076	1.24769	1.18000	1.11231	1.04923	0.99507	0.95351	0.92738	0.91847	0.92738	0.95351	0.99507	1.04923	1.11231	1.18000	1.24769	1.31076	1.36493	1.40649	1.43262	
1.28000	1.27352	1.25454	1.22435	1.18500	1.13917	1.09000	1.04082	0.99500	0.95565	0.92546	0.90648	0.90000	0.90648	0.92546	0.95565	0.99500	1.04082	1.09000	1.13917	1.18500	1.22435	1.25454	1.27352	
1.00000	1.00000	1.00000	1.00000	1.00000	1.00000	1.00000	1.00000	1.00000	1.00000	1.00000	1.00000	1.00000	1.00000	1.00000	1.00000	1.00000	1.00000	1.00000	1.00000	1.00000	1.00000	1.00000	1.00000	
2.59998	2.59998	2.59998	2.59998	2.59998	2.59998	2.59998	2.59998	2.59998	2.59998	2.59998	2.59998	2.59998	2.59998	2.59998	2.59998	2.59998	2.59998	2.59998	2.59998	2.59998	2.59998	2.59998	2.59998	
2.78151	2.77260	2.74647	2.70491	2.65075	2.58767	2.51998	2.45229	2.38921	2.33505	2.29349	2.26736	2.25845	2.26736	2.29349	2.33505	2.38921	2.45229	2.51998	2.58767	2.65075	2.70491	2.74647	2.77260	
2.79998	2.78771	2.75175	2.69454	2.61998	2.53315	2.43998	2.34681	2.25998	2.18543	2.12822	2.09225	2.07999	2.09225	2.12822	2.18543	2.25998	2.34681	2.43998	2.53315	2.61998	2.69454	2.75175	2.78771	
2.78846	2.77386	2.73106	2.66296	2.57422	2.47088	2.35998	2.24908	2.14574	2.05700	1.98891	1.94610	1.93150	1.94610	1.98891	2.05700	2.14574	2.24908	2.35998	2.47088	2.57422	2.66296	2.73106	2.77386	
2.75998	2.74362	2.69567	2.61939	2.51998	2.40421	2.27998	2.15575	2.03999	1.94058	1.86430	1.81634	1.79999	1.81634	1.86430	1.94058	2.03999	2.15575	2.27998	2.40421	2.51998	2.61939	2.69567	2.74362	
2.71959	2.70189	2.64998	2.56740	2.45979	2.33447	2.19998	2.06550	1.94018	1.83257	1.74999	1.69808	1.68038	1.69808	1.74999	1.83257	1.94018	2.06550	2.19998	2.33447	2.45979	2.56740	2.64998	2.70189	
2.66989	2.65115	2.59621	2.50882	2.39494	2.26231	2.11999	1.97766	1.84503	1.73115	1.64376	1.58882	1.57008	1.58882	1.64376	1.73115	1.84503	1.97766	2.11999	2.26231	2.39494	2.50882	2.59621	2.65115	
2.61234	2.59284	2.53566	2.44470	2.32616	2.18812	2.03999	1.89185	1.75381	1.63527	1.54431	1.48713	1.46763	1.48713	1.54431	1.63527	1.75381	1.89185	2.03999	2.18812	2.32616	2.44470	2.53566	2.59284	
2.54786	2.52783	2.46910	2.37567	2.25392	2.11214	1.95999	1.80784	1.66605	1.54430	1.45088	1.39215	1.37212	1.39215	1.45088	1.54430	1.66605	1.80784	1.95999	2.11214	2.25392	2.37567	2.46910	2.52783	
2.47697	2.45663	2.39699	2.30212	2.17848	2.03450	1.87999	1.72548	1.58150	1.45786	1.36298	1.30335	1.28300	1.30335	1.36298	1.45786	1.58150	1.72548	1.87999	2.03450	2.17848	2.30212	2.39699	2.45663	
2.39998	2.37954	2.31960	2.22425	2.09999	1.95528	1.79999	1.64470	1.49999	1.37573	1.28038	1.22044	1.20000	1.22044	1.28038	1.37573	1.49999	1.64470	1.79999	1.95528	2.09999	2.22425	2.31960	2.37954	
2.31698	2.29663	2.23699	2.14212	2.01848	1.87450	1.71999	1.56548	1.42150	1.29786	1.20299	1.14335	1.12301	1.14335	1.20299	1.29786	1.42150	1.56548	1.71999	1.87450	2.01848	2.14212	2.23699	2.29663	
2.22786	2.20783	2.14910	2.05568	1.93393	1.79214	1.63999	1.48784	1.34606	1.22430	1.13088	1.07215	1.05212	1.07215	1.13088	1.22430	1.34606	1.48784	1.63999	1.79214	1.93393	2.05568	2.14910	2.20783	
2.13235	2.11285	2.05567	1.96471	1.84617	1.70813	1.55999	1.41186	1.27381	1.15528	1.06432	1.00714	0.98764	1.00714	1.06432	1.15528	1.27381	1.41186	1.55999	1.70813	1.84617	1.96471	2.05567	2.11285	
2.02990	2.01116	1.95622	1.86883	1.75494	1.62232	1.47999	1.33767	1.20504	1.09115	1.00376	0.94883	0.93009	0.94883	1.00376	1.09115	1.20504	1.33767	1.47999	1.62232	1.75494	1.86883	1.95622	2.01116	
1.91960	1.90190	1.84999	1.76741	1.65980	1.53448	1.39999	1.26551	1.14019	1.03258	0.95000	0.89809	0.88039	0.89809	0.95000	1.03258	1.14019	1.26551	1.39999	1.53448	1.65980	1.76741	1.84999	1.90190	
1.79999	1.78363	1.73568	1.65940	1.55999	1.44423	1.32000	1.19576	1.08000	0.98059	0.90431	0.85636	0.84000	0.85636	0.90431	0.98059	1.08000	1.19576	1.32000	1.44423	1.55999	1.65940	1.73568	1.78363	
1.66848	1.65388	1.61107	1.54298	1.45424	1.35090	1.24000	1.12910	1.02576	0.93702	0.86892	0.82612	0.81152	0.82612	0.86892	0.93702	1.02576	1.12910	1.24000	1.35090	1.45424	1.54298	1.61107	1.65388	
1.51999	1.50773	1.47176	1.41455	1.34000	1.25317	1.16000	1.06682	0.98000	0.90544	0.84823	0.81227	0.80000	0.81227	0.84823	0.90544	0.98000	1.06682	1.16000	1.25317	1.34000	1.41455	1.47176	1.50773	
1.34153	1.33262	1.30649	1.26493	1.21076	1.14769	1.08000	1.01231	0.94923	0.89507	0.85351	0.82738	0.81847	0.82738	0.85351	0.89507	0.94923	1.01231	1.08000	1.14769	1.21076	1.26493	1.30649	1.33262	
1.00000	1.00000	1.00000	1.00000	1.00000	1.00000	1.00000	1.00000	1.00000	1.00000	1.00000	1.00000	1.00000	1.00000	1.00000	1.00000	1.00000	1.00000	1.00000	1.00000	1.00000	1.00000	1.00000	1.00000	
2.39998	2.39998	2.39998	2.39998	2.39998	2.39998	2.39998	2.39998	2.39998	2.39998	2.39998	2.39998	2.39998	2.39998	2.39998	2.39998	2.39998	2.39998	2.39998	2.39998	2.39998	2.39998	2.39998	2.39998	
2.64127	2.63066	2.59956	2.55009	2.48562	2.41055	2.32998	2.24942	2.17434	2.10987	2.06040	2.02931	2.01870	2.02931	2.06040	2.10987	2.17434	2.24942	2.32998	2.41055	2.48562	2.55009	2.59956	2.63066	
2.68846	2.67386	2.63106	2.56296	2.47422	2.37088	2.25998	2.14908	2.04574	1.95700	1.88891	1.84610	1.83150	1.84610	1.88891	1.95700	2.04574	2.14908	2.25998	2.37088	2.47422	2.56296	2.63106	2.67386	
2.69998	2.68260	2.63165	2.55060	2.44498	2.32198	2.18998	2.05799	1.93499	1.82936	1.74832	1.69737	1.67999	1.69737	1.74832	1.82936	1.93499	2.05799	2.18998	2.32198	2.44498	2.55060	2.63165	2.68260	
2.69129	2.67183	2.61475	2.52396	2.40564	2.26785	2.11999	1.97212	1.83433	1.71601	1.62522	1.56815	1.54868	1.56815	1.62522	1.71601	1.83433	1.97212	2.11999	2.26785	2.40564	2.52396	2.61475	2.67183	
2.66844	2.64737	2.58559	2.48730	2.35922	2.21005	2.04999	1.88992	1.74076	1.61267	1.51439	1.45260	1.43153	1.45260	1.51439	1.61267	1.74076	1.88992	2.04999	2.21005	2.35922	2.48730	2.58559	2.64737	
2.63450	2.61220	2.54681	2.44280	2.30724	2.14939	1.97999	1.81059	1.65273	1.51718	1.41316	1.34778	1.32547	1.34778	1.41316	1.51718	1.65273	1.81059	1.97999	2.14939	2.30724	2.44280	2.54681	2.61220	
2.59123	2.56802	2.49996	2.39170	2.25061	2.08631	1.90999	1.73367	1.56937	1.42828	1.32002	1.25196	1.22875	1.25196	1.32002	1.42828	1.56937	1.73367	1.90999	2.08631	2.25061	2.39170	2.49996	2.56802	
2.53969	2.51585	2.44595	2.33476	2.18984	2.02109	1.83999	1.65889	1.49014	1.34522	1.23403	1.16413	1.14028	1.16413	1.23403	1.34522	1.49014	1.65889	1.83999	2.02109	2.18984	2.33476	2.44595	2.51585	
2.48054	2.45633	2.38535	2.27243	2.12527	1.95389	1.76999	1.58609	1.41471	1.26755	1.15463	1.08365	1.05944	1.08365	1.15463	1.26755	1.41471	1.58609	1.76999	1.95389	2.12527	2.27243	2.38535	2.45633	
2.41412	2.38979	2.31845	2.20496	2.05706	1.88482	1.69999	1.51516	1.34292	1.19502	1.08153	1.01019	0.98586	1.01019	1.08153	1.19502	1.34292	1.51516	1.69999	1.88482	2.05706	2.20496	2.31845	2.38979	
2.34055	2.31633	2.24535	2.13243	1.98527	1.81390	1.62999	1.44609	1.27471	1.12755	1.01463	0.94365	0.91944	0.94365	1.01463	1.12755	1.27471	1.44609	1.62999	1.81390	1.98527	2.13243	2.24535	2.31633	
2.25970	2.23586	2.16596	2.05476	1.90985	1.74109	1.55999	1.37890	1.21014	1.06523	0.95403	0.88413	0.86029	0.88413	0.95403	1.06523	1.21014	1.37890	1.55999	1.74109	1.90985	2.05476	2.16596	2.23586	
2.17123	2.14802	2.07996	1.97170	1.83061	1.66631	1.48999	1.31368	1.14937	1.00828	0.90002	0.83197	0.80875	0.83197	0.90002	1.00828	1.14937	1.31368	1.48999	1.66631	1.83061	1.97170	2.07996	2.14802	
2.07451	2.05221	1.98682	1.88281	1.74725	1.58940	1.41999	1.25059	1.09274	0.95718	0.85317	0.78778	0.76548	0.78778	0.85317	0.95718	1.09274	1.25059	1.41999	1.58940	1.74725	1.88281	1.98682	2.05221	
1.96845	1.94738	1.88560	1.78731	1.65922	1.51006	1.35000	1.18993	1.04077	0.91268	0.81440	0.75261	0.73154	0.75261	0.81440	0.91268	1.04077	1.18993	1.35000	1.51006	1.65922	1.78731	1.88560	1.94738	
1.85130	1.83184	1.77476	1.68397	1.56565	1.42786	1.28000	1.13213	0.99434	0.87602	0.78523	0.72816	0.70869	0.72816	0.78523	0.87602	0.99434	1.13213	1.28000	1.42786	1.56565	1.68397	1.77476	1.83184	
1.71999	1.70261	1.65166	1.57062	1.46499	1.34199	1.21000	1.07800	0.95500	0.84938	0.76833	0.71738	0.70000	0.71738	0.76833	0.84938	0.95500	1.07800	1.21000	1.34199	1.46499	1.57062	1.65166	1.70261	
1.56848	1.55388	1.51107	1.44298	1.35424	1.25090	1.14000	1.02910	0.92576	0.83702	0.76892	0.72612	0.71152	0.72612	0.76892	0.83702	0.92576	1.02910	1.14000	1.25090	1.35424	1.44298	1.51107	1.55388	
1.38128	1.37068	1.33958	1.29011	1.22564	1.15057	1.07000	0.98943	0.91436	0.84989	0.80042	0.76932	0.75872	0.76932	0.80042	0.84989	0.91436	0.98943	1.07000	1.15057	1.22564	1.29011	1.33958	1.37068	
1.00000	1.00000	1.00000	1.00000	1.00000	1.00000	1.00000	1.00000	1.00000	1.00000	1.00000	1.00000	1.00000	1.00000	1.00000	1.00000	1.00000	1.00000	1.00000	1.00000	1.00000	1.00000	1.00000	1.00000	
2.19998	2.19998	2.19998	2.19998	2.19998	2.19998	2.19998	2.19998	2.19998	2.19998	2.19998	2.19998	2.19998	2.19998	2.19998	2.19998	2.19998	2.19998	2.19998	2.19998	2.19998	2.19998	2.19998	2.19998	
2.48869	2.47681	2.44197	2.38656	2.31434	2.23024	2.13999	2.04973	1.96563	1.89341	1.83800	1.80316	1.79128	1.80316	1.83800	1.89341	1.96563	2.04973	2.13999	2.23024	2.31434	2.38656	2.44197	2.47681	
2.55998	2.54362	2.49567	2.41939	2.31998	2.20422	2.07999	1.95575	1.83999	1.74058	1.66430	1.61635	1.59999	1.61635	1.66430	1.74058	1.83999	1.95575	2.07999	2.20422	2.31998	2.41939	2.49567	2.54362	
2.59129	2.57183	2.51475	2.42396	2.30564	2.16785	2.01999	1.87212	1.73433	1.61601	1.52522	1.46815	1.44868	1.46815	1.52522	1.61601	1.73433	1.87212	2.01999	2.16785	2.30564	2.42396	2.51475	2.57183	
2.59998	2.57817	2.51424	2.41253	2.27998	2.12563	1.95999	1.79435	1.63999	1.50745	1.40574	1.34180	1.32000	1.34180	1.40574	1.50745	1.63999	1.79435	1.95999	2.12563	2.27998	2.41253	2.51424	2.57817	
2.59280	2.56919	2.49998	2.38988	2.24639	2.07930	1.89999	1.72068	1.55358	1.41010	1.30000	1.23078	1.20718	1.23078	1.30000	1.41010	1.55358	1.72068	1.89999	2.07930	2.24639	2.38988	2.49998	2.56919	
2.57319	2.54821	2.47496	2.35844	2.20659	2.02976	1.83999	1.65022	1.47339	1.32154	1.20502	1.13177	1.10679	1.13177	1.20502	1.32154	1.47339	1.65022	1.83999	2.02976	2.20659	2.35844	2.47496	2.54821	
2.54313	2.51713	2.44089	2.31961	2.16156	1.97751	1.77999	1.58247	1.39842	1.24037	1.11909	1.04285	1.01685	1.04285	1.11909	1.24037	1.39842	1.58247	1.77999	1.97751	2.16156	2.31961	2.44089	2.51713	
2.50382	2.47711	2.39880	2.27424	2.11190	1.92286	1.71999	1.51712	1.32808	1.16574	1.04118	0.96287	0.93616	0.96287	1.04118	1.16574	1.32808	1.51712	1.71999	1.92286	2.11190	2.27424	2.39880	2.47711	
2.45597	2.42885	2.34933	2.22283	2.05798	1.86601	1.65999	1.45398	1.26200	1.09715	0.97065	0.89113	0.86401	0.89113	0.97065	1.09715	1.26200	1.45398	1.65999	1.86601	2.05798	2.22283	2.34933	2.42885	
2.39998	2.37272	2.29280	2.16567	1.99999	1.80704	1.59999	1.39294	1.20000	1.03431	0.90718	0.82726	0.80000	0.82726	0.90718	1.03431	1.20000	1.39294	1.59999	1.80704	1.99999	2.16567	2.29280	2.37272	
2.33597	2.30885	2.22933	2.10284	1.93798	1.74601	1.53999	1.33398	1.14200	0.97715	0.85065	0.77114	0.74401	0.77114	0.85065	0.97715	1.14200	1.33398	1.53999	1.74601	1.93798	2.10284	2.22933	2.30885	
2.26382	2.23711	2.15881	2.03424	1.87191	1.68286	1.47999	1.27712	1.08808	0.92574	0.80118	0.72288	0.69617	0.72288	0.80118	0.92574	1.08808	1.27712	1.47999	1.68286	1.87191	2.03424	2.15881	2.23711	
2.18314	2.15713	2.08089	1.95962	1.80157	1.61751	1.41999	1.22248	1.03842	0.88037	0.75909	0.68286	0.65685	0.68286	0.75909	0.88037	1.03842	1.22248	1.41999	1.61751	1.80157	1.95962	2.08089	2.15713	
2.09320	2.06821	1.99497	1.87845	1.72660	1.54976	1.36000	1.17023	0.99339	0.84154	0.72502	0.65178	0.62679	0.65178	0.72502	0.84154	0.99339	1.17023	1.36000	1.54976	1.72660	1.87845	1.99497	2.06821	
1.99281	1.96920	1.89999	1.78989	1.64640	1.47931	1.30000	1.12068	0.95359	0.81010	0.70000	0.63079	0.60718	0.63079	0.70000	0.81010	0.95359	1.12068	1.30000	1.47931	1.64640	1.78989	1.89999	1.96920	
1.87999	1.85818	1.79425	1.69254	1.55999	1.40564	1.24000	1.07435	0.92000	0.78745	0.68575	0.62181	0.60001	0.62181	0.68575	0.78745	0.92000	1.07435	1.24000	1.40564	1.55999	1.69254	1.79425	1.85818	
1.75130	1.73184	1.67476	1.58397	1.46565	1.32786	1.18000	1.03213	0.89434	0.77602	0.68523	0.62816	0.60869	0.62816	0.68523	0.77602	0.89434	1.03213	1.18000	1.32786	1.46565	1.58397	1.67476	1.73184	
1.59999	1.58364	1.53569	1.45941	1.36000	1.24423	1.12000	0.99577	0.88000	0.78059	0.70431	0.65636	0.64000	0.65636	0.70431	0.78059	0.88000	0.99577	1.12000	1.24423	1.36000	1.45941	1.53569	1.58364	
1.40871	1.39682	1.36199	1.30657	1.23435	1.15025	1.06000	0.96975	0.88565	0.81343	0.75801	0.72317	0.71129	0.72317	0.75801	0.81343	0.88565	0.96975	1.06000	1.15025	1.23435	1.30657	1.36199	1.39682	
1.00000	1.00000	1.00000	1.00000	1.00000	1.00000	1.00000	1.00000	1.00000	1.00000	1.00000	1.00000	1.00000	1.00000	1.00000	1.00000	1.00000	1.00000	1.00000	1.00000	1.00000	1.00000	1.00000	1.00000	
1.99999	1.99999	1.99999	1.99999	1.99999	1.99999	1.99999	1.99999	1.99999	1.99999	1.99999	1.99999	1.99999	1.99999	1.99999	1.99999	1.99999	1.99999	1.99999	1.99999	1.99999	1.99999	1.99999	1.99999	
2.32747	2.31461	2.27690	2.21691	2.13873	2.04769	1.94999	1.85229	1.76124	1.68306	1.62307	1.58536	1.57250	1.58536	1.62307	1.68306	1.76124	1.85229	1.94999	2.04769	2.13873	2.21691	2.27690	2.31461	
2.41960	2.40189	2.34998	2.26741	2.15979	2.03447	1.89999	1.76550	1.64018	1.53257	1.44999	1.39809	1.38038	1.39809	1.44999	1.53257	1.64018	1.76550	1.89999	2.03447	2.15979	2.26741	2.34998	2.40189	
2.46845	2.44737	2.38559	2.28730	2.15922	2.01006	1.84999	1.68992	1.54076	1.41267	1.31439	1.25260	1.23153	1.25260	1.31439	1.41267	1.54076	1.68992	1.84999	2.01006	2.15922	2.28730	2.38559	2.44737	
2.49280	2.46919	2.39998	2.28988	2.14640	1.97930	1.79999	1.62068	1.45358	1.31010	1.20000	1.13079	1.10718	1.13079	1.20000	1.31010	1.45358	1.62068	1.79999	1.97930	2.14640	2.28988	2.39998	2.46919	
2.49998	2.47443	2.39950	2.28031	2.12499	1.94410	1.74999	1.55588	1.37500	1.21967	1.10048	1.02556	1.00000	1.02556	1.10048	1.21967	1.37500	1.55588	1.74999	1.94410	2.12499	2.28031	2.39950	2.47443	
2.49371	2.46666	2.38737	2.26123	2.09685	1.90542	1.69999	1.49456	1.30313	1.13875	1.01261	0.93332	0.90628	0.93332	1.01261	1.13875	1.30313	1.49456	1.69999	1.90542	2.09685	2.26123	2.38737	2.46666	
2.47612	2.44797	2.36544	2.23415	2.06305	1.86381	1.64999	1.43617	1.23693	1.06583	0.93455	0.85202	0.82387	0.85202	0.93455	1.06583	1.23693	1.43617	1.64999	1.86381	2.06305	2.23415	2.36544	2.44797	
2.44851	2.41960	2.33483	2.19998	2.02425	1.81960	1.59999	1.38038	1.17573	1.00000	0.86515	0.78039	0.75148	0.78039	0.86515	1.00000	1.17573	1.38038	1.59999	1.81960	2.02425	2.19998	2.33483	2.41960	
2.41167	2.38231	2.29622	2.15929	1.98083	1.77301	1.54999	1.32698	1.11916	0.94070	0.80376	0.71768	0.68832	0.71768	0.80376	0.94070	1.11916	1.32698	1.54999	1.77301	1.98083	2.15929	2.29622	2.38231	
2.36601	2.33650	2.24998	2.11236	1.93300	1.72413	1.49999	1.27585	1.06699	0.88763	0.75000	0.66349	0.63398	0.66349	0.75000	0.88763	1.06699	1.27585	1.49999	1.72413	1.93300	2.11236	2.24998	2.33650	
2.31167	2.28231	2.19622	2.05929	1.88083	1.67301	1.44999	1.22698	1.01916	0.84070	0.70376	0.61768	0.58832	0.61768	0.70376	0.84070	1.01916	1.22698	1.44999	1.67301	1.88083	2.05929	2.19622	2.28231	
2.24851	2.21960	2.13483	1.99999	1.82425	1.61961	1.39999	1.18038	0.97574	0.80000	0.66516	0.58039	0.55148	0.58039	0.66516	0.80000	0.97574	1.18038	1.39999	1.61961	1.82425	1.99999	2.13483	2.21960	
2.17612	2.14797	2.06544	1.93415	1.76306	1.56381	1.35000	1.13618	0.93693	0.76584	0.63455	0.55202	0.52387	0.55202	0.63455	0.76584	0.93693	1.13618	1.35000	1.56381	1.76306	1.93415	2.06544	2.14797	
2.09371	2.06667	1.98737	1.86124	1.69685	1.50542	1.30000	1.09457	0.90314	0.73875	0.61262	0.53333	0.50628	0.53333	0.61262	0.73875	0.90314	1.09457	1.30000	1.50542	1.69685	1.86124	1.98737	2.06667	
1.99999	1.97443	1.89951	1.78032	1.62499	1.44411	1.25000	1.05588	0.87500	0.71967	0.60049	0.52556	0.50001	0.52556	0.60049	0.71967	0.87500	1.05588	1.25000	1.44411	1.62499	1.78032	1.89951	1.97443	
1.89281	1.86920	1.79999	1.68989	1.54640	1.37931	1.20000	1.02068	0.85359	0.71011	0.60001	0.53079	0.50719	0.53079	0.60001	0.71011	0.85359	1.02068	1.20000	1.37931	1.54640	1.68989	1.79999	1.86920	
1.76846	1.74738	1.68560	1.58731	1.45923	1.31007	1.15000	0.98993	0.84077	0.71268	0.61440	0.55261	0.53154	0.55261	0.61440	0.71268	0.84077	0.98993	1.15000	1.31007	1.45923	1.58731	1.68560	1.74738	
1.61961	1.60190	1.54999	1.46742	1.35980	1.23448	1.10000	0.96551	0.84019	0.73258	0.65000	0.59810	0.58039	0.59810	0.65000	0.73258	0.84019	0.96551	1.10000	1.23448	1.35980	1.46742	1.54999	1.60190	
1.42749	1.41462	1.37691	1.31692	1.23874	1.14770	1.05000	0.95230	0.86126	0.78308	0.72309	0.68538	0.67251	0.68538	0.72309	0.78308	0.86126	0.95230	1.05000	1.14770	1.23874	1.31692	1.37691	1.41462	
1.00000	1.00000	1.00000	1.00000	1.00000	1.00000	1.00000	1.00000	1.00000	1.00000	1.00000	1.00000	1.00000	1.00000	1.00000	1.00000	1.00000	1.00000	1.00000	1.00000	1.00000	1.00000	1.00000	1.00000	
1.79999	1.79999	1.79999	1.79999	1.79999	1.79999	1.79999	1.79999	1.79999	1.79999	1.79999	1.79999	1.79999	1.79999	1.79999	1.79999	1.79999	1.79999	1.79999	1.79999	1.79999	1.79999	1.79999	1.79999	
2.15948	2.14587	2.10596	2.04248	1.95974	1.86339	1.75999	1.65659	1.56024	1.47750	1.41402	1.37411	1.36050	1.37411	1.41402	1.47750	1.56024	1.65659	1.75999	1.86339	1.95974	2.04248	2.10596	2.14587	
2.26989	2.25116	2.19622	2.10883	1.99494	1.86232	1.71999	1.57767	1.44504	1.33115	1.24376	1.18883	1.17009	1.18883	1.24376	1.33115	1.44504	1.57767	1.71999	1.86232	1.99494	2.10883	2.19622	2.25116	
2.33451	2.31220	2.24682	2.14280	2.00725	1.84939	1.67999	1.51059	1.35273	1.21718	1.11317	1.04778	1.02548	1.04778	1.11317	1.21718	1.35273	1.51059	1.67999	1.84939	2.00725	2.14280	2.24682	2.31220	
2.37319	2.34821	2.27496	2.15844	2.00659	1.82976	1.63999	1.45022	1.27339	1.12154	1.00502	0.93177	0.90679	0.93177	1.00502	1.12154	1.27339	1.45022	1.63999	1.82976	2.00659	2.15844	2.27496	2.34821	
2.39371	2.36666	2.28737	2.16123	1.99685	1.80542	1.59999	1.39456	1.20313	1.03875	0.91261	0.83332	0.80628	0.83332	0.91261	1.03875	1.20313	1.39456	1.59999	1.80542	1.99685	2.16123	2.28737	2.36666	
2.39998	2.37136	2.28744	2.15395	1.97999	1.77740	1.55999	1.34259	1.14000	0.96603	0.83254	0.74863	0.72000	0.74863	0.83254	0.96603	1.14000	1.34259	1.55999	1.77740	1.97999	2.15395	2.28744	2.37136	
2.39428	2.36449	2.27715	2.13821	1.95714	1.74628	1.51999	1.29371	1.08285	0.90178	0.76284	0.67550	0.64570	0.67550	0.76284	0.90178	1.08285	1.29371	1.51999	1.74628	1.95714	2.13821	2.27715	2.36449	
2.37798	2.34738	2.25767	2.11497	1.92899	1.71241	1.47999	1.24758	1.03100	0.84502	0.70232	0.61261	0.58201	0.61261	0.70232	0.84502	1.03100	1.24758	1.47999	1.71241	1.92899	2.11497	2.25767	2.34738	
2.35190	2.32083	2.22973	2.08481	1.89595	1.67601	1.43999	1.20397	0.98404	0.79518	0.65026	0.55916	0.52809	0.55916	0.65026	0.79518	0.98404	1.20397	1.43999	1.67601	1.89595	2.08481	2.22973	2.32083	
2.31650	2.28527	2.19371	2.04806	1.85825	1.63720	1.39999	1.16279	0.94174	0.75193	0.60628	0.51472	0.48349	0.51472	0.60628	0.75193	0.94174	1.16279	1.39999	1.63720	1.85825	2.04806	2.19371	2.28527	
2.27190	2.24083	2.14973	2.00481	1.81595	1.59601	1.36000	1.12398	0.90404	0.71518	0.57026	0.47916	0.44809	0.47916	0.57026	0.71518	0.90404	1.12398	1.36000	1.59601	1.81595	2.00481	2.14973	2.24083	
2.21798	2.18738	2.09767	1.95497	1.76899	1.55241	1.32000	1.08758	0.87100	0.68502	0.54232	0.45261	0.42201	0.45261	0.54232	0.68502	0.87100	1.08758	1.32000	1.55241	1.76899	1.95497	2.09767	2.18738	
2.15428	2.12449	2.03715	1.89821	1.71714	1.50628	1.28000	1.05371	0.84285	0.66178	0.52284	0.43550	0.40571	0.43550	0.52284	0.66178	0.84285	1.05371	1.28000	1.50628	1.71714	1.89821	2.03715	2.12449	
2.07999	2.05136	1.96745	1.83396	1.65999	1.45740	1.24000	1.02259	0.82000	0.64603	0.51255	0.42863	0.40001	0.42863	0.51255	0.64603	0.82000	1.02259	1.24000	1.45740	1.65999	1.83396	1.96745	2.05136	
1.99371	1.96667	1.88737	1.76124	1.59685	1.40543	1.20000	0.99457	0.80314	0.63876	0.51262	0.43333	0.40628	0.43333	0.51262	0.63876	0.80314	0.99457	1.20000	1.40543	1.59685	1.76124	1.88737	1.96667	
1.89320	1.86822	1.79497	1.67845	1.52660	1.34976	1.16000	0.97023	0.79340	0.64155	0.52503	0.45178	0.42680	0.45178	0.52503	0.64155	0.79340	0.97023	1.16000	1.34976	1.52660	1.67845	1.79497	1.86822	
1.77451	1.75221	1.68682	1.58281	1.44726	1.28940	1.12000	0.95060	0.79274	0.65719	0.55317	0.48779	0.46548	0.48779	0.55317	0.65719	0.79274	0.95060	1.12000	1.28940	1.44726	1.58281	1.68682	1.75221	
1.62990	1.61116	1.55623	1.46884	1.35495	1.22232	1.08000	0.93767	0.80505	0.69116	0.60377	0.54883	0.53010	0.54883	0.60377	0.69116	0.80505	0.93767	1.08000	1.22232	1.35495	1.46884	1.55623	1.61116	
1.43949	1.42588	1.38597	1.32248	1.23975	1.14340	1.04000	0.93660	0.84025	0.75751	0.69403	0.65412	0.64051	0.65412	0.69403	0.75751	0.84025	0.93660	1.04000	1.14340	1.23975	1.32248	1.38597	1.42588	
1.00000	1.00000	1.00000	1.00000	1.00000	1.00000	1.00000	1.00000	1.00000	1.00000	1.00000	1.00000	1.00000	1.00000	1.00000	1.00000	1.00000	1.00000	1.00000	1.00000	1.00000	1.00000	1.00000	1.00000	
1.59999	1.59999	1.59999	1.59999	1.59999	1.59999	1.59999	1.59999	1.59999	1.59999	1.59999	1.59999	1.59999	1.59999	1.59999	1.59999	1.59999	1.59999	1.59999	1.59999	1.59999	1.59999	1.59999	1.59999	
1.98580	1.97163	1.93009	1.86401	1.77790	1.67761	1.56999	1.46237	1.36209	1.27597	1.20989	1.16835	1.15419	1.16835	1.20989	1.27597	1.36209	1.46237	1.56999	1.67761	1.77790	1.86401	1.93009	1.97163	
2.11235	2.09285	2.03567	1.94471	1.82617	1.68813	1.53999	1.39186	1.25381	1.13528	1.04432	0.98714	0.96764	0.98714	1.04432	1.13528	1.25381	1.39186	1.53999	1.68813	1.82617	1.94471	2.03567	2.09285	
2.19123	2.16802	2.09996	1.99170	1.85061	1.68631	1.50999	1.33368	1.16937	1.02828	0.92002	0.85197	0.82875	0.85197	0.92002	1.02828	1.16937	1.33368	1.50999	1.68631	1.85061	1.99170	2.09996	2.16802	
2.24314	2.21713	2.14089	2.01962	1.86156	1.67751	1.47999	1.28248	1.09842	0.94037	0.81909	0.74286	0.71685	0.74286	0.81909	0.94037	1.09842	1.28248	1.47999	1.67751	1.86156	2.01962	2.14089	2.21713	
2.27612	2.24797	2.16544	2.03415	1.86306	1.66381	1.44999	1.23618	1.03693	0.86584	0.73455	0.65202	0.62387	0.65202	0.73455	0.86584	1.03693	1.23618	1.44999	1.66381	1.86306	2.03415	2.16544	2.24797	
2.29428	2.26449	2.17715	2.03821	1.85714	1.64628	1.41999	1.19371	0.98285	0.80178	0.66284	0.57550	0.54571	0.57550	0.66284	0.80178	0.98285	1.19371	1.41999	1.64628	1.85714	2.03821	2.17715	2.26449	
2.29998	2.26898	2.17807	2.03345	1.84499	1.62552	1.38999	1.15447	0.93500	0.74654	0.60192	0.51101	0.48001	0.51101	0.60192	0.74654	0.93500	1.15447	1.38999	1.62552	1.84499	2.03345	2.17807	2.26898	
2.29465	2.26280	2.16943	2.02090	1.82732	1.60190	1.36000	1.11809	0.89267	0.69910	0.55056	0.45719	0.42534	0.45719	0.55056	0.69910	0.89267	1.11809	1.36000	1.60190	1.82732	2.02090	2.16943	2.26280	
2.27914	2.24680	2.15198	2.00114	1.80457	1.57565	1.33000	1.08434	0.85542	0.65885	0.50801	0.41319	0.38085	0.41319	0.50801	0.65885	0.85542	1.08434	1.33000	1.57565	1.80457	2.00114	2.15198	2.24680	
2.25392	2.22142	2.12612	1.97452	1.77696	1.54689	1.30000	1.05310	0.82303	0.62547	0.47387	0.37857	0.34607	0.37857	0.47387	0.62547	0.82303	1.05310	1.30000	1.54689	1.77696	1.97452	2.12612	2.22142	
2.21914	2.18680	2.09198	1.94114	1.74457	1.51565	1.27000	1.02434	0.79542	0.59885	0.44801	0.35319	0.32085	0.35319	0.44801	0.59885	0.79542	1.02434	1.27000	1.51565	1.74457	1.94114	2.09198	2.18680	
2.17465	2.14280	2.04943	1.90090	1.70732	1.48190	1.24000	0.99809	0.77267	0.57910	0.43056	0.33719	0.30534	0.33719	0.43056	0.57910	0.77267	0.99809	1.24000	1.48190	1.70732	1.90090	2.04943	2.14280	
2.11999	2.08898	1.99807	1.85346	1.66499	1.44552	1.21000	0.97448	0.75500	0.56654	0.42192	0.33102	0.30001	0.33102	0.42192	0.56654	0.75500	0.97448	1.21000	1.44552	1.66499	1.85346	1.99807	2.08898	
2.05429	2.02450	1.93715	1.79821	1.61714	1.40628	1.18000	0.95372	0.74285	0.56178	0.42284	0.33550	0.30571	0.33550	0.42284	0.56178	0.74285	0.95372	1.18000	1.40628	1.61714	1.79821	1.93715	2.02450	
1.97612	1.94797	1.86544	1.73416	1.56306	1.36381	1.15000	0.93618	0.73694	0.56584	0.43455	0.35202	0.32387	0.35202	0.43455	0.56584	0.73694	0.93618	1.15000	1.36381	1.56306	1.73416	1.86544	1.94797	
1.88314	1.85714	1.78090	1.65962	1.50157	1.31751	1.12000	0.92248	0.73843	0.58038	0.45910	0.38286	0.35686	0.38286	0.45910	0.58038	0.73843	0.92248	1.12000	1.31751	1.50157	1.65962	1.78090	1.85714	
1.77124	1.74803	1.67997	1.57171	1.43062	1.26632	1.09000	0.91368	0.74938	0.60829	0.50003	0.43197	0.40876	0.43197	0.50003	0.60829	0.74938	0.91368	1.09000	1.26632	1.43062	1.57171	1.67997	1.74803	
1.63236	1.61285	1.55567	1.46472	1.34618	1.20814	1.06000	0.91186	0.77382	0.65528	0.56432	0.50715	0.48764	0.50715	0.56432	0.65528	0.77382	0.91186	1.06000	1.20814	1.34618	1.46472	1.55567	1.61285	
1.44581	1.43164	1.39010	1.32402	1.23790	1.13762	1.03000	0.92238	0.82210	0.73598	0.66990	0.62836	0.61419	0.62836	0.66990	0.73598	0.82210	0.92238	1.03000	1.13762	1.23790	1.32402	1.39010	1.43164	
1.00000	1.00000	1.00000	1.00000	1.00000	1.00000	1.00000	1.00000	1.00000	1.00000	1.00000	1.00000	1.00000	1.00000	1.00000	1.00000	1.00000	1.00000	1.00000	1.00000	1.00000	1.00000	1.00000	1.00000	
1.39999	1.39999	1.39999	1.39999	1.39999	1.39999	1.39999	1.39999	1.39999	1.39999	1.39999	1.39999	1.39999	1.39999	1.39999	1.39999	1.39999	1.39999	1.39999	1.39999	1.39999	1.39999	1.39999	1.39999	
1.80707	1.79252	1.74986	1.68198	1.59353	1.49053	1.38000	1.26946	1.16646	1.07801	1.01014	0.96747	0.95292	0.96747	1.01014	1.07801	1.16646	1.26946	1.38000	1.49053	1.59353	1.68198	1.74986	1.79252	
1.94787	1.92783	1.86911	1.77568	1.65393	1.51215	1.36000	1.20784	1.06606	0.94431	0.85089	0.79216	0.77213	0.79216	0.85089	0.94431	1.06606	1.20784	1.36000	1.51215	1.65393	1.77568	1.86911	1.92783	
2.03970	2.01586	1.94596	1.83476	1.68985	1.52109	1.34000	1.15890	0.99014	0.84523	0.73403	0.66413	0.64029	0.66413	0.73403	0.84523	0.99014	1.15890	1.34000	1.52109	1.68985	1.83476	1.94596	2.01586	
2.10382	2.07711	1.99881	1.87424	1.71191	1.52287	1.32000	1.11713	0.92808	0.76575	0.64118	0.56288	0.53617	0.56288	0.64118	0.76575	0.92808	1.11713	1.32000	1.52287	1.71191	1.87424	1.99881	2.07711	
2.14851	2.11960	2.03483	1.89999	1.72425	1.51961	1.30000	1.08038	0.87574	0.70000	0.56516	0.48039	0.45148	0.48039	0.56516	0.70000	0.87574	1.08038	1.30000	1.51961	1.72425	1.89999	2.03483	2.11960	
2.17798	2.14738	2.05768	1.91497	1.72899	1.51241	1.28000	1.04758	0.83100	0.64502	0.50232	0.41261	0.38201	0.41261	0.50232	0.64502	0.83100	1.04758	1.28000	1.51241	1.72899	1.91497	2.05768	2.14738	
2.19465	2.16280	2.06943	1.92090	1.72732	1.50190	1.26000	1.01809	0.79267	0.59910	0.45056	0.35719	0.32534	0.35719	0.45056	0.59910	0.79267	1.01809	1.26000	1.50190	1.72732	1.92090	2.06943	2.16280	
2.19998	2.16727	2.07137	1.91881	1.71999	1.48846	1.24000	0.99153	0.76000	0.56118	0.40862	0.31272	0.28001	0.31272	0.40862	0.56118	0.76000	0.99153	1.24000	1.48846	1.71999	1.91881	2.07137	2.16727	
2.19487	2.16165	2.06426	1.90934	1.70743	1.47231	1.22000	0.96768	0.73256	0.53066	0.37573	0.27834	0.24513	0.27834	0.37573	0.53066	0.73256	0.96768	1.22000	1.47231	1.70743	1.90934	2.06426	2.16165	
2.17978	2.14640	2.04851	1.89281	1.68989	1.45358	1.20000	0.94641	0.71011	0.50719	0.35148	0.25360	0.22021	0.25360	0.35148	0.50719	0.71011	0.94641	1.20000	1.45358	1.68989	1.89281	2.04851	2.14640	
2.15487	2.12165	2.02426	1.86934	1.66743	1.43231	1.18000	0.92768	0.69256	0.49066	0.33573	0.23834	0.20513	0.23834	0.33573	0.49066	0.69256	0.92768	1.18000	1.43231	1.66743	1.86934	2.02426	2.12165	
2.11999	2.08727	1.99137	1.83881	1.63999	1.40846	1.16000	0.91153	0.68000	0.48118	0.32862	0.23272	0.20001	0.23272	0.32862	0.48118	0.68000	0.91153	1.16000	1.40846	1.63999	1.83881	1.99137	2.08727	
2.07465	2.04280	1.94943	1.80090	1.60732	1.38190	1.14000	0.89809	0.67267	0.47910	0.33056	0.23719	0.20534	0.23719	0.33056	0.47910	0.67267	0.89809	1.14000	1.38190	1.60732	1.80090	1.94943	2.04280	
2.01798	1.98739	1.89768	1.75497	1.56899	1.35241	1.12000	0.88758	0.67101	0.48503	0.34232	0.25261	0.22201	0.25261	0.34232	0.48503	0.67101	0.88758	1.12000	1.35241	1.56899	1.75497	1.89768	1.98739	
1.94852	1.91960	1.83484	1.69999	1.52426	1.31961	1.10000	0.88039	0.67574	0.50001	0.36516	0.28039	0.25148	0.28039	0.36516	0.50001	0.67574	0.88039	1.10000	1.31961	1.52426	1.69999	1.83484	1.91960	
1.86383	1.83712	1.75881	1.63425	1.47191	1.28287	1.08000	0.87713	0.68809	0.52575	0.40119	0.32288	0.29617	0.32288	0.40119	0.52575	0.68809	0.87713	1.08000	1.28287	1.47191	1.63425	1.75881	1.83712	
1.75970	1.73586	1.66596	1.55477	1.40985	1.24110	1.06000	0.87890	0.71015	0.56523	0.45404	0.38414	0.36029	0.38414	0.45404	0.56523	0.71015	0.87890	1.06000	1.24110	1.40985	1.55477	1.66596	1.73586	
1.62787	1.60784	1.54911	1.45569	1.33393	1.19215	1.04000	0.88785	0.74606	0.62431	0.53089	0.47216	0.45213	0.47216	0.53089	0.62431	0.74606	0.88785	1.04000	1.19215	1.33393	1.45569	1.54911	1.60784	
1.44708	1.43252	1.38986	1.32199	1.23354	1.13054	1.02000	0.90946	0.80646	0.71801	0.65014	0.60747	0.59292	0.60747	0.65014	0.71801	0.80646	0.90946	1.02000	1.13054	1.23354	1.32199	1.38986	1.43252	
1.00000	1.00000	1.00000	1.00000	1.00000	1.00000	1.00000	1.00000	1.00000	1.00000	1.00000	1.00000	1.00000	1.00000	1.00000	1.00000	1.00000	1.00000	1.00000	1.00000	1.00000	1.00000	1.00000	1.00000	
1.20000	1.20000	1.20000	1.20000	1.20000	1.20000	1.20000	1.20000	1.20000	1.20000	1.20000	1.20000	1.20000	1.20000	1.20000	1.20000	1.20000	1.20000	1.20000	1.20000	1.20000	1.20000	1.20000	1.20000	
1.62370	1.60892	1.56559	1.49667	1.40685	1.30225	1.19000	1.07775	0.97315	0.88333	0.81440	0.77108	0.75630	0.77108	0.81440	0.88333	0.97315	1.07775	1.19000	1.30225	1.40685	1.49667	1.56559	1.60892	
1.77698	1.75664	1.69700	1.60213	1.47849	1.33451	1.18000	1.02549	0.88151	0.75787	0.66299	0.60335	0.58301	0.60335	0.66299	0.75787	0.88151	1.02549	1.18000	1.33451	1.47849	1.60213	1.69700	1.75664	
1.88055	1.85634	1.78536	1.67244	1.52527	1.35390	1.17000	0.98609	0.81472	0.66756	0.55464	0.48366	0.45944	0.48366	0.55464	0.66756	0.81472	0.98609	1.17000	1.35390	1.52527	1.67244	1.78536	1.85634	
1.95598	1.92886	1.84934	1.72284	1.55799	1.36601	1.16000	0.95398	0.76201	0.59716	0.47066	0.39114	0.36402	0.39114	0.47066	0.59716	0.76201	0.95398	1.16000	1.36601	1.55799	1.72284	1.84934	1.92886	
2.01167	1.98231	1.89623	1.75929	1.58083	1.37302	1.15000	0.92698	0.71916	0.54070	0.40377	0.31769	0.28832	0.31769	0.40377	0.54070	0.71916	0.92698	1.15000	1.37302	1.58083	1.75929	1.89623	1.98231	
2.05191	2.02083	1.92973	1.78482	1.59595	1.37602	1.14000	0.90398	0.68404	0.49518	0.35026	0.25916	0.22809	0.25916	0.35026	0.49518	0.68404	0.90398	1.14000	1.37602	1.59595	1.78482	1.92973	2.02083	
2.07914	2.04680	1.95198	1.80115	1.60457	1.37566	1.13000	0.88434	0.65543	0.45885	0.30801	0.21319	0.18085	0.21319	0.30801	0.45885	0.65543	0.88434	1.13000	1.37566	1.60457	1.80115	1.95198	2.04680	
2.09487	2.06165	1.96426	1.80934	1.60743	1.37231	1.12000	0.86768	0.63256	0.43066	0.27573	0.17834	0.14513	0.17834	0.27573	0.43066	0.63256	0.86768	1.12000	1.37231	1.60743	1.80934	1.96426	2.06165	
2.09999	2.06625	1.96735	1.81003	1.60499	1.36623	1.11000	0.85377	0.61501	0.40997	0.25264	0.15374	0.12001	0.15374	0.25264	0.40997	0.61501	0.85377	1.11000	1.36623	1.60499	1.81003	1.96735	2.06625	
2.09497	2.06107	1.96167	1.80355	1.59749	1.35752	1.10000	0.84248	0.60251	0.39645	0.23833	0.13893	0.10502	0.13893	0.23833	0.39645	0.60251	0.84248	1.10000	1.35752	1.59749	1.80355	1.96167	2.06107	
2.07999	2.04625	1.94735	1.79003	1.58499	1.34623	1.09000	0.83377	0.59501	0.38997	0.23264	0.13374	0.10001	0.13374	0.23264	0.38997	0.59501	0.83377	1.09000	1.34623	1.58499	1.79003	1.94735	2.04625	
2.05487	2.02165	1.92426	1.76934	1.56743	1.33231	1.08000	0.82768	0.59256	0.39066	0.23574	0.13835	0.10513	0.13835	0.23574	0.39066	0.59256	0.82768	1.08000	1.33231	1.56743	1.76934	1.92426	2.02165	
2.01914	1.98680	1.89198	1.74115	1.54457	1.31566	1.07000	0.82434	0.59543	0.39885	0.24802	0.15320	0.12085	0.15320	0.24802	0.39885	0.59543	0.82434	1.07000	1.31566	1.54457	1.74115	1.89198	1.98680	
1.97191	1.94084	1.84974	1.70482	1.51595	1.29602	1.06000	0.82398	0.60404	0.41518	0.27026	0.17916	0.14809	0.17916	0.27026	0.41518	0.60404	0.82398	1.06000	1.29602	1.51595	1.70482	1.84974	1.94084	
1.91167	1.88231	1.79623	1.65929	1.48084	1.27302	1.05000	0.82698	0.61916	0.44070	0.30377	0.21769	0.18833	0.21769	0.30377	0.44070	0.61916	0.82698	1.05000	1.27302	1.48084	1.65929	1.79623	1.88231	
1.83598	1.80886	1.72934	1.60284	1.43799	1.24601	1.04000	0.83398	0.64201	0.47716	0.35066	0.27114	0.24402	0.27114	0.35066	0.47716	0.64201	0.83398	1.04000	1.24601	1.43799	1.60284	1.72934	1.80886	
1.74055	1.71634	1.64536	1.53244	1.38528	1.21390	1.03000	0.84609	0.67472	0.52756	0.41464	0.34366	0.31945	0.34366	0.41464	0.52756	0.67472	0.84609	1.03000	1.21390	1.38528	1.53244	1.64536	1.71634	
1.61698	1.59664	1.53700	1.44213	1.31849	1.17451	1.02000	0.86549	0.72151	0.59787	0.50300	0.44336	0.42302	0.44336	0.50300	0.59787	0.72151	0.86549	1.02000	1.17451	1.31849	1.44213	1.53700	1.59664	
1.44370	1.42892	1.38559	1.31667	1.22685	1.12225	1.01000	0.89775	0.79315	0.70333	0.63441	0.59108	0.57630	0.59108	0.63441	0.70333	0.79315	0.89775	1.01000	1.12225	1.22685	1.31667	1.38559	1.42892	
1.00000	1.00000	1.00000	1.00000	1.00000	1.00000	1.00000	1.00000	1.00000	1.00000	1.00000	1.00000	1.00000	1.00000	1.00000	1.00000	1.00000	1.00000	1.00000	1.00000	1.00000	1.00000	1.00000	1.00000	
1.00000	1.00000	1.00000	1.00000	1.00000	1.00000	1.00000	1.00000	1.00000	1.00000	1.00000	1.00000	1.00000	1.00000	1.00000	1.00000	1.00000	1.00000	1.00000	1.00000	1.00000	1.00000	1.00000	1.00000	
1.43588	1.42103	1.37749	1.30822	1.21794	1.11282	1.00000	0.88718	0.78206	0.69178	0.62251	0.57897	0.56412	0.57897	0.62251	0.69178	0.78206	0.88718	1.00000	1.11282	1.21794	1.30822	1.37749	1.42103	
1.59999	1.57955	1.51961	1.42426	1.30000	1.15529	1.00000	0.84471	0.70000	0.57574	0.48039	0.42045	0.40001	0.42045	0.48039	0.57574	0.70000	0.84471	1.00000	1.15529	1.30000	1.42426	1.51961	1.57955	
1.71413	1.68980	1.61846	1.50497	1.35707	1.18483	1.00000	0.81517	0.64293	0.49503	0.38154	0.31020	0.28587	0.31020	0.38154	0.49503	0.64293	0.81517	1.00000	1.18483	1.35707	1.50497	1.61846	1.68980	
1.79999	1.77273	1.69281	1.56568	1.39999	1.20705	1.00000	0.79295	0.60001	0.43432	0.30719	0.22727	0.20001	0.22727	0.30719	0.43432	0.60001	0.79295	1.00000	1.20705	1.39999	1.56568	1.69281	1.77273	
1.86601	1.83651	1.74999	1.61236	1.43301	1.22414	1.00000	0.77586	0.56699	0.38764	0.25001	0.16349	0.13399	0.16349	0.25001	0.38764	0.56699	0.77586	1.00000	1.22414	1.43301	1.61236	1.74999	1.83651	
1.91650	1.88527	1.79372	1.64807	1.45825	1.23721	1.00000	0.76279	0.54175	0.35193	0.20628	0.11473	0.08350	0.11473	0.20628	0.35193	0.54175	0.76279	1.00000	1.23721	1.45825	1.64807	1.79372	1.88527	
1.95393	1.92142	1.82612	1.67453	1.47696	1.24689	1.00000	0.75311	0.52304	0.32547	0.17388	0.07858	0.04607	0.07858	0.17388	0.32547	0.52304	0.75311	1.00000	1.24689	1.47696	1.67453	1.82612	1.92142	
1.97978	1.94640	1.84852	1.69281	1.48989	1.25359	1.00000	0.74641	0.51011	0.30719	0.15148	0.05360	0.02022	0.05360	0.15148	0.30719	0.51011	0.74641	1.00000	1.25359	1.48989	1.69281	1.84852	1.94640	
1.99497	1.96107	1.86167	1.70355	1.49749	1.25752	1.00000	0.74248	0.50251	0.29645	0.13833	0.03893	0.00503	0.03893	0.13833	0.29645	0.50251	0.74248	1.00000	1.25752	1.49749	1.70355	1.86167	1.96107	
1.99999	1.96591	1.86601	1.70710	1.49999	1.25882	1.00000	0.74118	0.50001	0.29290	0.13399	0.03409	0.00001	0.03409	0.13399	0.29290	0.50001	0.74118	1.00000	1.25882	1.49999	1.70710	1.86601	1.96591	
1.99497	1.96107	1.86167	1.70355	1.49749	1.25752	1.00000	0.74248	0.50251	0.29645	0.13833	0.03893	0.00503	0.03893	0.13833	0.29645	0.50251	0.74248	1.00000	1.25752	1.49749	1.70355	1.86167	1.96107	
1.97978	1.94640	1.84852	1.69281	1.48989	1.25359	1.00000	0.74641	0.51011	0.30719	0.15148	0.05360	0.02022	0.05360	0.15148	0.30719	0.51011	0.74641	1.00000	1.25359	1.48989	1.69281	1.84852	1.94640	
1.95393	1.92142	1.82612	1.67453	1.47696	1.24689	1.00000	0.75311	0.52304	0.32547	0.17388	0.07858	0.04607	0.07858	0.17388	0.32547	0.52304	0.75311	1.00000	1.24689	1.47696	1.67453	1.82612	1.92142	
1.91650	1.88527	1.79372	1.64807	1.45825	1.23721	1.00000	0.76279	0.54175	0.35193	0.20628	0.11473	0.08350	0.11473	0.20628	0.35193	0.54175	0.76279	1.00000	1.23721	1.45825	1.64807	1.79372	1.88527	
1.86601	1.83651	1.74999	1.61236	1.43301	1.22414	1.00000	0.77586	0.56699	0.38764	0.25001	0.16349	0.13399	0.16349	0.25001	0.38764	0.56699	0.77586	1.00000	1.22414	1.43301	1.61236	1.74999	1.83651	
1.79999	1.77273	1.69281	1.56568	1.39999	1.20705	1.00000	0.79295	0.60001	0.43432	0.30719	0.22727	0.20001	0.22727	0.30719	0.43432	0.60001	0.79295	1.00000	1.20705	1.39999	1.56568	1.69281	1.77273	
1.71413	1.68980	1.61846	1.50497	1.35707	1.18483	1.00000	0.81517	0.64293	0.49503	0.38154	0.31020	0.28587	0.31020	0.38154	0.49503	0.64293	0.81517	1.00000	1.18483	1.35707	1.50497	1.61846	1.68980	
1.59999	1.57955	1.51961	1.42426	1.30000	1.15529	1.00000	0.84471	0.70000	0.57574	0.48039	0.42045	0.40001	0.42045	0.48039	0.57574	0.70000	0.84471	1.00000	1.15529	1.30000	1.42426	1.51961	1.57955	
1.43588	1.42103	1.37749	1.30822	1.21794	1.11282	1.00000	0.88718	0.78206	0.69178	0.62251	0.57897	0.56412	0.57897	0.62251	0.69178	0.78206	0.88718	1.00000	1.11282	1.21794	1.30822	1.37749	1.42103	
1.00000	1.00000	1.00000	1.00000	1.00000	1.00000	1.00000	1.00000	1.00000	1.00000	1.00000	1.00000	1.00000	1.00000	1.00000	1.00000	1.00000	1.00000	1.00000	1.00000	1.00000	1.00000	1.00000	1.00000	
0.80000	0.80000	0.80000	0.80000	0.80000	0.80000	0.80000	0.80000	0.80000	0.80000	0.80000	0.80000	0.80000	0.80000	0.80000	0.80000	0.80000	0.80000	0.80000	0.80000	0.80000	0.80000	0.80000	0.80000	
1.24370	1.22892	1.18560	1.11667	1.02685	0.92225	0.81000	0.69775	0.59315	0.50333	0.43441	0.39108	0.37630	0.39108	0.43441	0.50333	0.59315	0.69775	0.81000	0.92225	1.02685	1.11667	1.18560	1.22892	
1.41699	1.39665	1.33701	1.24213	1.11849	0.97451	0.82000	0.66549	0.52151	0.39787	0.30300	0.24336	0.22302	0.24336	0.30300	0.39787	0.52151	0.66549	0.82000	0.97451	1.11849	1.24213	1.33701	1.39665	
1.54056	1.51634	1.44536	1.33244	1.18528	1.01391	0.83000	0.64610	0.47473	0.32756	0.21464	0.14366	0.11945	0.14366	0.21464	0.32756	0.47473	0.64610	0.83000	1.01391	1.18528	1.33244	1.44536	1.51634	
1.63598	1.60886	1.52934	1.40284	1.23799	1.04602	0.84000	0.63399	0.44201	0.27716	0.15066	0.07114	0.04402	0.07114	0.15066	0.27716	0.44201	0.63399	0.84000	1.04602	1.23799	1.40284	1.52934	1.60886	
1.71168	1.68231	1.59623	1.45930	1.28084	1.07302	0.85000	0.62698	0.41917	0.24071	0.10377	0.01769	-0.01167	0.01769	0.10377	0.24071	0.41917	0.62698	0.85000	1.07302	1.28084	1.45930	1.59623	1.68231	
1.77191	1.74084	1.64974	1.50482	1.31596	1.09602	0.86000	0.62398	0.40405	0.21518	0.07027	-0.02083	-0.05191	-0.02083	0.07027	0.21518	0.40405	0.62398	0.86000	1.09602	1.31596	1.50482	1.64974	1.74084	
1.81915	1.78681	1.69199	1.54115	1.34457	1.11566	0.87000	0.62434	0.39543	0.19885	0.04802	-0.04680	-0.07914	-0.04680	0.04802	0.19885	0.39543	0.62434	0.87000	1.11566	1.34457	1.54115	1.69199	1.78681	
1.85487	1.82166	1.72427	1.56934	1.36744	1.13232	0.88000	0.62769	0.39257	0.19066	0.03574	-0.06165	-0.09487	-0.06165	0.03574	0.19066	0.39257	0.62769	0.88000	1.13232	1.36744	1.56934	1.72427	1.82166	
1.87999	1.84626	1.74736	1.59003	1.38499	1.14623	0.89000	0.63377	0.39501	0.18997	0.03265	-0.06625	-0.09999	-0.06625	0.03265	0.18997	0.39501	0.63377	0.89000	1.14623	1.38499	1.59003	1.74736	1.84626	
1.89498	1.86107	1.76167	1.60355	1.39749	1.15752	0.90000	0.64248	0.40251	0.19645	0.03833	-0.06107	-0.09497	-0.06107	0.03833	0.19645	0.40251	0.64248	0.90000	1.15752	1.39749	1.60355	1.76167	1.86107	
1.89999	1.86626	1.76736	1.61003	1.40499	1.16623	0.91000	0.65377	0.41501	0.20997	0.05265	-0.04625	-0.07999	-0.04625	0.05265	0.20997	0.41501	0.65377	0.91000	1.16623	1.40499	1.61003	1.76736	1.86626	
1.89487	1.86165	1.76426	1.60934	1.40744	1.17232	0.92000	0.66769	0.43257	0.23066	0.07574	-0.02165	-0.05487	-0.02165	0.07574	0.23066	0.43257	0.66769	0.92000	1.17232	1.40744	1.60934	1.76426	1.86165	
1.87915	1.84680	1.75198	1.60115	1.40457	1.17566	0.93000	0.68434	0.45543	0.25885	0.10802	0.01320	-0.01914	0.01320	0.10802	0.25885	0.45543	0.68434	0.93000	1.17566	1.40457	1.60115	1.75198	1.84680	
1.85191	1.82084	1.72974	1.58482	1.39596	1.17602	0.94000	0.70398	0.48405	0.29518	0.15026	0.05916	0.02809	0.05916	0.15026	0.29518	0.48405	0.70398	0.94000	1.17602	1.39596	1.58482	1.72974	1.82084	
1.81167	1.78231	1.69623	1.55930	1.38084	1.17302	0.95000	0.72698	0.51916	0.34071	0.20377	0.11769	0.08833	0.11769	0.20377	0.34071	0.51916	0.72698	0.95000	1.17302	1.38084	1.55930	1.69623	1.78231	
1.75598	1.72886	1.64934	1.52284	1.35799	1.16602	0.96000	0.75399	0.56201	0.39716	0.27066	0.19114	0.16402	0.19114	0.27066	0.39716	0.56201	0.75399	0.96000	1.16602	1.35799	1.52284	1.64934	1.72886	
1.68055	1.65634	1.58536	1.47244	1.32528	1.15391	0.97000	0.78610	0.61472	0.46756	0.35464	0.28366	0.25945	0.28366	0.35464	0.46756	0.61472	0.78610	0.97000	1.15391	1.32528	1.47244	1.58536	1.65634	
1.57698	1.55664	1.49700	1.40213	1.27849	1.13451	0.98000	0.82549	0.68151	0.55787	0.46300	0.40336	0.38302	0.40336	0.46300	0.55787	0.68151	0.82549	0.98000	1.13451	1.27849	1.40213	1.49700	1.55664	
1.42370	1.40892	1.36559	1.29667	1.20685	1.10225	0.99000	0.87775	0.77315	0.68333	0.61441	0.57108	0.55630	0.57108	0.61441	0.68333	0.77315	0.87775	0.99000	1.10225	1.20685	1.29667	1.36559	1.40892	
1.00000	1.00000	1.00000	1.00000	1.00000	1.00000	1.00000	1.00000	1.00000	1.00000	1.00000	1.00000	1.00000	1.00000	1.00000	1.00000	1.00000	1.00000	1.00000	1.00000	1.00000	1.00000	1.00000	1.00000	
0.60001	0.60001	0.60001	0.60001	0.60001	0.60001	0.60001	0.60001	0.60001	0.60001	0.60001	0.60001	0.60001	0.60001	0.60001	0.60001	0.60001	0.60001	0.60001	0.60001	0.60001	0.60001	0.60001	0.60001	
1.04708	1.03253	0.98986	0.92199	0.83354	0.73054	0.62000	0.50947	0.40647	0.31802	0.25014	0.20748	0.19293	0.20748	0.25014	0.31802	0.40647	0.50947	0.62000	0.73054	0.83354	0.92199	0.98986	1.03253	
1.22787	1.20784	1.14911	1.05569	0.93394	0.79216	0.64000	0.48785	0.34607	0.22432	0.13089	0.07217	0.05213	0.07217	0.13089	0.22432	0.34607	0.48785	0.64000	0.79216	0.93394	1.05569	1.14911	1.20784	
1.35971	1.33587	1.26597	1.15477	1.00986	0.84110	0.66000	0.47891	0.31015	0.16524	0.05404	-0.01586	-0.03970	-0.01586	0.05404	0.16524	0.31015	0.47891	0.66000	0.84110	1.00986	1.15477	1.26597	1.33587	
1.46383	1.43712	1.35882	1.23425	1.07192	0.88287	0.68000	0.47713	0.28809	0.12576	0.00119	-0.07711	-0.10382	-0.07711	0.00119	0.12576	0.28809	0.47713	0.68000	0.88287	1.07192	1.23425	1.35882	1.43712	
1.54852	1.51961	1.43484	1.30000	1.12426	0.91962	0.70000	0.48039	0.27575	0.10001	-0.03483	-0.11960	-0.14851	-0.11960	-0.03483	0.10001	0.27575	0.48039	0.70000	0.91962	1.12426	1.30000	1.43484	1.51961	
1.61799	1.58739	1.49768	1.35498	1.16900	0.95242	0.72000	0.48759	0.27101	0.08503	-0.05768	-0.14738	-0.17798	-0.14738	-0.05768	0.08503	0.27101	0.48759	0.72000	0.95242	1.16900	1.35498	1.49768	1.58739	
1.67466	1.64281	1.54944	1.40090	1.20733	0.98191	0.74000	0.49810	0.27268	0.07910	-0.06943	-0.16280	-0.19465	-0.16280	-0.06943	0.07910	0.27268	0.49810	0.74000	0.98191	1.20733	1.40090	1.54944	1.64281	
1.71999	1.68728	1.59138	1.43882	1.24000	1.00847	0.76000	0.51154	0.28001	0.08119	-0.07137	-0.16727	-0.19998	-0.16727	-0.07137	0.08119	0.28001	0.51154	0.76000	1.00847	1.24000	1.43882	1.59138	1.68728	
1.75487	1.72166	1.62427	1.46934	1.26744	1.03232	0.78000	0.52769	0.29257	0.09066	-0.06426	-0.16165	-0.19487	-0.16165	-0.06426	0.09066	0.29257	0.52769	0.78000	1.03232	1.26744	1.46934	1.62427	1.72166	
1.77979	1.74640	1.64852	1.49281	1.28989	1.05359	0.80000	0.54642	0.31011	0.10719	-0.04851	-0.14640	-0.17978	-0.14640	-0.04851	0.10719	0.31011	0.54642	0.80000	1.05359	1.28989	1.49281	1.64852	1.74640	
1.79487	1.76166	1.66427	1.50934	1.30744	1.07232	0.82000	0.56769	0.33257	0.13066	-0.02426	-0.12165	-0.15487	-0.12165	-0.02426	0.13066	0.33257	0.56769	0.82000	1.07232	1.30744	1.50934	1.66427	1.76166	
1.79999	1.76728	1.67138	1.51882	1.32000	1.08847	0.84000	0.59154	0.36001	0.16119	0.00863	-0.08727	-0.11999	-0.08727	0.00863	0.16119	0.36001	0.59154	0.84000	1.08847	1.32000	1.51882	1.67138	1.76728	
1.79466	1.76281	1.66944	1.52090	1.32733	1.10191	0.86000	0.61810	0.39268	0.19910	0.05057	-0.04280	-0.07465	-0.04280	0.05057	0.19910	0.39268	0.61810	0.86000	1.10191	1.32733	1.52090	1.66944	1.76281	
1.77799	1.74739	1.65768	1.51497	1.32899	1.11242	0.88000	0.64759	0.43101	0.24503	0.10232	0.01261	-0.01798	0.01261	0.10232	0.24503	0.43101	0.64759	0.88000	1.11242	1.32899	1.51497	1.65768	1.74739	
1.74852	1.71961	1.63484	1.49999	1.32426	1.11961	0.90000	0.68039	0.47574	0.30001	0.16516	0.08040	0.05148	0.08040	0.16516	0.30001	0.47574	0.68039	0.90000	1.11961	1.32426	1.49999	1.63484	1.71961	
1.70383	1.67712	1.59881	1.47425	1.31191	1.12287	0.92000	0.71713	0.52809	0.36575	0.24119	0.16288	0.13617	0.16288	0.24119	0.36575	0.52809	0.71713	0.92000	1.12287	1.31191	1.47425	1.59881	1.67712	
1.63971	1.61586	1.54596	1.43477	1.28985	1.12110	0.94000	0.75890	0.59015	0.44523	0.33404	0.26414	0.24030	0.26414	0.33404	0.44523	0.59015	0.75890	0.94000	1.12110	1.28985	1.43477	1.54596	1.61586	
1.54787	1.52784	1.46911	1.37569	1.25394	1.11215	0.96000	0.80785	0.66607	0.54431	0.45089	0.39216	0.37213	0.39216	0.45089	0.54431	0.66607	0.80785	0.96000	1.11215	1.25394	1.37569	1.46911	1.52784	
1.40708	1.39253	1.34986	1.28199	1.19354	1.09054	0.98000	0.86946	0.76646	0.67801	0.61014	0.56748	0.55292	0.56748	0.61014	0.67801	0.76646	0.86946	0.98000	1.09054	1.19354	1.28199	1.34986	1.39253	
1.00000	1.00000	1.00000	1.00000	1.00000	1.00000	1.00000	1.00000	1.00000	1.00000	1.00000	1.00000	1.00000	1.00000	1.00000	1.00000	1.00000	1.00000	1.00000	1.00000	1.00000	1.00000	1.00000	1.00000	
0.40001	0.40001	0.40001	0.40001	0.40001	0.40001	0.40001	0.40001	0.40001	0.40001	0.40001	0.40001	0.40001	0.40001	0.40001	0.40001	0.40001	0.40001	0.40001	0.40001	0.40001	0.40001	0.40001	0.40001	
0.84581	0.83165	0.79011	0.72403	0.63791	0.53763	0.43001	0.32239	0.22210	0.13599	0.06991	0.02837	0.01420	0.02837	0.06991	0.13599	0.22210	0.32239	0.43001	0.53763	0.63791	0.72403	0.79011	0.83165	
1.03236	1.01286	0.95568	0.86472	0.74619	0.60814	0.46001	0.31187	0.17383	0.05529	-0.03567	-0.09285	-0.11235	-0.09285	-0.03567	0.05529	0.17383	0.31187	0.46001	0.60814	0.74619	0.86472	0.95568	1.01286	
1.17125	1.14803	1.07998	0.97172	0.83063	0.66632	0.49001	0.31369	0.14939	0.00830	-0.09996	-0.16802	-0.19123	-0.16802	-0.09996	0.00830	0.14939	0.31369	0.49001	0.66632	0.83063	0.97172	1.07998	1.14803	
1.28315	1.25714	1.18091	1.05963	0.90158	0.71752	0.52001	0.32249	0.13844	-0.01962	-0.14089	-0.21713	-0.24314	-0.21713	-0.14089	-0.01962	0.13844	0.32249	0.52001	0.71752	0.90158	1.05963	1.18091	1.25714	
1.37613	1.34798	1.26545	1.13416	0.96307	0.76382	0.55001	0.33619	0.13694	-0.03415	-0.16544	-0.24797	-0.27612	-0.24797	-0.16544	-0.03415	0.13694	0.33619	0.55001	0.76382	0.96307	1.13416	1.26545	1.34798	
1.45429	1.42450	1.33716	1.19822	1.01715	0.80629	0.58001	0.35372	0.14286	-0.03821	-0.17715	-0.26449	-0.29428	-0.26449	-0.17715	-0.03821	0.14286	0.35372	0.58001	0.80629	1.01715	1.19822	1.33716	1.42450	
1.51999	1.48899	1.39808	1.25346	1.06500	0.84553	0.61001	0.37448	0.15501	-0.03345	-0.17807	-0.26898	-0.29998	-0.26898	-0.17807	-0.03345	0.15501	0.37448	0.61001	0.84553	1.06500	1.25346	1.39808	1.48899	
1.57466	1.54281	1.44944	1.30090	1.10733	0.88191	0.64000	0.39810	0.17268	-0.02090	-0.16943	-0.26280	-0.29465	-0.26280	-0.16943	-0.02090	0.17268	0.39810	0.64000	0.88191	1.10733	1.30090	1.44944	1.54281	
1.61915	1.58681	1.49199	1.34115	1.14458	0.91566	0.67000	0.42435	0.19543	-0.00114	-0.15198	-0.24680	-0.27914	-0.24680	-0.15198	-0.00114	0.19543	0.42435	0.67000	0.91566	1.14458	1.34115	1.49199	1.58681	
1.65393	1.62143	1.52613	1.37453	1.17697	0.94690	0.70000	0.45311	0.22304	0.02548	-0.12612	-0.22142	-0.25392	-0.22142	-0.12612	0.02548	0.22304	0.45311	0.70000	0.94690	1.17697	1.37453	1.52613	1.62143	
1.67915	1.64681	1.55199	1.40115	1.20458	0.97566	0.73000	0.48435	0.25543	0.05886	-0.09198	-0.18680	-0.21914	-0.18680	-0.09198	0.05886	0.25543	0.48435	0.73000	0.97566	1.20458	1.40115	1.55199	1.64681	
1.69466	1.66281	1.56944	1.42090	1.22733	1.00191	0.76000	0.51810	0.29268	0.09910	-0.04943	-0.14280	-0.17465	-0.14280	-0.04943	0.09910	0.29268	0.51810	0.76000	1.00191	1.22733	1.42090	1.56944	1.66281	
1.69999	1.66898	1.57808	1.43346	1.24500	1.02552	0.79000	0.55448	0.33501	0.14654	0.00193	-0.08898	-0.11999	-0.08898	0.00193	0.14654	0.33501	0.55448	0.79000	1.02552	1.24500	1.43346	1.57808	1.66898	
1.69429	1.66450	1.57716	1.43822	1.25715	1.04628	0.82000	0.59372	0.38286	0.20179	0.06285	-0.02450	-0.05429	-0.02450	0.06285	0.20179	0.38286	0.59372	0.82000	1.04628	1.25715	1.43822	1.57716	1.66450	
1.67613	1.64798	1.56545	1.43416	1.26306	1.06382	0.85000	0.63619	0.43694	0.26584	0.13456	0.05203	0.02388	0.05203	0.13456	0.26584	0.43694	0.63619	0.85000	1.06382	1.26306	1.43416	1.56545	1.64798	
1.64314	1.61714	1.54090	1.41962	1.26157	1.07752	0.88000	0.68249	0.49843	0.34038	0.21910	0.14286	0.11686	0.14286	0.21910	0.34038	0.49843	0.68249	0.88000	1.07752	1.26157	1.41962	1.54090	1.61714	
1.59124	1.56803	1.49997	1.39171	1.25062	1.08632	0.91000	0.73368	0.56938	0.42829	0.32003	0.25197	0.22876	0.25197	0.32003	0.42829	0.56938	0.73368	0.91000	1.08632	1.25062	1.39171	1.49997	1.56803	
1.51236	1.49285	1.43568	1.34472	1.22618	1.08814	0.94000	0.79186	0.65382	0.53528	0.44433	0.38715	0.36764	0.38715	0.44433	0.53528	0.65382	0.79186	0.94000	1.08814	1.22618	1.34472	1.43568	1.49285	
1.38581	1.37164	1.33010	1.26402	1.17790	1.07762	0.97000	0.86238	0.76210	0.67598	0.60990	0.56836	0.55419	0.56836	0.60990	0.67598	0.76210	0.86238	0.97000	1.07762	1.17790	1.26402	1.33010	1.37164	
1.00000	1.00000	1.00000	1.00000	1.00000	1.00000	1.00000	1.00000	1.00000	1.00000	1.00000	1.00000	1.00000	1.00000	1.00000	1.00000	1.00000	1.00000	1.00000	1.00000	1.00000	1.00000	1.00000	1.00000	
0.20001	0.20001	0.20001	0.20001	0.20001	0.20001	0.20001	0.20001	0.20001	0.20001	0.20001	0.20001	0.20001	0.20001	0.20001	0.20001	0.20001	0.20001	0.20001	0.20001	0.20001	0.20001	0.20001	0.20001	
0.63950	0.62589	0.58598	0.52250	0.43976	0.34341	0.24001	0.13661	0.04026	-0.04248	-0.10596	-0.14587	-0.15948	-0.14587	-0.10596	-0.04248	0.04026	0.13661	0.24001	0.34341	0.43976	0.52250	0.58598	0.62589	
0.82991	0.81117	0.75624	0.66885	0.55496	0.42233	0.28001	0.13768	0.00506	-0.10883	-0.19622	-0.25116	-0.26989	-0.25116	-0.19622	-0.10883	0.00506	0.13768	0.28001	0.42233	0.55496	0.66885	0.75624	0.81117	
0.97452	0.95222	0.88683	0.78282	0.64727	0.48941	0.32001	0.15061	-0.00725	-0.14280	-0.24682	-0.31220	-0.33451	-0.31220	-0.24682	-0.14280	-0.00725	0.15061	0.32001	0.48941	0.64727	0.78282	0.88683	0.95222	
1.09321	1.06823	0.99498	0.87846	0.72661	0.54978	0.36001	0.17024	-0.00659	-0.15844	-0.27496	-0.34821	-0.37319	-0.34821	-0.27496	-0.15844	-0.00659	0.17024	0.36001	0.54978	0.72661	0.87846	0.99498	1.06823	
1.19372	1.16668	1.08739	0.96125	0.79687	0.60544	0.40001	0.19458	0.00315	-0.16123	-0.28737	-0.36666	-0.39371	-0.36666	-0.28737	-0.16123	0.00315	0.19458	0.40001	0.60544	0.79687	0.96125	1.08739	1.16668	
1.28000	1.25137	1.16746	1.03397	0.86000	0.65741	0.44001	0.22260	0.02001	-0.15395	-0.28744	-0.37136	-0.39998	-0.37136	-0.28744	-0.15395	0.02001	0.22260	0.44001	0.65741	0.86000	1.03397	1.16746	1.25137	
1.35430	1.32450	1.23716	1.09822	0.91715	0.70629	0.48001	0.25372	0.04286	-0.13821	-0.27715	-0.36449	-0.39428	-0.36449	-0.27715	-0.13821	0.04286	0.25372	0.48001	0.70629	0.91715	1.09822	1.23716	1.32450	
1.41799	1.38739	1.29768	1.15498	0.96900	0.75242	0.52001	0.28759	0.07101	-0.11497	-0.25767	-0.34738	-0.37798	-0.34738	-0.25767	-0.11497	0.07101	0.28759	0.52001	0.75242	0.96900	1.15498	1.29768	1.38739	
1.47191	1.44084	1.34974	1.20482	1.01596	0.79603	0.56001	0.32399	0.10405	-0.08481	-0.22973	-0.32083	-0.35190	-0.32083	-0.22973	-0.08481	0.10405	0.32399	0.56001	0.79603	1.01596	1.20482	1.34974	1.44084	
1.51651	1.48528	1.39372	1.24807	1.05826	0.83721	0.60001	0.36280	0.14175	-0.04806	-0.19371	-0.28527	-0.31650	-0.28527	-0.19371	-0.04806	0.14175	0.36280	0.60001	0.83721	1.05826	1.24807	1.39372	1.48528	
1.55191	1.52084	1.42974	1.28482	1.09596	0.87602	0.64000	0.40399	0.18405	-0.00481	-0.14973	-0.24083	-0.27190	-0.24083	-0.14973	-0.00481	0.18405	0.40399	0.64000	0.87602	1.09596	1.28482	1.42974	1.52084	
1.57799	1.54739	1.45768	1.31498	1.12900	0.91242	0.68000	0.44759	0.23101	0.04503	-0.09767	-0.18738	-0.21798	-0.18738	-0.09767	0.04503	0.23101	0.44759	0.68000	0.91242	1.12900	1.31498	1.45768	1.54739	
1.59429	1.56450	1.47716	1.33822	1.15715	0.94629	0.72000	0.49372	0.28286	0.10179	-0.03715	-0.12449	-0.15428	-0.12449	-0.03715	0.10179	0.28286	0.49372	0.72000	0.94629	1.15715	1.33822	1.47716	1.56450	
1.59999	1.57137	1.48745	1.35397	1.18000	0.97741	0.76000	0.54260	0.34001	0.16604	0.03255	-0.05136	-0.07999	-0.05136	0.03255	0.16604	0.34001	0.54260	0.76000	0.97741	1.18000	1.35397	1.48745	1.57137	
1.59372	1.56667	1.48738	1.36124	1.19686	1.00543	0.80000	0.59457	0.40315	0.23876	0.11263	0.03333	0.00629	0.03333	0.11263	0.23876	0.40315	0.59457	0.80000	1.00543	1.19686	1.36124	1.48738	1.56667	
1.57320	1.54822	1.47497	1.35845	1.20660	1.02977	0.84000	0.65024	0.47340	0.32155	0.20503	0.13178	0.10680	0.13178	0.20503	0.32155	0.47340	0.65024	0.84000	1.02977	1.20660	1.35845	1.47497	1.54822	
1.53452	1.51221	1.44683	1.34281	1.20726	1.04940	0.88000	0.71060	0.55274	0.41719	0.31318	0.24779	0.22549	0.24779	0.31318	0.41719	0.55274	0.71060	0.88000	1.04940	1.20726	1.34281	1.44683	1.51221	
1.46990	1.45117	1.39623	1.30884	1.19495	1.06233	0.92000	0.77768	0.64505	0.53116	0.44377	0.38884	0.37010	0.38884	0.44377	0.53116	0.64505	0.77768	0.92000	1.06233	1.19495	1.30884	1.39623	1.45117	
1.35949	1.34588	1.30597	1.24249	1.15975	1.06340	0.96000	0.85660	0.76025	0.67752	0.61403	0.57412	0.56051	0.57412	0.61403	0.67752	0.76025	0.85660	0.96000	1.06340	1.15975	1.24249	1.30597	1.34588	
1.00000	1.00000	1.00000	1.00000	1.00000	1.00000	1.00000	1.00000	1.00000	1.00000	1.00000	1.00000	1.00000	1.00000	1.00000	1.00000	1.00000	1.00000	1.00000	1.00000	1.00000	1.00000	1.00000	1.00000	
0.00001	0.00001	0.00001	0.00001	0.00001	0.00001	0.00001	0.00001	0.00001	0.00001	0.00001	0.00001	0.00001	0.00001	0.00001	0.00001	0.00001	0.00001	0.00001	0.00001	0.00001	0.00001	0.00001	0.00001	
0.42750	0.41464	0.37693	0.31694	0.23876	0.14771	0.05001	-0.04769	-0.13873	-0.21691	-0.27690	-0.31461	-0.32747	-0.31461	-0.27690	-0.21691	-0.13873	-0.04769	0.05001	0.14771	0.23876	0.31694	0.37693	0.41464	
0.61962	0.60191	0.55001	0.46743	0.35982	0.23450	0.10001	-0.03447	-0.15979	-0.26741	-0.34998	-0.40189	-0.41960	-0.40189	-0.34998	-0.26741	-0.15979	-0.03447	0.10001	0.23450	0.35982	0.46743	0.55001	0.60191	
0.76847	0.74740	0.68561	0.58733	0.45924	0.31008	0.15001	-0.01006	-0.15922	-0.28730	-0.38559	-0.44737	-0.46845	-0.44737	-0.38559	-0.28730	-0.15922	-0.01006	0.15001	0.31008	0.45924	0.58733	0.68561	0.74740	
0.89282	0.86921	0.80000	0.68990	0.54642	0.37932	0.20001	0.02070	-0.14640	-0.28988	-0.39998	-0.46919	-0.49280	-0.46919	-0.39998	-0.28988	-0.14640	0.02070	0.20001	0.37932	0.54642	0.68990	0.80000	0.86921	
1.00000	0.97444	0.89952	0.78033	0.62500	0.44412	0.25001	0.05590	-0.12499	-0.28031	-0.39950	-0.47443	-0.49998	-0.47443	-0.39950	-0.28031	-0.12499	0.05590	0.25001	0.44412	0.62500	0.78033	0.89952	0.97444	
1.09372	1.06668	0.98739	0.86125	0.69687	0.50544	0.30001	0.09458	-0.09685	-0.26123	-0.38737	-0.46666	-0.49371	-0.46666	-0.38737	-0.26123	-0.09685	0.09458	0.30001	0.50544	0.69687	0.86125	0.98739	1.06668	
1.17613	1.14798	1.06545	0.93417	0.76307	0.56383	0.35001	0.13619	-0.06305	-0.23415	-0.36544	-0.44797	-0.47612	-0.44797	-0.36544	-0.23415	-0.06305	0.13619	0.35001	0.56383	0.76307	0.93417	1.06545	1.14798	
1.24852	1.21961	1.13485	1.00000	0.82427	0.61962	0.40001	0.18040	-0.02425	-0.19998	-0.33483	-0.41960	-0.44851	-0.41960	-0.33483	-0.19998	-0.02425	0.18040	0.40001	0.61962	0.82427	1.00000	1.13485	1.21961	
1.31168	1.28232	1.19624	1.05930	0.88084	0.67302	0.45001	0.22699	0.01917	-0.15929	-0.29622	-0.38231	-0.41167	-0.38231	-0.29622	-0.15929	0.01917	0.22699	0.45001	0.67302	0.88084	1.05930	1.19624	1.28232	
1.36602	1.33651	1.25000	1.11237	0.93301	0.72415	0.50001	0.27587	0.06700	-0.11236	-0.24998	-0.33650	-0.36601	-0.33650	-0.24998	-0.11236	0.06700	0.27587	0.50001	0.72415	0.93301	1.11237	1.25000	1.33651	
1.41168	1.38232	1.29624	1.15930	0.98084	0.77302	0.55001	0.32699	0.11917	-0.05929	-0.19622	-0.28231	-0.31167	-0.28231	-0.19622	-0.05929	0.11917	0.32699	0.55001	0.77302	0.98084	1.15930	1.29624	1.38232	
1.44852	1.41961	1.33484	1.20000	1.02426	0.81962	0.60001	0.38039	0.17575	0.00001	-0.13483	-0.21960	-0.24851	-0.21960	-0.13483	0.00001	0.17575	0.38039	0.60001	0.81962	1.02426	1.20000	1.33484	1.41961	
1.47613	1.44798	1.36545	1.23416	1.06307	0.86382	0.65000	0.43619	0.23694	0.06585	-0.06544	-0.14797	-0.17612	-0.14797	-0.06544	0.06585	0.23694	0.43619	0.65000	0.86382	1.06307	1.23416	1.36545	1.44798	
1.49372	1.46667	1.38738	1.26125	1.09686	0.90543	0.70000	0.49458	0.30315	0.13876	0.01263	-0.06667	-0.09371	-0.06667	0.01263	0.13876	0.30315	0.49458	0.70000	0.90543	1.09686	1.26125	1.38738	1.46667	
1.49999	1.47444	1.39951	1.28033	1.12500	0.94412	0.75000	0.55589	0.37501	0.21968	0.10049	0.02557	0.00001	0.02557	0.10049	0.21968	0.37501	0.55589	0.75000	0.94412	1.12500	1.28033	1.39951	1.47444	
1.49281	1.46921	1.39999	1.28989	1.14641	0.97932	0.80000	0.62069	0.45360	0.31011	0.20001	0.13080	0.10719	0.13080	0.20001	0.31011	0.45360	0.62069	0.80000	0.97932	1.14641	1.28989	1.39999	1.46921	
1.46846	1.44739	1.38560	1.28732	1.15923	1.01007	0.85000	0.68993	0.54077	0.41269	0.31440	0.25262	0.23154	0.25262	0.31440	0.41269	0.54077	0.68993	0.85000	1.01007	1.15923	1.28732	1.38560	1.44739	
1.41961	1.40190	1.35000	1.26742	1.15981	1.03449	0.90000	0.76552	0.64020	0.53258	0.45001	0.39810	0.38039	0.39810	0.45001	0.53258	0.64020	0.76552	0.90000	1.03449	1.15981	1.26742	1.35000	1.40190	
1.32749	1.31462	1.27691	1.21692	1.13874	1.04770	0.95000	0.85230	0.76126	0.68308	0.62309	0.58538	0.57251	0.58538	0.62309	0.68308	0.76126	0.85230	0.95000	1.04770	1.13874	1.21692	1.27691	1.31462	
1.00000	1.00000	1.00000	1.00000	1.00000	1.00000	1.00000	1.00000	1.00000	1.00000	1.00000	1.00000	1.00000	1.00000	1.00000	1.00000	1.00000	1.00000	1.00000	1.00000	1.00000	1.00000	1.00000	1.00000	
-0.19998	-0.19998	-0.19998	-0.19998	-0.19998	-0.19998	-0.19998	-0.19998	-0.19998	-0.19998	-0.19998	-0.19998	-0.19998	-0.19998	-0.19998	-0.19998	-0.19998	-0.19998	-0.19998	-0.19998	-0.19998	-0.19998	-0.19998	-0.19998	
0.20872	0.19684	0.16200	0.10659	0.03437	-0.04973	-0.13999	-0.23024	-0.31434	-0.38656	-0.44197	-0.47681	-0.48869	-0.47681	-0.44197	-0.38656	-0.31434	-0.23024	-0.13999	-0.04973	0.03437	0.10659	0.16200	0.19684	
0.40001	0.38365	0.33570	0.25942	0.16001	0.04425	-0.07999	-0.20422	-0.31998	-0.41939	-0.49567	-0.54362	-0.55998	-0.54362	-0.49567	-0.41939	-0.31998	-0.20422	-0.07999	0.04425	0.16001	0.25942	0.33570	0.38365	
0.55132	0.53185	0.47478	0.38399	0.26567	0.12788	-0.01999	-0.16785	-0.30564	-0.42396	-0.51475	-0.57183	-0.59129	-0.57183	-0.51475	-0.42396	-0.30564	-0.16785	-0.01999	0.12788	0.26567	0.38399	0.47478	0.53185	
0.68000	0.65820	0.59426	0.49255	0.36001	0.20565	0.04001	-0.12563	-0.27998	-0.41253	-0.51424	-0.57817	-0.59998	-0.57817	-0.51424	-0.41253	-0.27998	-0.12563	0.04001	0.20565	0.36001	0.49255	0.59426	0.65820	
0.79282	0.76922	0.70000	0.58990	0.44642	0.27932	0.10001	-0.07930	-0.24639	-0.38988	-0.49998	-0.56919	-0.59280	-0.56919	-0.49998	-0.38988	-0.24639	-0.07930	0.10001	0.27932	0.44642	0.58990	0.70000	0.76922	
0.89321	0.86823	0.79498	0.67846	0.52661	0.34978	0.16001	-0.02976	-0.20659	-0.35844	-0.47496	-0.54821	-0.57319	-0.54821	-0.47496	-0.35844	-0.20659	-0.02976	0.16001	0.34978	0.52661	0.67846	0.79498	0.86823	
0.98315	0.95715	0.88091	0.75963	0.60158	0.41753	0.22001	0.02249	-0.16156	-0.31961	-0.44089	-0.51713	-0.54313	-0.51713	-0.44089	-0.31961	-0.16156	0.02249	0.22001	0.41753	0.60158	0.75963	0.88091	0.95715	
1.06384	1.03713	0.95882	0.83426	0.67192	0.48288	0.28001	0.07714	-0.11190	-0.27424	-0.39880	-0.47711	-0.50382	-0.47711	-0.39880	-0.27424	-0.11190	0.07714	0.28001	0.48288	0.67192	0.83426	0.95882	1.03713	
1.13599	1.10887	1.02935	0.90285	0.73800	0.54602	0.34001	0.13399	-0.05798	-0.22283	-0.34933	-0.42885	-0.45597	-0.42885	-0.34933	-0.22283	-0.05798	0.13399	0.34001	0.54602	0.73800	0.90285	1.02935	1.10887	
1.20000	1.17274	1.09282	0.96569	0.80000	0.60706	0.40001	0.19296	0.00001	-0.16567	-0.29280	-0.37272	-0.39998	-0.37272	-0.29280	-0.16567	0.00001	0.19296	0.40001	0.60706	0.80000	0.96569	1.09282	1.17274	
1.25599	1.22886	1.14935	1.02285	0.85800	0.66602	0.46001	0.25399	0.06202	-0.10284	-0.22933	-0.30885	-0.33597	-0.30885	-0.22933	-0.10284	0.06202	0.25399	0.46001	0.66602	0.85800	1.02285	1.14935	1.22886	
1.30383	1.27712	1.19882	1.07426	0.91192	0.72288	0.52001	0.31714	0.12809	-0.03424	-0.15881	-0.23711	-0.26382	-0.23711	-0.15881	-0.03424	0.12809	0.31714	0.52001	0.72288	0.91192	1.07426	1.19882	1.27712	
1.34315	1.31714	1.24091	1.11963	0.96158	0.77752	0.58001	0.38249	0.19843	0.04038	-0.08089	-0.15713	-0.18314	-0.15713	-0.08089	0.04038	0.19843	0.38249	0.58001	0.77752	0.96158	1.11963	1.24091	1.31714	
1.37321	1.34822	1.27498	1.15846	1.00661	0.82977	0.64000	0.45024	0.27340	0.12155	0.00503	-0.06821	-0.09320	-0.06821	0.00503	0.12155	0.27340	0.45024	0.64000	0.82977	1.00661	1.15846	1.27498	1.34822	
1.39282	1.36921	1.30000	1.18990	1.04641	0.87932	0.70000	0.52069	0.35360	0.21011	0.10001	0.03080	0.00719	0.03080	0.10001	0.21011	0.35360	0.52069	0.70000	0.87932	1.04641	1.18990	1.30000	1.36921	
1.39999	1.37819	1.31425	1.21255	1.08000	0.92565	0.76000	0.59436	0.44001	0.30746	0.20575	0.14182	0.12001	0.14182	0.20575	0.30746	0.44001	0.59436	0.76000	0.92565	1.08000	1.21255	1.31425	1.37819	
1.39131	1.37184	1.31477	1.22398	1.10566	0.96787	0.82000	0.67214	0.53435	0.41603	0.32524	0.26816	0.24870	0.26816	0.32524	0.41603	0.53435	0.67214	0.82000	0.96787	1.10566	1.22398	1.31477	1.37184	
1.36000	1.34364	1.29569	1.21941	1.12000	1.00423	0.88000	0.75577	0.64000	0.54059	0.46431	0.41636	0.40001	0.41636	0.46431	0.54059	0.64000	0.75577	0.88000	1.00423	1.12000	1.21941	1.29569	1.34364	
1.28871	1.27683	1.24199	1.18657	1.11435	1.03025	0.94000	0.84975	0.76565	0.69343	0.63801	0.60318	0.59129	0.60318	0.63801	0.69343	0.76565	0.84975	0.94000	1.03025	1.11435	1.18657	1.24199	1.27683	
1.00000	1.00000	1.00000	1.00000	1.00000	1.00000	1.00000	1.00000	1.00000	1.00000	1.00000	1.00000	1.00000	1.00000	1.00000	1.00000	1.00000	1.00000	1.00000	1.00000	1.00000	1.00000	1.00000	1.00000	
-0.39998	-0.39998	-0.39998	-0.39998	-0.39998	-0.39998	-0.39998	-0.39998	-0.39998	-0.39998	-0.39998	-0.39998	-0.39998	-0.39998	-0.39998	-0.39998	-0.39998	-0.39998	-0.39998	-0.39998	-0.39998	-0.39998	-0.39998	-0.39998	
-0.01870	-0.02931	-0.06040	-0.10987	-0.17434	-0.24942	-0.32998	-0.41055	-0.48562	-0.55009	-0.59956	-0.63066	-0.64127	-0.63066	-0.59956	-0.55009	-0.48562	-0.41055	-0.32998	-0.24942	-0.17434	-0.10987	-0.06040	-0.02931	
0.16850	0.15390	0.11109	0.04300	-0.04574	-0.14908	-0.25998	-0.37088	-0.47422	-0.56296	-0.63106	-0.67386	-0.68846	-0.67386	-0.63106	-0.56296	-0.47422	-0.37088	-0.25998	-0.14908	-0.04574	0.04300	0.11109	0.15390	
0.32001	0.30263	0.25168	0.17064	0.06501	-0.05799	-0.18998	-0.32198	-0.44498	-0.55060	-0.63165	-0.68260	-0.69998	-0.68260	-0.63165	-0.55060	-0.44498	-0.32198	-0.18998	-0.05799	0.06501	0.17064	0.25168	0.30263	
0.45132	0.43185	0.37478	0.28399	0.16567	0.02788	-0.11999	-0.26785	-0.40564	-0.52396	-0.61475	-0.67183	-0.69129	-0.67183	-0.61475	-0.52396	-0.40564	-0.26785	-0.11999	0.02788	0.16567	0.28399	0.37478	0.43185	
0.56847	0.54740	0.48561	0.38733	0.25924	0.11008	-0.04999	-0.21005	-0.35922	-0.48730	-0.58559	-0.64737	-0.66844	-0.64737	-0.58559	-0.48730	-0.35922	-0.21005	-0.04999	0.11008	0.25924	0.38733	0.48561	0.54740	
0.67453	0.65222	0.58684	0.48282	0.34727	0.18941	0.02001	-0.14939	-0.30724	-0.44280	-0.54681	-0.61220	-0.63450	-0.61220	-0.54681	-0.44280	-0.30724	-0.14939	0.02001	0.18941	0.34727	0.48282	0.58684	0.65222	
0.77125	0.74804	0.67998	0.57172	0.43063	0.26633	0.09001	-0.08631	-0.25061	-0.39170	-0.49996	-0.56802	-0.59123	-0.56802	-0.49996	-0.39170	-0.25061	-0.08631	0.09001	0.26633	0.43063	0.57172	0.67998	0.74804	
0.85972	0.83587	0.76597	0.65478	0.50986	0.34111	0.16001	-0.02109	-0.18984	-0.33476	-0.44595	-0.51585	-0.53969	-0.51585	-0.44595	-0.33476	-0.18984	-0.02109	0.16001	0.34111	0.50986	0.65478	0.76597	0.83587	
0.94056	0.91635	0.84537	0.73245	0.58529	0.41391	0.23001	0.04611	-0.12527	-0.27243	-0.38535	-0.45633	-0.48054	-0.45633	-0.38535	-0.27243	-0.12527	0.04611	0.23001	0.41391	0.58529	0.73245	0.84537	0.91635	
1.01414	0.98981	0.91847	0.80498	0.65708	0.48484	0.30001	0.11518	-0.05706	-0.20496	-0.31845	-0.38979	-0.41412	-0.38979	-0.31845	-0.20496	-0.05706	0.11518	0.30001	0.48484	0.65708	0.80498	0.91847	0.98981	
1.08056	1.05635	0.98537	0.87245	0.72529	0.55391	0.37001	0.18610	0.01473	-0.13243	-0.24535	-0.31633	-0.34055	-0.31633	-0.24535	-0.13243	0.01473	0.18610	0.37001	0.55391	0.72529	0.87245	0.98537	1.05635	
1.13971	1.11587	1.04597	0.93477	0.78986	0.62110	0.44001	0.25891	0.09015	-0.05476	-0.16596	-0.23586	-0.25970	-0.23586	-0.16596	-0.05476	0.09015	0.25891	0.44001	0.62110	0.78986	0.93477	1.04597	1.11587	
1.19125	1.16803	1.09998	0.99172	0.85063	0.68632	0.51001	0.33369	0.16939	0.02830	-0.07996	-0.14802	-0.17123	-0.14802	-0.07996	0.02830	0.16939	0.33369	0.51001	0.68632	0.85063	0.99172	1.09998	1.16803	
1.23452	1.21222	1.14683	1.04282	0.90726	0.74941	0.58001	0.41060	0.25275	0.11719	0.01318	-0.05221	-0.07451	-0.05221	0.01318	0.11719	0.25275	0.41060	0.58001	0.74941	0.90726	1.04282	1.14683	1.21222	
1.26846	1.24739	1.18560	1.08732	0.95923	0.81007	0.65000	0.48994	0.34078	0.21269	0.11440	0.05262	0.03155	0.05262	0.11440	0.21269	0.34078	0.48994	0.65000	0.81007	0.95923	1.08732	1.18560	1.24739	
1.29131	1.27184	1.21477	1.12398	1.00566	0.86787	0.72000	0.57214	0.43435	0.31603	0.22524	0.16816	0.14870	0.16816	0.22524	0.31603	0.43435	0.57214	0.72000	0.86787	1.00566	1.12398	1.21477	1.27184	
1.30000	1.28262	1.23167	1.15062	1.04500	0.92200	0.79000	0.65801	0.53501	0.42938	0.34834	0.29739	0.28001	0.29739	0.34834	0.42938	0.53501	0.65801	0.79000	0.92200	1.04500	1.15062	1.23167	1.28262	
1.28848	1.27388	1.23108	1.16298	1.07424	0.97090	0.86000	0.74910	0.64576	0.55702	0.48893	0.44612	0.43152	0.44612	0.48893	0.55702	0.64576	0.74910	0.86000	0.97090	1.07424	1.16298	1.23108	1.27388	
1.24128	1.23068	1.19958	1.15011	1.08564	1.01057	0.93000	0.84943	0.77436	0.70989	0.66042	0.62932	0.61872	0.62932	0.66042	0.70989	0.77436	0.84943	0.93000	1.01057	1.08564	1.15011	1.19958	1.23068	
1.00000	1.00000	1.00000	1.00000	1.00000	1.00000	1.00000	1.00000	1.00000	1.00000	1.00000	1.00000	1.00000	1.00000	1.00000	1.00000	1.00000	1.00000	1.00000	1.00000	1.00000	1.00000	1.00000	1.00000	
-0.59998	-0.59998	-0.59998	-0.59998	-0.59998	-0.59998	-0.59998	-0.59998	-0.59998	-0.59998	-0.59998	-0.59998	-0.59998	-0.59998	-0.59998	-0.59998	-0.59998	-0.59998	-0.59998	-0.59998	-0.59998	-0.59998	-0.59998	-0.59998	
-0.25845	-0.26736	-0.29349	-0.33505	-0.38921	-0.45229	-0.51998	-0.58767	-0.65075	-0.70491	-0.74647	-0.77260	-0.78151	-0.77260	-0.74647	-0.70491	-0.65075	-0.58767	-0.51998	-0.45229	-0.38921	-0.33505	-0.29349	-0.26736	
-0.07999	-0.09225	-0.12822	-0.18543	-0.25998	-0.34681	-0.43998	-0.53315	-0.61998	-0.69454	-0.75175	-0.78771	-0.79998	-0.78771	-0.75175	-0.69454	-0.61998	-0.53315	-0.43998	-0.34681	-0.25998	-0.18543	-0.12822	-0.09225	
0.06850	0.05390	0.01109	-0.05700	-0.14574	-0.24908	-0.35998	-0.47088	-0.57422	-0.66296	-0.73106	-0.77386	-0.78846	-0.77386	-0.73106	-0.66296	-0.57422	-0.47088	-0.35998	-0.24908	-0.14574	-0.05700	0.01109	0.05390	
0.20001	0.18366	0.13570	0.05942	-0.03999	-0.15575	-0.27998	-0.40421	-0.51998	-0.61939	-0.69567	-0.74362	-0.75998	-0.74362	-0.69567	-0.61939	-0.51998	-0.40421	-0.27998	-0.15575	-0.03999	0.05942	0.13570	0.18366	
0.31962	0.30192	0.25001	0.16743	0.05982	-0.06550	-0.19998	-0.33447	-0.45979	-0.56740	-0.64998	-0.70189	-0.71959	-0.70189	-0.64998	-0.56740	-0.45979	-0.33447	-0.19998	-0.06550	0.05982	0.16743	0.25001	0.30192	
0.42992	0.41118	0.35624	0.26885	0.15497	0.02234	-0.11999	-0.26231	-0.39494	-0.50882	-0.59621	-0.65115	-0.66989	-0.65115	-0.59621	-0.50882	-0.39494	-0.26231	-0.11999	0.02234	0.15497	0.26885	0.35624	0.41118	
0.53237	0.51287	0.45569	0.36473	0.24619	0.10815	-0.03999	-0.18812	-0.32616	-0.44470	-0.53566	-0.59284	-0.61234	-0.59284	-0.53566	-0.44470	-0.32616	-0.18812	-0.03999	0.10815	0.24619	0.36473	0.45569	0.51287	
0.62788	0.60785	0.54912	0.45570	0.33395	0.19216	0.04001	-0.11214	-0.25392	-0.37567	-0.46910	-0.52783	-0.54786	-0.52783	-0.46910	-0.37567	-0.25392	-0.11214	0.04001	0.19216	0.33395	0.45570	0.54912	0.60785	
0.71700	0.69665	0.63702	0.54214	0.41850	0.27452	0.12001	-0.03450	-0.17848	-0.30212	-0.39699	-0.45663	-0.47697	-0.45663	-0.39699	-0.30212	-0.17848	-0.03450	0.12001	0.27452	0.41850	0.54214	0.63702	0.69665	
0.80000	0.77956	0.71962	0.62427	0.50001	0.35530	0.20001	0.04472	-0.09999	-0.22425	-0.31960	-0.37954	-0.39998	-0.37954	-0.31960	-0.22425	-0.09999	0.04472	0.20001	0.35530	0.50001	0.62427	0.71962	0.77956	
0.87699	0.85665	0.79701	0.70214	0.57850	0.43452	0.28001	0.12550	-0.01848	-0.14212	-0.23699	-0.29663	-0.31698	-0.29663	-0.23699	-0.14212	-0.01848	0.12550	0.28001	0.43452	0.57850	0.70214	0.79701	0.85665	
0.94788	0.92785	0.86912	0.77570	0.65394	0.51216	0.36001	0.20786	0.06607	-0.05568	-0.14910	-0.20783	-0.22786	-0.20783	-0.14910	-0.05568	0.06607	0.20786	0.36001	0.51216	0.65394	0.77570	0.86912	0.92785	
1.01236	0.99286	0.93568	0.84472	0.72619	0.58814	0.44001	0.29187	0.15383	0.03529	-0.05567	-0.11285	-0.13235	-0.11285	-0.05567	0.03529	0.15383	0.29187	0.44001	0.58814	0.72619	0.84472	0.93568	0.99286	
1.06991	1.05117	0.99624	0.90885	0.79496	0.66233	0.52001	0.37768	0.24506	0.13117	0.04378	-0.01116	-0.02990	-0.01116	0.04378	0.13117	0.24506	0.37768	0.52001	0.66233	0.79496	0.90885	0.99624	1.05117	
1.11961	1.10191	1.05000	0.96742	0.85981	0.73449	0.60001	0.46552	0.34020	0.23259	0.15001	0.09810	0.08040	0.09810	0.15001	0.23259	0.34020	0.46552	0.60001	0.73449	0.85981	0.96742	1.05000	1.10191	
1.16000	1.14364	1.09569	1.01941	0.92000	0.80424	0.68000	0.55577	0.44001	0.34060	0.26432	0.21637	0.20001	0.21637	0.26432	0.34060	0.44001	0.55577	0.68000	0.80424	0.92000	1.01941	1.09569	1.14364	
1.18848	1.17388	1.13108	1.06298	0.97424	0.87090	0.76000	0.64910	0.54576	0.45702	0.38893	0.34612	0.33152	0.34612	0.38893	0.45702	0.54576	0.64910	0.76000	0.87090	0.97424	1.06298	1.13108	1.17388	
1.20000	1.18773	1.15177	1.09456	1.02000	0.93318	0.84000	0.74683	0.66000	0.58545	0.52824	0.49227	0.48001	0.49227	0.52824	0.58545	0.66000	0.74683	0.84000	0.93318	1.02000	1.09456	1.15177	1.18773	
1.18153	1.17262	1.14649	1.10493	1.05077	0.98769	0.92000	0.85231	0.78924	0.73507	0.69351	0.66738	0.65847	0.66738	0.69351	0.73507	0.78924	0.85231	0.92000	0.98769	1.05077	1.10493	1.14649	1.17262	
1.00000	1.00000	1.00000	1.00000	1.00000	1.00000	1.00000	1.00000	1.00000	1.00000	1.00000	1.00000	1.00000	1.00000	1.00000	1.00000	1.00000	1.00000	1.00000	1.00000	1.00000	1.00000	1.00000	1.00000	
-0.79998	-0.79998	-0.79998	-0.79998	-0.79998	-0.79998	-0.79998	-0.79998	-0.79998	-0.79998	-0.79998	-0.79998	-0.79998	-0.79998	-0.79998	-0.79998	-0.79998	-0.79998	-0.79998	-0.79998	-0.79998	-0.79998	-0.79998	-0.79998	
-0.51998	-0.52645	-0.54543	-0.57563	-0.61498	-0.66080	-0.70998	-0.75915	-0.80498	-0.84433	-0.87452	-0.89350	-0.89998	-0.89350	-0.87452	-0.84433	-0.80498	-0.75915	-0.70998	-0.66080	-0.61498	-0.57563	-0.54543	-0.52645	
-0.35845	-0.36736	-0.39349	-0.43505	-0.48921	-0.55229	-0.61998	-0.68767	-0.75074	-0.80491	-0.84647	-0.87260	-0.88151	-0.87260	-0.84647	-0.80491	-0.75074	-0.68767	-0.61998	-0.55229	-0.48921	-0.43505	-0.39349	-0.36736	
-0.21870	-0.22930	-0.26040	-0.30987	-0.37434	-0.44941	-0.52998	-0.61055	-0.68562	-0.75009	-0.79956	-0.83066	-0.84126	-0.83066	-0.79956	-0.75009	-0.68562	-0.61055	-0.52998	-0.44941	-0.37434	-0.30987	-0.26040	-0.22930	
-0.09127	-0.10316	-0.13799	-0.19341	-0.26563	-0.34973	-0.43998	-0.53023	-0.61433	-0.68655	-0.74197	-0.77681	-0.78869	-0.77681	-0.74197	-0.68655	-0.61433	-0.53023	-0.43998	-0.34973	-0.26563	-0.19341	-0.13799	-0.10316	
0.02750	0.01464	-0.02307	-0.08306	-0.16124	-0.25228	-0.34998	-0.44768	-0.53873	-0.61691	-0.67690	-0.71461	-0.72747	-0.71461	-0.67690	-0.61691	-0.53873	-0.44768	-0.34998	-0.25228	-0.16124	-0.08306	-0.02307	0.01464	
0.13951	0.12590	0.08599	0.02250	-0.06024	-0.15659	-0.25998	-0.36338	-0.45973	-0.54247	-0.60596	-0.64587	-0.65948	-0.64587	-0.60596	-0.54247	-0.45973	-0.36338	-0.25998	-0.15659	-0.06024	0.02250	0.08599	0.12590	
0.24582	0.23165	0.19011	0.12404	0.03792	-0.06237	-0.16998	-0.27760	-0.37789	-0.46400	-0.53008	-0.57162	-0.58579	-0.57162	-0.53008	-0.46400	-0.37789	-0.27760	-0.16998	-0.06237	0.03792	0.12404	0.19011	0.23165	
0.34709	0.33254	0.28987	0.22200	0.13355	0.03055	-0.07999	-0.19052	-0.29352	-0.38198	-0.44985	-0.49251	-0.50706	-0.49251	-0.44985	-0.38198	-0.29352	-0.19052	-0.07999	0.03055	0.13355	0.22200	0.28987	0.33254	
0.44371	0.42893	0.38561	0.31668	0.22686	0.12226	0.01001	-0.10224	-0.20684	-0.29666	-0.36558	-0.40891	-0.42369	-0.40891	-0.36558	-0.29666	-0.20684	-0.10224	0.01001	0.12226	0.22686	0.31668	0.38561	0.42893	
0.53590	0.52104	0.47750	0.40823	0.31795	0.21283	0.10001	-0.01280	-0.11793	-0.20820	-0.27748	-0.32102	-0.33587	-0.32102	-0.27748	-0.20820	-0.11793	-0.01280	0.10001	0.21283	0.31795	0.40823	0.47750	0.52104	
0.62371	0.60893	0.56561	0.49668	0.40686	0.30226	0.19001	0.07776	-0.02684	-0.11666	-0.18558	-0.22891	-0.24369	-0.22891	-0.18558	-0.11666	-0.02684	0.07776	0.19001	0.30226	0.40686	0.49668	0.56561	0.60893	
0.70709	0.69253	0.64987	0.58200	0.49355	0.39055	0.28001	0.16947	0.06647	-0.02198	-0.08985	-0.13252	-0.14707	-0.13252	-0.08985	-0.02198	0.06647	0.16947	0.28001	0.39055	0.49355	0.58200	0.64987	0.69253	
0.78582	0.77165	0.73011	0.66403	0.57791	0.47763	0.37001	0.26239	0.16210	0.07599	0.00991	-0.03163	-0.04580	-0.03163	0.00991	0.07599	0.16210	0.26239	0.37001	0.47763	0.57791	0.66403	0.73011	0.77165	
0.85950	0.84589	0.80598	0.74249	0.65975	0.56340	0.46001	0.35661	0.26026	0.17752	0.11403	0.07413	0.06051	0.07413	0.11403	0.17752	0.26026	0.35661	0.46001	0.56340	0.65975	0.74249	0.80598	0.84589	
0.92749	0.91463	0.87692	0.81693	0.73875	0.64771	0.55001	0.45231	0.36126	0.28308	0.22309	0.18538	0.17252	0.18538	0.22309	0.28308	0.36126	0.45231	0.55001	0.64771	0.73875	0.81693	0.87692	0.91463	
0.98871	0.97683	0.94199	0.88658	0.81436	0.73026	0.64000	0.54975	0.46565	0.39343	0.33802	0.30318	0.29130	0.30318	0.33802	0.39343	0.46565	0.54975	0.64000	0.73026	0.81436	0.88658	0.94199	0.97683	
1.04129	1.03068	0.99958	0.95011	0.88565	0.81057	0.73000	0.64944	0.57436	0.50989	0.46042	0.42933	0.41872	0.42933	0.46042	0.50989	0.57436	0.64944	0.73000	0.81057	0.88565	0.95011	0.99958	1.03068	
1.08153	1.07262	1.04649	1.00493	0.95077	0.88769	0.82000	0.75231	0.68924	0.63507	0.59351	0.56738	0.55847	0.56738	0.59351	0.63507	0.68924	0.75231	0.82000	0.88769	0.95077	1.00493	1.04649	1.07262	
1.10000	1.09352	1.07454	1.04435	1.00500	0.95918	0.91000	0.86083	0.81500	0.77565	0.74546	0.72648	0.72000	0.72648	0.74546	0.77565	0.81500	0.86083	0.91000	0.95918	1.00500	1.04435	1.07454	1.09352	
1.00000	1.00000	1.00000	1.00000	1.00000	1.00000	1.00000	1.00000	1.00000	1.00000	1.00000	1.00000	1.00000	1.00000	1.00000	1.00000	1.00000	1.00000	1.00000	1.00000	1.00000	1.00000	1.00000	1.00000	
-0.99997	-0.99997	-0.99997	-0.99997	-0.99997	-0.99997	-0.99997	-0.99997	-0.99997	-0.99997	-0.99997	-0.99997	-0.99997	-0.99997	-0.99997	-0.99997	-0.99997	-0.99997	-0.99997	-0.99997	-0.99997	-0.99997	-0.99997	-0.99997	
-0.89998	-0.89998	-0.89998	-0.89998	-0.89998	-0.89998	-0.89998	-0.89998	-0.89998	-0.89998	-0.89998	-0.89998	-0.89998	-0.89998	-0.89998	-0.89998	-0.89998	-0.89998	-0.89998	-0.89998	-0.89998	-0.89998	-0.89998	-0.89998	
-0.79998	-0.79998	-0.79998	-0.79998	-0.79998	-0.79998	-0.79998	-0.79998	-0.79998	-0.79998	-0.79998	-0.79998	-0.79998	-0.79998	-0.79998	-0.79998	-0.79998	-0.79998	-0.79998	-0.79998	-0.79998	-0.79998	-0.79998	-0.79998	
-0.69998	-0.69998	-0.69998	-0.69998	-0.69998	-0.69998	-0.69998	-0.69998	-0.69998	-0.69998	-0.69998	-0.69998	-0.69998	-0.69998	-0.69998	-0.69998	-0.69998	-0.69998	-0.69998	-0.69998	-0.69998	-0.69998	-0.69998	-0.69998	
-0.59998	-0.59998	-0.59998	-0.59998	-0.59998	-0.59998	-0.59998	-0.59998	-0.59998	-0.59998	-0.59998	-0.59998	-0.59998	-0.59998	-0.59998	-0.59998	-0.59998	-0.59998	-0.59998	-0.59998	-0.59998	-0.59998	-0.59998	-0.59998	
-0.49998	-0.49998	-0.49998	-0.49998	-0.49998	-0.49998	-0.49998	-0.49998	-0.49998	-0.49998	-0.49998	-0.49998	-0.49998	-0.49998	-0.49998	-0.49998	-0.49998	-0.49998	-0.49998	-0.49998	-0.49998	-0.49998	-0.49998	-0.49998	
-0.39998	-0.39998	-0.39998	-0.39998	-0.39998	-0.39998	-0.39998	-0.39998	-0.39998	-0.39998	-0.39998	-0.39998	-0.39998	-0.39998	-0.39998	-0.39998	-0.39998	-0.39998	-0.39998	-0.39998	-0.39998	-0.39998	-0.39998	-0.39998	
-0.29998	-0.29998	-0.29998	-0.29998	-0.29998	-0.29998	-0.29998	-0.29998	-0.29998	-0.29998	-0.29998	-0.29998	-0.29998	-0.29998	-0.29998	-0.29998	-0.29998	-0.29998	-0.29998	-0.29998	-0.29998	-0.29998	-0.29998	-0.29998	
-0.19998	-0.19998	-0.19998	-0.19998	-0.19998	-0.19998	-0.19998	-0.19998	-0.19998	-0.19998	-0.19998	-0.19998	-0.19998	-0.19998	-0.19998	-0.19998	-0.19998	-0.19998	-0.19998	-0.19998	-0.19998	-0.19998	-0.19998	-0.19998	
-0.09999	-0.09999	-0.09999	-0.09999	-0.09999	-0.09999	-0.09999	-0.09999	-0.09999	-0.09999	-0.09999	-0.09999	-0.09999	-0.09999	-0.09999	-0.09999	-0.09999	-0.09999	-0.09999	-0.09999	-0.09999	-0.09999	-0.09999	-0.09999	
0.00001	0.00001	0.00001	0.00001	0.00001	0.00001	0.00001	0.00001	0.00001	0.00001	0.00001	0.00001	0.00001	0.00001	0.00001	0.00001	0.00001	0.00001	0.00001	0.00001	0.00001	0.00001	0.00001	0.00001	
0.10001	0.10001	0.10001	0.10001	0.10001	0.10001	0.10001	0.10001	0.10001	0.10001	0.10001	0.10001	0.10001	0.10001	0.10001	0.10001	0.10001	0.10001	0.10001	0.10001	0.10001	0.10001	0.10001	0.10001	
0.20001	0.20001	0.20001	0.20001	0.20001	0.20001	0.20001	0.20001	0.20001	0.20001	0.20001	0.20001	0.20001	0.20001	0.20001	0.20001	0.20001	0.20001	0.20001	0.20001	0.20001	0.20001	0.20001	0.20001	
0.30001	0.30001	0.30001	0.30001	0.30001	0.30001	0.30001	0.30001	0.30001	0.30001	0.30001	0.30001	0.30001	0.30001	0.30001	0.30001	0.30001	0.30001	0.30001	0.30001	0.30001	0.30001	0.30001	0.30001	
0.40001	0.40001	0.40001	0.40001	0.40001	0.40001	0.40001	0.40001	0.40001	0.40001	0.40001	0.40001	0.40001	0.40001	0.40001	0.40001	0.40001	0.40001	0.40001	0.40001	0.40001	0.40001	0.40001	0.40001	
0.50001	0.50001	0.50001	0.50001	0.50001	0.50001	0.50001	0.50001	0.50001	0.50001	0.50001	0.50001	0.50001	0.50001	0.50001	0.50001	0.50001	0.50001	0.50001	0.50001	0.50001	0.50001	0.50001	0.50001	
0.60001	0.60001	0.60001	0.60001	0.60001	0.60001	0.60001	0.60001	0.60001	0.60001	0.60001	0.60001	0.60001	0.60001	0.60001	0.60001	0.60001	0.60001	0.60001	0.60001	0.60001	0.60001	0.60001	0.60001	
0.70000	0.70000	0.70000	0.70000	0.70000	0.70000	0.70000	0.70000	0.70000	0.70000	0.70000	0.70000	0.70000	0.70000	0.70000	0.70000	0.70000	0.70000	0.70000	0.70000	0.70000	0.70000	0.70000	0.70000	
0.80000	0.80000	0.80000	0.80000	0.80000	0.80000	0.80000	0.80000	0.80000	0.80000	0.80000	0.80000	0.80000	0.80000	0.80000	0.80000	0.80000	0.80000	0.80000	0.80000	0.80000	0.80000	0.80000	0.80000	
0.90000	0.90000	0.90000	0.90000	0.90000	0.90000	0.90000	0.90000	0.90000	0.90000	0.90000	0.90000	0.90000	0.90000	0.90000	0.90000	0.90000	0.90000	0.90000	0.90000	0.90000	0.90000	0.90000	0.90000	
1.00000	1.00000	1.00000	1.00000	1.00000	1.00000	1.00000	1.00000	1.00000	1.00000	1.00000	1.00000	1.00000	1.00000	1.00000	1.00000	1.00000	1.00000	1.00000	1.00000	1.00000	1.00000	1.00000	1.00000	
