-0.1853	-0.1853	-0.1853	-0.1853	-0.1853	-0.1853	-0.1853	-0.1853	-0.1853	-0.1853	-0.1853	-0.1853	-0.1853	-0.1853	-0.1853	-0.1853	-0.1853	-0.1853	-0.1853	-0.1853	-0.1853	-0.1853	-0.1853	-0.1853	
-0.0853	-0.0853	-0.0853	-0.0853	-0.0853	-0.0853	-0.0853	-0.0853	-0.0853	-0.0853	-0.0853	-0.0853	-0.0853	-0.0853	-0.0853	-0.0853	-0.0853	-0.0853	-0.0853	-0.0853	-0.0853	-0.0853	-0.0853	-0.0853	
0.0147	0.0147	0.0147	0.0147	0.0147	0.0147	0.0147	0.0147	0.0147	0.0147	0.0147	0.0147	0.0147	0.0147	0.0147	0.0147	0.0147	0.0147	0.0147	0.0147	0.0147	0.0147	0.0147	0.0147	
0.1147	0.1147	0.1147	0.1147	0.1147	0.1147	0.1147	0.1147	0.1147	0.1147	0.1147	0.1147	0.1147	0.1147	0.1147	0.1147	0.1147	0.1147	0.1147	0.1147	0.1147	0.1147	0.1147	0.1147	
0.2147	0.2147	0.2147	0.2147	0.2147	0.2147	0.2147	0.2147	0.2147	0.2147	0.2147	0.2147	0.2147	0.2147	0.2147	0.2147	0.2147	0.2147	0.2147	0.2147	0.2147	0.2147	0.2147	0.2147	
0.3147	0.3147	0.3147	0.3147	0.3147	0.3147	0.3147	0.3147	0.3147	0.3147	0.3147	0.3147	0.3147	0.3147	0.3147	0.3147	0.3147	0.3147	0.3147	0.3147	0.3147	0.3147	0.3147	0.3147	
0.4147	0.4147	0.4147	0.4147	0.4147	0.4147	0.4147	0.4147	0.4147	0.4147	0.4147	0.4147	0.4147	0.4147	0.4147	0.4147	0.4147	0.4147	0.4147	0.4147	0.4147	0.4147	0.4147	0.4147	
0.5147	0.5147	0.5147	0.5147	0.5147	0.5147	0.5147	0.5147	0.5147	0.5147	0.5147	0.5147	0.5147	0.5147	0.5147	0.5147	0.5147	0.5147	0.5147	0.5147	0.5147	0.5147	0.5147	0.5147	
0.6147	0.6147	0.6147	0.6147	0.6147	0.6147	0.6147	0.6147	0.6147	0.6147	0.6147	0.6147	0.6147	0.6147	0.6147	0.6147	0.6147	0.6147	0.6147	0.6147	0.6147	0.6147	0.6147	0.6147	
0.7147	0.7147	0.7147	0.7147	0.7147	0.7147	0.7147	0.7147	0.7147	0.7147	0.7147	0.7147	0.7147	0.7147	0.7147	0.7147	0.7147	0.7147	0.7147	0.7147	0.7147	0.7147	0.7147	0.7147	
0.8147	0.8147	0.8147	0.8147	0.8147	0.8147	0.8147	0.8147	0.8147	0.8147	0.8147	0.8147	0.8147	0.8147	0.8147	0.8147	0.8147	0.8147	0.8147	0.8147	0.8147	0.8147	0.8147	0.8147	
0.9147	0.9147	0.9147	0.9147	0.9147	0.9147	0.9147	0.9147	0.9147	0.9147	0.9147	0.9147	0.9147	0.9147	0.9147	0.9147	0.9147	0.9147	0.9147	0.9147	0.9147	0.9147	0.9147	0.9147	
1.0147	1.0147	1.0147	1.0147	1.0147	1.0147	1.0147	1.0147	1.0147	1.0147	1.0147	1.0147	1.0147	1.0147	1.0147	1.0147	1.0147	1.0147	1.0147	1.0147	1.0147	1.0147	1.0147	1.0147	
1.1147	1.1147	1.1147	1.1147	1.1147	1.1147	1.1147	1.1147	1.1147	1.1147	1.1147	1.1147	1.1147	1.1147	1.1147	1.1147	1.1147	1.1147	1.1147	1.1147	1.1147	1.1147	1.1147	1.1147	
1.2147	1.2147	1.2147	1.2147	1.2147	1.2147	1.2147	1.2147	1.2147	1.2147	1.2147	1.2147	1.2147	1.2147	1.2147	1.2147	1.2147	1.2147	1.2147	1.2147	1.2147	1.2147	1.2147	1.2147	
1.3147	1.3147	1.3147	1.3147	1.3147	1.3147	1.3147	1.3147	1.3147	1.3147	1.3147	1.3147	1.3147	1.3147	1.3147	1.3147	1.3147	1.3147	1.3147	1.3147	1.3147	1.3147	1.3147	1.3147	
1.4147	1.4147	1.4147	1.4147	1.4147	1.4147	1.4147	1.4147	1.4147	1.4147	1.4147	1.4147	1.4147	1.4147	1.4147	1.4147	1.4147	1.4147	1.4147	1.4147	1.4147	1.4147	1.4147	1.4147	
1.5147	1.5147	1.5147	1.5147	1.5147	1.5147	1.5147	1.5147	1.5147	1.5147	1.5147	1.5147	1.5147	1.5147	1.5147	1.5147	1.5147	1.5147	1.5147	1.5147	1.5147	1.5147	1.5147	1.5147	
1.6147	1.6147	1.6147	1.6147	1.6147	1.6147	1.6147	1.6147	1.6147	1.6147	1.6147	1.6147	1.6147	1.6147	1.6147	1.6147	1.6147	1.6147	1.6147	1.6147	1.6147	1.6147	1.6147	1.6147	
1.7147	1.7147	1.7147	1.7147	1.7147	1.7147	1.7147	1.7147	1.7147	1.7147	1.7147	1.7147	1.7147	1.7147	1.7147	1.7147	1.7147	1.7147	1.7147	1.7147	1.7147	1.7147	1.7147	1.7147	
1.8147	1.8147	1.8147	1.8147	1.8147	1.8147	1.8147	1.8147	1.8147	1.8147	1.8147	1.8147	1.8147	1.8147	1.8147	1.8147	1.8147	1.8147	1.8147	1.8147	1.8147	1.8147	1.8147	1.8147	
-0.1667	-0.1667	-0.1667	-0.1667	-0.1667	-0.1667	-0.1667	-0.1667	-0.1667	-0.1667	-0.1667	-0.1667	-0.1667	-0.1667	-0.1667	-0.1667	-0.1667	-0.1667	-0.1667	-0.1667	-0.1667	-0.1667	-0.1667	-0.1667	
-0.0667	-0.0667	-0.0667	-0.0667	-0.0667	-0.0667	-0.0667	-0.0667	-0.0667	-0.0667	-0.0667	-0.0667	-0.0667	-0.0667	-0.0667	-0.0667	-0.0667	-0.0667	-0.0667	-0.0667	-0.0667	-0.0667	-0.0667	-0.0667	
0.0333	0.0333	0.0333	0.0333	0.0333	0.0333	0.0333	0.0333	0.0333	0.0333	0.0333	0.0333	0.0333	0.0333	0.0333	0.0333	0.0333	0.0333	0.0333	0.0333	0.0333	0.0333	0.0333	0.0333	
0.1333	0.1333	0.1333	0.1333	0.1333	0.1333	0.1333	0.1333	0.1333	0.1333	0.1333	0.1333	0.1333	0.1333	0.1333	0.1333	0.1333	0.1333	0.1333	0.1333	0.1333	0.1333	0.1333	0.1333	
0.2333	0.2333	0.2333	0.2333	0.2333	0.2333	0.2333	0.2333	0.2333	0.2333	0.2333	0.2333	0.2333	0.2333	0.2333	0.2333	0.2333	0.2333	0.2333	0.2333	0.2333	0.2333	0.2333	0.2333	
0.3333	0.3333	0.3333	0.3333	0.3333	0.3333	0.3333	0.3333	0.3333	0.3333	0.3333	0.3333	0.3333	0.3333	0.3333	0.3333	0.3333	0.3333	0.3333	0.3333	0.3333	0.3333	0.3333	0.3333	
0.4333	0.4333	0.4333	0.4333	0.4333	0.4333	0.4333	0.4333	0.4333	0.4333	0.4333	0.4333	0.4333	0.4333	0.4333	0.4333	0.4333	0.4333	0.4333	0.4333	0.4333	0.4333	0.4333	0.4333	
0.5333	0.5333	0.5333	0.5333	0.5333	0.5333	0.5333	0.5333	0.5333	0.5333	0.5333	0.5333	0.5333	0.5333	0.5333	0.5333	0.5333	0.5333	0.5333	0.5333	0.5333	0.5333	0.5333	0.5333	
0.6333	0.6333	0.6333	0.6333	0.6333	0.6333	0.6333	0.6333	0.6333	0.6333	0.6333	0.6333	0.6333	0.6333	0.6333	0.6333	0.6333	0.6333	0.6333	0.6333	0.6333	0.6333	0.6333	0.6333	
0.7333	0.7333	0.7333	0.7333	0.7333	0.7333	0.7333	0.7333	0.7333	0.7333	0.7333	0.7333	0.7333	0.7333	0.7333	0.7333	0.7333	0.7333	0.7333	0.7333	0.7333	0.7333	0.7333	0.7333	
0.8333	0.8333	0.8333	0.8333	0.8333	0.8333	0.8333	0.8333	0.8333	0.8333	0.8333	0.8333	0.8333	0.8333	0.8333	0.8333	0.8333	0.8333	0.8333	0.8333	0.8333	0.8333	0.8333	0.8333	
0.9333	0.9333	0.9333	0.9333	0.9333	0.9333	0.9333	0.9333	0.9333	0.9333	0.9333	0.9333	0.9333	0.9333	0.9333	0.9333	0.9333	0.9333	0.9333	0.9333	0.9333	0.9333	0.9333	0.9333	
1.0333	1.0333	1.0333	1.0333	1.0333	1.0333	1.0333	1.0333	1.0333	1.0333	1.0333	1.0333	1.0333	1.0333	1.0333	1.0333	1.0333	1.0333	1.0333	1.0333	1.0333	1.0333	1.0333	1.0333	
1.1333	1.1333	1.1333	1.1333	1.1333	1.1333	1.1333	1.1333	1.1333	1.1333	1.1333	1.1333	1.1333	1.1333	1.1333	1.1333	1.1333	1.1333	1.1333	1.1333	1.1333	1.1333	1.1333	1.1333	
1.2333	1.2333	1.2333	1.2333	1.2333	1.2333	1.2333	1.2333	1.2333	1.2333	1.2333	1.2333	1.2333	1.2333	1.2333	1.2333	1.2333	1.2333	1.2333	1.2333	1.2333	1.2333	1.2333	1.2333	
1.3333	1.3333	1.3333	1.3333	1.3333	1.3333	1.3333	1.3333	1.3333	1.3333	1.3333	1.3333	1.3333	1.3333	1.3333	1.3333	1.3333	1.3333	1.3333	1.3333	1.3333	1.3333	1.3333	1.3333	
1.4333	1.4333	1.4333	1.4333	1.4333	1.4333	1.4333	1.4333	1.4333	1.4333	1.4333	1.4333	1.4333	1.4333	1.4333	1.4333	1.4333	1.4333	1.4333	1.4333	1.4333	1.4333	1.4333	1.4333	
1.5333	1.5333	1.5333	1.5333	1.5333	1.5333	1.5333	1.5333	1.5333	1.5333	1.5333	1.5333	1.5333	1.5333	1.5333	1.5333	1.5333	1.5333	1.5333	1.5333	1.5333	1.5333	1.5333	1.5333	
1.6333	1.6333	1.6333	1.6333	1.6333	1.6333	1.6333	1.6333	1.6333	1.6333	1.6333	1.6333	1.6333	1.6333	1.6333	1.6333	1.6333	1.6333	1.6333	1.6333	1.6333	1.6333	1.6333	1.6333	
1.7333	1.7333	1.7333	1.7333	1.7333	1.7333	1.7333	1.7333	1.7333	1.7333	1.7333	1.7333	1.7333	1.7333	1.7333	1.7333	1.7333	1.7333	1.7333	1.7333	1.7333	1.7333	1.7333	1.7333	
1.8333	1.8333	1.8333	1.8333	1.8333	1.8333	1.8333	1.8333	1.8333	1.8333	1.8333	1.8333	1.8333	1.8333	1.8333	1.8333	1.8333	1.8333	1.8333	1.8333	1.8333	1.8333	1.8333	1.8333	
-0.1482	-0.1482	-0.1482	-0.1482	-0.1482	-0.1482	-0.1482	-0.1482	-0.1482	-0.1482	-0.1482	-0.1482	-0.1482	-0.1482	-0.1482	-0.1482	-0.1482	-0.1482	-0.1482	-0.1482	-0.1482	-0.1482	-0.1482	-0.1482	
-0.0482	-0.0482	-0.0482	-0.0482	-0.0482	-0.0482	-0.0482	-0.0482	-0.0482	-0.0482	-0.0482	-0.0482	-0.0482	-0.0482	-0.0482	-0.0482	-0.0482	-0.0482	-0.0482	-0.0482	-0.0482	-0.0482	-0.0482	-0.0482	
0.0518	0.0518	0.0518	0.0518	0.0518	0.0518	0.0518	0.0518	0.0518	0.0518	0.0518	0.0518	0.0518	0.0518	0.0518	0.0518	0.0518	0.0518	0.0518	0.0518	0.0518	0.0518	0.0518	0.0518	
0.1518	0.1518	0.1518	0.1518	0.1518	0.1518	0.1518	0.1518	0.1518	0.1518	0.1518	0.1518	0.1518	0.1518	0.1518	0.1518	0.1518	0.1518	0.1518	0.1518	0.1518	0.1518	0.1518	0.1518	
0.2518	0.2518	0.2518	0.2518	0.2518	0.2518	0.2518	0.2518	0.2518	0.2518	0.2518	0.2518	0.2518	0.2518	0.2518	0.2518	0.2518	0.2518	0.2518	0.2518	0.2518	0.2518	0.2518	0.2518	
0.3518	0.3518	0.3518	0.3518	0.3518	0.3518	0.3518	0.3518	0.3518	0.3518	0.3518	0.3518	0.3518	0.3518	0.3518	0.3518	0.3518	0.3518	0.3518	0.3518	0.3518	0.3518	0.3518	0.3518	
0.4518	0.4518	0.4518	0.4518	0.4518	0.4518	0.4518	0.4518	0.4518	0.4518	0.4518	0.4518	0.4518	0.4518	0.4518	0.4518	0.4518	0.4518	0.4518	0.4518	0.4518	0.4518	0.4518	0.4518	
0.5518	0.5518	0.5518	0.5518	0.5518	0.5518	0.5518	0.5518	0.5518	0.5518	0.5518	0.5518	0.5518	0.5518	0.5518	0.5518	0.5518	0.5518	0.5518	0.5518	0.5518	0.5518	0.5518	0.5518	
0.6518	0.6518	0.6518	0.6518	0.6518	0.6518	0.6518	0.6518	0.6518	0.6518	0.6518	0.6518	0.6518	0.6518	0.6518	0.6518	0.6518	0.6518	0.6518	0.6518	0.6518	0.6518	0.6518	0.6518	
0.7518	0.7518	0.7518	0.7518	0.7518	0.7518	0.7518	0.7518	0.7518	0.7518	0.7518	0.7518	0.7518	0.7518	0.7518	0.7518	0.7518	0.7518	0.7518	0.7518	0.7518	0.7518	0.7518	0.7518	
0.8518	0.8518	0.8518	0.8518	0.8518	0.8518	0.8518	0.8518	0.8518	0.8518	0.8518	0.8518	0.8518	0.8518	0.8518	0.8518	0.8518	0.8518	0.8518	0.8518	0.8518	0.8518	0.8518	0.8518	
0.9518	0.9518	0.9518	0.9518	0.9518	0.9518	0.9518	0.9518	0.9518	0.9518	0.9518	0.9518	0.9518	0.9518	0.9518	0.9518	0.9518	0.9518	0.9518	0.9518	0.9518	0.9518	0.9518	0.9518	
1.0518	1.0518	1.0518	1.0518	1.0518	1.0518	1.0518	1.0518	1.0518	1.0518	1.0518	1.0518	1.0518	1.0518	1.0518	1.0518	1.0518	1.0518	1.0518	1.0518	1.0518	1.0518	1.0518	1.0518	
1.1518	1.1518	1.1518	1.1518	1.1518	1.1518	1.1518	1.1518	1.1518	1.1518	1.1518	1.1518	1.1518	1.1518	1.1518	1.1518	1.1518	1.1518	1.1518	1.1518	1.1518	1.1518	1.1518	1.1518	
1.2518	1.2518	1.2518	1.2518	1.2518	1.2518	1.2518	1.2518	1.2518	1.2518	1.2518	1.2518	1.2518	1.2518	1.2518	1.2518	1.2518	1.2518	1.2518	1.2518	1.2518	1.2518	1.2518	1.2518	
1.3518	1.3518	1.3518	1.3518	1.3518	1.3518	1.3518	1.3518	1.3518	1.3518	1.3518	1.3518	1.3518	1.3518	1.3518	1.3518	1.3518	1.3518	1.3518	1.3518	1.3518	1.3518	1.3518	1.3518	
1.4518	1.4518	1.4518	1.4518	1.4518	1.4518	1.4518	1.4518	1.4518	1.4518	1.4518	1.4518	1.4518	1.4518	1.4518	1.4518	1.4518	1.4518	1.4518	1.4518	1.4518	1.4518	1.4518	1.4518	
1.5518	1.5518	1.5518	1.5518	1.5518	1.5518	1.5518	1.5518	1.5518	1.5518	1.5518	1.5518	1.5518	1.5518	1.5518	1.5518	1.5518	1.5518	1.5518	1.5518	1.5518	1.5518	1.5518	1.5518	
1.6518	1.6518	1.6518	1.6518	1.6518	1.6518	1.6518	1.6518	1.6518	1.6518	1.6518	1.6518	1.6518	1.6518	1.6518	1.6518	1.6518	1.6518	1.6518	1.6518	1.6518	1.6518	1.6518	1.6518	
1.7518	1.7518	1.7518	1.7518	1.7518	1.7518	1.7518	1.7518	1.7518	1.7518	1.7518	1.7518	1.7518	1.7518	1.7518	1.7518	1.7518	1.7518	1.7518	1.7518	1.7518	1.7518	1.7518	1.7518	
1.8518	1.8518	1.8518	1.8518	1.8518	1.8518	1.8518	1.8518	1.8518	1.8518	1.8518	1.8518	1.8518	1.8518	1.8518	1.8518	1.8518	1.8518	1.8518	1.8518	1.8518	1.8518	1.8518	1.8518	
-0.1297	-0.1297	-0.1297	-0.1297	-0.1297	-0.1297	-0.1297	-0.1297	-0.1297	-0.1297	-0.1297	-0.1297	-0.1297	-0.1297	-0.1297	-0.1297	-0.1297	-0.1297	-0.1297	-0.1297	-0.1297	-0.1297	-0.1297	-0.1297	
-0.0297	-0.0297	-0.0297	-0.0297	-0.0297	-0.0297	-0.0297	-0.0297	-0.0297	-0.0297	-0.0297	-0.0297	-0.0297	-0.0297	-0.0297	-0.0297	-0.0297	-0.0297	-0.0297	-0.0297	-0.0297	-0.0297	-0.0297	-0.0297	
0.0703	0.0703	0.0703	0.0703	0.0703	0.0703	0.0703	0.0703	0.0703	0.0703	0.0703	0.0703	0.0703	0.0703	0.0703	0.0703	0.0703	0.0703	0.0703	0.0703	0.0703	0.0703	0.0703	0.0703	
0.1703	0.1703	0.1703	0.1703	0.1703	0.1703	0.1703	0.1703	0.1703	0.1703	0.1703	0.1703	0.1703	0.1703	0.1703	0.1703	0.1703	0.1703	0.1703	0.1703	0.1703	0.1703	0.1703	0.1703	
0.2703	0.2703	0.2703	0.2703	0.2703	0.2703	0.2703	0.2703	0.2703	0.2703	0.2703	0.2703	0.2703	0.2703	0.2703	0.2703	0.2703	0.2703	0.2703	0.2703	0.2703	0.2703	0.2703	0.2703	
0.3703	0.3703	0.3703	0.3703	0.3703	0.3703	0.3703	0.3703	0.3703	0.3703	0.3703	0.3703	0.3703	0.3703	0.3703	0.3703	0.3703	0.3703	0.3703	0.3703	0.3703	0.3703	0.3703	0.3703	
0.4703	0.4703	0.4703	0.4703	0.4703	0.4703	0.4703	0.4703	0.4703	0.4703	0.4703	0.4703	0.4703	0.4703	0.4703	0.4703	0.4703	0.4703	0.4703	0.4703	0.4703	0.4703	0.4703	0.4703	
0.5703	0.5703	0.5703	0.5703	0.5703	0.5703	0.5703	0.5703	0.5703	0.5703	0.5703	0.5703	0.5703	0.5703	0.5703	0.5703	0.5703	0.5703	0.5703	0.5703	0.5703	0.5703	0.5703	0.5703	
0.6703	0.6703	0.6703	0.6703	0.6703	0.6703	0.6703	0.6703	0.6703	0.6703	0.6703	0.6703	0.6703	0.6703	0.6703	0.6703	0.6703	0.6703	0.6703	0.6703	0.6703	0.6703	0.6703	0.6703	
0.7703	0.7703	0.7703	0.7703	0.7703	0.7703	0.7703	0.7703	0.7703	0.7703	0.7703	0.7703	0.7703	0.7703	0.7703	0.7703	0.7703	0.7703	0.7703	0.7703	0.7703	0.7703	0.7703	0.7703	
0.8703	0.8703	0.8703	0.8703	0.8703	0.8703	0.8703	0.8703	0.8703	0.8703	0.8703	0.8703	0.8703	0.8703	0.8703	0.8703	0.8703	0.8703	0.8703	0.8703	0.8703	0.8703	0.8703	0.8703	
0.9703	0.9703	0.9703	0.9703	0.9703	0.9703	0.9703	0.9703	0.9703	0.9703	0.9703	0.9703	0.9703	0.9703	0.9703	0.9703	0.9703	0.9703	0.9703	0.9703	0.9703	0.9703	0.9703	0.9703	
1.0703	1.0703	1.0703	1.0703	1.0703	1.0703	1.0703	1.0703	1.0703	1.0703	1.0703	1.0703	1.0703	1.0703	1.0703	1.0703	1.0703	1.0703	1.0703	1.0703	1.0703	1.0703	1.0703	1.0703	
1.1703	1.1703	1.1703	1.1703	1.1703	1.1703	1.1703	1.1703	1.1703	1.1703	1.1703	1.1703	1.1703	1.1703	1.1703	1.1703	1.1703	1.1703	1.1703	1.1703	1.1703	1.1703	1.1703	1.1703	
1.2703	1.2703	1.2703	1.2703	1.2703	1.2703	1.2703	1.2703	1.2703	1.2703	1.2703	1.2703	1.2703	1.2703	1.2703	1.2703	1.2703	1.2703	1.2703	1.2703	1.2703	1.2703	1.2703	1.2703	
1.3703	1.3703	1.3703	1.3703	1.3703	1.3703	1.3703	1.3703	1.3703	1.3703	1.3703	1.3703	1.3703	1.3703	1.3703	1.3703	1.3703	1.3703	1.3703	1.3703	1.3703	1.3703	1.3703	1.3703	
1.4703	1.4703	1.4703	1.4703	1.4703	1.4703	1.4703	1.4703	1.4703	1.4703	1.4703	1.4703	1.4703	1.4703	1.4703	1.4703	1.4703	1.4703	1.4703	1.4703	1.4703	1.4703	1.4703	1.4703	
1.5703	1.5703	1.5703	1.5703	1.5703	1.5703	1.5703	1.5703	1.5703	1.5703	1.5703	1.5703	1.5703	1.5703	1.5703	1.5703	1.5703	1.5703	1.5703	1.5703	1.5703	1.5703	1.5703	1.5703	
1.6703	1.6703	1.6703	1.6703	1.6703	1.6703	1.6703	1.6703	1.6703	1.6703	1.6703	1.6703	1.6703	1.6703	1.6703	1.6703	1.6703	1.6703	1.6703	1.6703	1.6703	1.6703	1.6703	1.6703	
1.7703	1.7703	1.7703	1.7703	1.7703	1.7703	1.7703	1.7703	1.7703	1.7703	1.7703	1.7703	1.7703	1.7703	1.7703	1.7703	1.7703	1.7703	1.7703	1.7703	1.7703	1.7703	1.7703	1.7703	
1.8703	1.8703	1.8703	1.8703	1.8703	1.8703	1.8703	1.8703	1.8703	1.8703	1.8703	1.8703	1.8703	1.8703	1.8703	1.8703	1.8703	1.8703	1.8703	1.8703	1.8703	1.8703	1.8703	1.8703	
-0.1112	-0.1112	-0.1112	-0.1112	-0.1112	-0.1112	-0.1112	-0.1112	-0.1112	-0.1112	-0.1112	-0.1112	-0.1112	-0.1112	-0.1112	-0.1112	-0.1112	-0.1112	-0.1112	-0.1112	-0.1112	-0.1112	-0.1112	-0.1112	
-0.0112	-0.0112	-0.0112	-0.0112	-0.0112	-0.0112	-0.0112	-0.0112	-0.0112	-0.0112	-0.0112	-0.0112	-0.0112	-0.0112	-0.0112	-0.0112	-0.0112	-0.0112	-0.0112	-0.0112	-0.0112	-0.0112	-0.0112	-0.0112	
0.0888	0.0888	0.0888	0.0888	0.0888	0.0888	0.0888	0.0888	0.0888	0.0888	0.0888	0.0888	0.0888	0.0888	0.0888	0.0888	0.0888	0.0888	0.0888	0.0888	0.0888	0.0888	0.0888	0.0888	
0.1888	0.1888	0.1888	0.1888	0.1888	0.1888	0.1888	0.1888	0.1888	0.1888	0.1888	0.1888	0.1888	0.1888	0.1888	0.1888	0.1888	0.1888	0.1888	0.1888	0.1888	0.1888	0.1888	0.1888	
0.2888	0.2888	0.2888	0.2888	0.2888	0.2888	0.2888	0.2888	0.2888	0.2888	0.2888	0.2888	0.2888	0.2888	0.2888	0.2888	0.2888	0.2888	0.2888	0.2888	0.2888	0.2888	0.2888	0.2888	
0.3888	0.3888	0.3888	0.3888	0.3888	0.3888	0.3888	0.3888	0.3888	0.3888	0.3888	0.3888	0.3888	0.3888	0.3888	0.3888	0.3888	0.3888	0.3888	0.3888	0.3888	0.3888	0.3888	0.3888	
0.4888	0.4888	0.4888	0.4888	0.4888	0.4888	0.4888	0.4888	0.4888	0.4888	0.4888	0.4888	0.4888	0.4888	0.4888	0.4888	0.4888	0.4888	0.4888	0.4888	0.4888	0.4888	0.4888	0.4888	
0.5888	0.5888	0.5888	0.5888	0.5888	0.5888	0.5888	0.5888	0.5888	0.5888	0.5888	0.5888	0.5888	0.5888	0.5888	0.5888	0.5888	0.5888	0.5888	0.5888	0.5888	0.5888	0.5888	0.5888	
0.6888	0.6888	0.6888	0.6888	0.6888	0.6888	0.6888	0.6888	0.6888	0.6888	0.6888	0.6888	0.6888	0.6888	0.6888	0.6888	0.6888	0.6888	0.6888	0.6888	0.6888	0.6888	0.6888	0.6888	
0.7888	0.7888	0.7888	0.7888	0.7888	0.7888	0.7888	0.7888	0.7888	0.7888	0.7888	0.7888	0.7888	0.7888	0.7888	0.7888	0.7888	0.7888	0.7888	0.7888	0.7888	0.7888	0.7888	0.7888	
0.8888	0.8888	0.8888	0.8888	0.8888	0.8888	0.8888	0.8888	0.8888	0.8888	0.8888	0.8888	0.8888	0.8888	0.8888	0.8888	0.8888	0.8888	0.8888	0.8888	0.8888	0.8888	0.8888	0.8888	
0.9888	0.9888	0.9888	0.9888	0.9888	0.9888	0.9888	0.9888	0.9888	0.9888	0.9888	0.9888	0.9888	0.9888	0.9888	0.9888	0.9888	0.9888	0.9888	0.9888	0.9888	0.9888	0.9888	0.9888	
1.0888	1.0888	1.0888	1.0888	1.0888	1.0888	1.0888	1.0888	1.0888	1.0888	1.0888	1.0888	1.0888	1.0888	1.0888	1.0888	1.0888	1.0888	1.0888	1.0888	1.0888	1.0888	1.0888	1.0888	
1.1888	1.1888	1.1888	1.1888	1.1888	1.1888	1.1888	1.1888	1.1888	1.1888	1.1888	1.1888	1.1888	1.1888	1.1888	1.1888	1.1888	1.1888	1.1888	1.1888	1.1888	1.1888	1.1888	1.1888	
1.2888	1.2888	1.2888	1.2888	1.2888	1.2888	1.2888	1.2888	1.2888	1.2888	1.2888	1.2888	1.2888	1.2888	1.2888	1.2888	1.2888	1.2888	1.2888	1.2888	1.2888	1.2888	1.2888	1.2888	
1.3888	1.3888	1.3888	1.3888	1.3888	1.3888	1.3888	1.3888	1.3888	1.3888	1.3888	1.3888	1.3888	1.3888	1.3888	1.3888	1.3888	1.3888	1.3888	1.3888	1.3888	1.3888	1.3888	1.3888	
1.4888	1.4888	1.4888	1.4888	1.4888	1.4888	1.4888	1.4888	1.4888	1.4888	1.4888	1.4888	1.4888	1.4888	1.4888	1.4888	1.4888	1.4888	1.4888	1.4888	1.4888	1.4888	1.4888	1.4888	
1.5888	1.5888	1.5888	1.5888	1.5888	1.5888	1.5888	1.5888	1.5888	1.5888	1.5888	1.5888	1.5888	1.5888	1.5888	1.5888	1.5888	1.5888	1.5888	1.5888	1.5888	1.5888	1.5888	1.5888	
1.6888	1.6888	1.6888	1.6888	1.6888	1.6888	1.6888	1.6888	1.6888	1.6888	1.6888	1.6888	1.6888	1.6888	1.6888	1.6888	1.6888	1.6888	1.6888	1.6888	1.6888	1.6888	1.6888	1.6888	
1.7888	1.7888	1.7888	1.7888	1.7888	1.7888	1.7888	1.7888	1.7888	1.7888	1.7888	1.7888	1.7888	1.7888	1.7888	1.7888	1.7888	1.7888	1.7888	1.7888	1.7888	1.7888	1.7888	1.7888	
1.8888	1.8888	1.8888	1.8888	1.8888	1.8888	1.8888	1.8888	1.8888	1.8888	1.8888	1.8888	1.8888	1.8888	1.8888	1.8888	1.8888	1.8888	1.8888	1.8888	1.8888	1.8888	1.8888	1.8888	
-0.0926	-0.0926	-0.0926	-0.0926	-0.0926	-0.0926	-0.0926	-0.0926	-0.0926	-0.0926	-0.0926	-0.0926	-0.0926	-0.0926	-0.0926	-0.0926	-0.0926	-0.0926	-0.0926	-0.0926	-0.0926	-0.0926	-0.0926	-0.0926	
0.0074	0.0074	0.0074	0.0074	0.0074	0.0074	0.0074	0.0074	0.0074	0.0074	0.0074	0.0074	0.0074	0.0074	0.0074	0.0074	0.0074	0.0074	0.0074	0.0074	0.0074	0.0074	0.0074	0.0074	
0.1074	0.1074	0.1074	0.1074	0.1074	0.1074	0.1074	0.1074	0.1074	0.1074	0.1074	0.1074	0.1074	0.1074	0.1074	0.1074	0.1074	0.1074	0.1074	0.1074	0.1074	0.1074	0.1074	0.1074	
0.2074	0.2074	0.2074	0.2074	0.2074	0.2074	0.2074	0.2074	0.2074	0.2074	0.2074	0.2074	0.2074	0.2074	0.2074	0.2074	0.2074	0.2074	0.2074	0.2074	0.2074	0.2074	0.2074	0.2074	
0.3074	0.3074	0.3074	0.3074	0.3074	0.3074	0.3074	0.3074	0.3074	0.3074	0.3074	0.3074	0.3074	0.3074	0.3074	0.3074	0.3074	0.3074	0.3074	0.3074	0.3074	0.3074	0.3074	0.3074	
0.4074	0.4074	0.4074	0.4074	0.4074	0.4074	0.4074	0.4074	0.4074	0.4074	0.4074	0.4074	0.4074	0.4074	0.4074	0.4074	0.4074	0.4074	0.4074	0.4074	0.4074	0.4074	0.4074	0.4074	
0.5074	0.5074	0.5074	0.5074	0.5074	0.5074	0.5074	0.5074	0.5074	0.5074	0.5074	0.5074	0.5074	0.5074	0.5074	0.5074	0.5074	0.5074	0.5074	0.5074	0.5074	0.5074	0.5074	0.5074	
0.6074	0.6074	0.6074	0.6074	0.6074	0.6074	0.6074	0.6074	0.6074	0.6074	0.6074	0.6074	0.6074	0.6074	0.6074	0.6074	0.6074	0.6074	0.6074	0.6074	0.6074	0.6074	0.6074	0.6074	
0.7074	0.7074	0.7074	0.7074	0.7074	0.7074	0.7074	0.7074	0.7074	0.7074	0.7074	0.7074	0.7074	0.7074	0.7074	0.7074	0.7074	0.7074	0.7074	0.7074	0.7074	0.7074	0.7074	0.7074	
0.8074	0.8074	0.8074	0.8074	0.8074	0.8074	0.8074	0.8074	0.8074	0.8074	0.8074	0.8074	0.8074	0.8074	0.8074	0.8074	0.8074	0.8074	0.8074	0.8074	0.8074	0.8074	0.8074	0.8074	
0.9074	0.9074	0.9074	0.9074	0.9074	0.9074	0.9074	0.9074	0.9074	0.9074	0.9074	0.9074	0.9074	0.9074	0.9074	0.9074	0.9074	0.9074	0.9074	0.9074	0.9074	0.9074	0.9074	0.9074	
1.0074	1.0074	1.0074	1.0074	1.0074	1.0074	1.0074	1.0074	1.0074	1.0074	1.0074	1.0074	1.0074	1.0074	1.0074	1.0074	1.0074	1.0074	1.0074	1.0074	1.0074	1.0074	1.0074	1.0074	
1.1074	1.1074	1.1074	1.1074	1.1074	1.1074	1.1074	1.1074	1.1074	1.1074	1.1074	1.1074	1.1074	1.1074	1.1074	1.1074	1.1074	1.1074	1.1074	1.1074	1.1074	1.1074	1.1074	1.1074	
1.2074	1.2074	1.2074	1.2074	1.2074	1.2074	1.2074	1.2074	1.2074	1.2074	1.2074	1.2074	1.2074	1.2074	1.2074	1.2074	1.2074	1.2074	1.2074	1.2074	1.2074	1.2074	1.2074	1.2074	
1.3074	1.3074	1.3074	1.3074	1.3074	1.3074	1.3074	1.3074	1.3074	1.3074	1.3074	1.3074	1.3074	1.3074	1.3074	1.3074	1.3074	1.3074	1.3074	1.3074	1.3074	1.3074	1.3074	1.3074	
1.4074	1.4074	1.4074	1.4074	1.4074	1.4074	1.4074	1.4074	1.4074	1.4074	1.4074	1.4074	1.4074	1.4074	1.4074	1.4074	1.4074	1.4074	1.4074	1.4074	1.4074	1.4074	1.4074	1.4074	
1.5074	1.5074	1.5074	1.5074	1.5074	1.5074	1.5074	1.5074	1.5074	1.5074	1.5074	1.5074	1.5074	1.5074	1.5074	1.5074	1.5074	1.5074	1.5074	1.5074	1.5074	1.5074	1.5074	1.5074	
1.6074	1.6074	1.6074	1.6074	1.6074	1.6074	1.6074	1.6074	1.6074	1.6074	1.6074	1.6074	1.6074	1.6074	1.6074	1.6074	1.6074	1.6074	1.6074	1.6074	1.6074	1.6074	1.6074	1.6074	
1.7074	1.7074	1.7074	1.7074	1.7074	1.7074	1.7074	1.7074	1.7074	1.7074	1.7074	1.7074	1.7074	1.7074	1.7074	1.7074	1.7074	1.7074	1.7074	1.7074	1.7074	1.7074	1.7074	1.7074	
1.8074	1.8074	1.8074	1.8074	1.8074	1.8074	1.8074	1.8074	1.8074	1.8074	1.8074	1.8074	1.8074	1.8074	1.8074	1.8074	1.8074	1.8074	1.8074	1.8074	1.8074	1.8074	1.8074	1.8074	
1.9074	1.9074	1.9074	1.9074	1.9074	1.9074	1.9074	1.9074	1.9074	1.9074	1.9074	1.9074	1.9074	1.9074	1.9074	1.9074	1.9074	1.9074	1.9074	1.9074	1.9074	1.9074	1.9074	1.9074	
-0.0741	-0.0741	-0.0741	-0.0741	-0.0741	-0.0741	-0.0741	-0.0741	-0.0741	-0.0741	-0.0741	-0.0741	-0.0741	-0.0741	-0.0741	-0.0741	-0.0741	-0.0741	-0.0741	-0.0741	-0.0741	-0.0741	-0.0741	-0.0741	
0.0259	0.0259	0.0259	0.0259	0.0259	0.0259	0.0259	0.0259	0.0259	0.0259	0.0259	0.0259	0.0259	0.0259	0.0259	0.0259	0.0259	0.0259	0.0259	0.0259	0.0259	0.0259	0.0259	0.0259	
0.1259	0.1259	0.1259	0.1259	0.1259	0.1259	0.1259	0.1259	0.1259	0.1259	0.1259	0.1259	0.1259	0.1259	0.1259	0.1259	0.1259	0.1259	0.1259	0.1259	0.1259	0.1259	0.1259	0.1259	
0.2259	0.2259	0.2259	0.2259	0.2259	0.2259	0.2259	0.2259	0.2259	0.2259	0.2259	0.2259	0.2259	0.2259	0.2259	0.2259	0.2259	0.2259	0.2259	0.2259	0.2259	0.2259	0.2259	0.2259	
0.3259	0.3259	0.3259	0.3259	0.3259	0.3259	0.3259	0.3259	0.3259	0.3259	0.3259	0.3259	0.3259	0.3259	0.3259	0.3259	0.3259	0.3259	0.3259	0.3259	0.3259	0.3259	0.3259	0.3259	
0.4259	0.4259	0.4259	0.4259	0.4259	0.4259	0.4259	0.4259	0.4259	0.4259	0.4259	0.4259	0.4259	0.4259	0.4259	0.4259	0.4259	0.4259	0.4259	0.4259	0.4259	0.4259	0.4259	0.4259	
0.5259	0.5259	0.5259	0.5259	0.5259	0.5259	0.5259	0.5259	0.5259	0.5259	0.5259	0.5259	0.5259	0.5259	0.5259	0.5259	0.5259	0.5259	0.5259	0.5259	0.5259	0.5259	0.5259	0.5259	
0.6259	0.6259	0.6259	0.6259	0.6259	0.6259	0.6259	0.6259	0.6259	0.6259	0.6259	0.6259	0.6259	0.6259	0.6259	0.6259	0.6259	0.6259	0.6259	0.6259	0.6259	0.6259	0.6259	0.6259	
0.7259	0.7259	0.7259	0.7259	0.7259	0.7259	0.7259	0.7259	0.7259	0.7259	0.7259	0.7259	0.7259	0.7259	0.7259	0.7259	0.7259	0.7259	0.7259	0.7259	0.7259	0.7259	0.7259	0.7259	
0.8259	0.8259	0.8259	0.8259	0.8259	0.8259	0.8259	0.8259	0.8259	0.8259	0.8259	0.8259	0.8259	0.8259	0.8259	0.8259	0.8259	0.8259	0.8259	0.8259	0.8259	0.8259	0.8259	0.8259	
0.9259	0.9259	0.9259	0.9259	0.9259	0.9259	0.9259	0.9259	0.9259	0.9259	0.9259	0.9259	0.9259	0.9259	0.9259	0.9259	0.9259	0.9259	0.9259	0.9259	0.9259	0.9259	0.9259	0.9259	
1.0259	1.0259	1.0259	1.0259	1.0259	1.0259	1.0259	1.0259	1.0259	1.0259	1.0259	1.0259	1.0259	1.0259	1.0259	1.0259	1.0259	1.0259	1.0259	1.0259	1.0259	1.0259	1.0259	1.0259	
1.1259	1.1259	1.1259	1.1259	1.1259	1.1259	1.1259	1.1259	1.1259	1.1259	1.1259	1.1259	1.1259	1.1259	1.1259	1.1259	1.1259	1.1259	1.1259	1.1259	1.1259	1.1259	1.1259	1.1259	
1.2259	1.2259	1.2259	1.2259	1.2259	1.2259	1.2259	1.2259	1.2259	1.2259	1.2259	1.2259	1.2259	1.2259	1.2259	1.2259	1.2259	1.2259	1.2259	1.2259	1.2259	1.2259	1.2259	1.2259	
1.3259	1.3259	1.3259	1.3259	1.3259	1.3259	1.3259	1.3259	1.3259	1.3259	1.3259	1.3259	1.3259	1.3259	1.3259	1.3259	1.3259	1.3259	1.3259	1.3259	1.3259	1.3259	1.3259	1.3259	
1.4259	1.4259	1.4259	1.4259	1.4259	1.4259	1.4259	1.4259	1.4259	1.4259	1.4259	1.4259	1.4259	1.4259	1.4259	1.4259	1.4259	1.4259	1.4259	1.4259	1.4259	1.4259	1.4259	1.4259	
1.5259	1.5259	1.5259	1.5259	1.5259	1.5259	1.5259	1.5259	1.5259	1.5259	1.5259	1.5259	1.5259	1.5259	1.5259	1.5259	1.5259	1.5259	1.5259	1.5259	1.5259	1.5259	1.5259	1.5259	
1.6259	1.6259	1.6259	1.6259	1.6259	1.6259	1.6259	1.6259	1.6259	1.6259	1.6259	1.6259	1.6259	1.6259	1.6259	1.6259	1.6259	1.6259	1.6259	1.6259	1.6259	1.6259	1.6259	1.6259	
1.7259	1.7259	1.7259	1.7259	1.7259	1.7259	1.7259	1.7259	1.7259	1.7259	1.7259	1.7259	1.7259	1.7259	1.7259	1.7259	1.7259	1.7259	1.7259	1.7259	1.7259	1.7259	1.7259	1.7259	
1.8259	1.8259	1.8259	1.8259	1.8259	1.8259	1.8259	1.8259	1.8259	1.8259	1.8259	1.8259	1.8259	1.8259	1.8259	1.8259	1.8259	1.8259	1.8259	1.8259	1.8259	1.8259	1.8259	1.8259	
1.9259	1.9259	1.9259	1.9259	1.9259	1.9259	1.9259	1.9259	1.9259	1.9259	1.9259	1.9259	1.9259	1.9259	1.9259	1.9259	1.9259	1.9259	1.9259	1.9259	1.9259	1.9259	1.9259	1.9259	
-0.0556	-0.0556	-0.0556	-0.0556	-0.0556	-0.0556	-0.0556	-0.0556	-0.0556	-0.0556	-0.0556	-0.0556	-0.0556	-0.0556	-0.0556	-0.0556	-0.0556	-0.0556	-0.0556	-0.0556	-0.0556	-0.0556	-0.0556	-0.0556	
0.0444	0.0444	0.0444	0.0444	0.0444	0.0444	0.0444	0.0444	0.0444	0.0444	0.0444	0.0444	0.0444	0.0444	0.0444	0.0444	0.0444	0.0444	0.0444	0.0444	0.0444	0.0444	0.0444	0.0444	
0.1444	0.1444	0.1444	0.1444	0.1444	0.1444	0.1444	0.1444	0.1444	0.1444	0.1444	0.1444	0.1444	0.1444	0.1444	0.1444	0.1444	0.1444	0.1444	0.1444	0.1444	0.1444	0.1444	0.1444	
0.2444	0.2444	0.2444	0.2444	0.2444	0.2444	0.2444	0.2444	0.2444	0.2444	0.2444	0.2444	0.2444	0.2444	0.2444	0.2444	0.2444	0.2444	0.2444	0.2444	0.2444	0.2444	0.2444	0.2444	
0.3444	0.3444	0.3444	0.3444	0.3444	0.3444	0.3444	0.3444	0.3444	0.3444	0.3444	0.3444	0.3444	0.3444	0.3444	0.3444	0.3444	0.3444	0.3444	0.3444	0.3444	0.3444	0.3444	0.3444	
0.4444	0.4444	0.4444	0.4444	0.4444	0.4444	0.4444	0.4444	0.4444	0.4444	0.4444	0.4444	0.4444	0.4444	0.4444	0.4444	0.4444	0.4444	0.4444	0.4444	0.4444	0.4444	0.4444	0.4444	
0.5444	0.5444	0.5444	0.5444	0.5444	0.5444	0.5444	0.5444	0.5444	0.5444	0.5444	0.5444	0.5444	0.5444	0.5444	0.5444	0.5444	0.5444	0.5444	0.5444	0.5444	0.5444	0.5444	0.5444	
0.6444	0.6444	0.6444	0.6444	0.6444	0.6444	0.6444	0.6444	0.6444	0.6444	0.6444	0.6444	0.6444	0.6444	0.6444	0.6444	0.6444	0.6444	0.6444	0.6444	0.6444	0.6444	0.6444	0.6444	
0.7444	0.7444	0.7444	0.7444	0.7444	0.7444	0.7444	0.7444	0.7444	0.7444	0.7444	0.7444	0.7444	0.7444	0.7444	0.7444	0.7444	0.7444	0.7444	0.7444	0.7444	0.7444	0.7444	0.7444	
0.8444	0.8444	0.8444	0.8444	0.8444	0.8444	0.8444	0.8444	0.8444	0.8444	0.8444	0.8444	0.8444	0.8444	0.8444	0.8444	0.8444	0.8444	0.8444	0.8444	0.8444	0.8444	0.8444	0.8444	
0.9444	0.9444	0.9444	0.9444	0.9444	0.9444	0.9444	0.9444	0.9444	0.9444	0.9444	0.9444	0.9444	0.9444	0.9444	0.9444	0.9444	0.9444	0.9444	0.9444	0.9444	0.9444	0.9444	0.9444	
1.0444	1.0444	1.0444	1.0444	1.0444	1.0444	1.0444	1.0444	1.0444	1.0444	1.0444	1.0444	1.0444	1.0444	1.0444	1.0444	1.0444	1.0444	1.0444	1.0444	1.0444	1.0444	1.0444	1.0444	
1.1444	1.1444	1.1444	1.1444	1.1444	1.1444	1.1444	1.1444	1.1444	1.1444	1.1444	1.1444	1.1444	1.1444	1.1444	1.1444	1.1444	1.1444	1.1444	1.1444	1.1444	1.1444	1.1444	1.1444	
1.2444	1.2444	1.2444	1.2444	1.2444	1.2444	1.2444	1.2444	1.2444	1.2444	1.2444	1.2444	1.2444	1.2444	1.2444	1.2444	1.2444	1.2444	1.2444	1.2444	1.2444	1.2444	1.2444	1.2444	
1.3444	1.3444	1.3444	1.3444	1.3444	1.3444	1.3444	1.3444	1.3444	1.3444	1.3444	1.3444	1.3444	1.3444	1.3444	1.3444	1.3444	1.3444	1.3444	1.3444	1.3444	1.3444	1.3444	1.3444	
1.4444	1.4444	1.4444	1.4444	1.4444	1.4444	1.4444	1.4444	1.4444	1.4444	1.4444	1.4444	1.4444	1.4444	1.4444	1.4444	1.4444	1.4444	1.4444	1.4444	1.4444	1.4444	1.4444	1.4444	
1.5444	1.5444	1.5444	1.5444	1.5444	1.5444	1.5444	1.5444	1.5444	1.5444	1.5444	1.5444	1.5444	1.5444	1.5444	1.5444	1.5444	1.5444	1.5444	1.5444	1.5444	1.5444	1.5444	1.5444	
1.6444	1.6444	1.6444	1.6444	1.6444	1.6444	1.6444	1.6444	1.6444	1.6444	1.6444	1.6444	1.6444	1.6444	1.6444	1.6444	1.6444	1.6444	1.6444	1.6444	1.6444	1.6444	1.6444	1.6444	
1.7444	1.7444	1.7444	1.7444	1.7444	1.7444	1.7444	1.7444	1.7444	1.7444	1.7444	1.7444	1.7444	1.7444	1.7444	1.7444	1.7444	1.7444	1.7444	1.7444	1.7444	1.7444	1.7444	1.7444	
1.8444	1.8444	1.8444	1.8444	1.8444	1.8444	1.8444	1.8444	1.8444	1.8444	1.8444	1.8444	1.8444	1.8444	1.8444	1.8444	1.8444	1.8444	1.8444	1.8444	1.8444	1.8444	1.8444	1.8444	
1.9444	1.9444	1.9444	1.9444	1.9444	1.9444	1.9444	1.9444	1.9444	1.9444	1.9444	1.9444	1.9444	1.9444	1.9444	1.9444	1.9444	1.9444	1.9444	1.9444	1.9444	1.9444	1.9444	1.9444	
-0.0371	-0.0371	-0.0371	-0.0371	-0.0371	-0.0371	-0.0371	-0.0371	-0.0371	-0.0371	-0.0371	-0.0371	-0.0371	-0.0371	-0.0371	-0.0371	-0.0371	-0.0371	-0.0371	-0.0371	-0.0371	-0.0371	-0.0371	-0.0371	
0.0629	0.0629	0.0629	0.0629	0.0629	0.0629	0.0629	0.0629	0.0629	0.0629	0.0629	0.0629	0.0629	0.0629	0.0629	0.0629	0.0629	0.0629	0.0629	0.0629	0.0629	0.0629	0.0629	0.0629	
0.1629	0.1629	0.1629	0.1629	0.1629	0.1629	0.1629	0.1629	0.1629	0.1629	0.1629	0.1629	0.1629	0.1629	0.1629	0.1629	0.1629	0.1629	0.1629	0.1629	0.1629	0.1629	0.1629	0.1629	
0.2629	0.2629	0.2629	0.2629	0.2629	0.2629	0.2629	0.2629	0.2629	0.2629	0.2629	0.2629	0.2629	0.2629	0.2629	0.2629	0.2629	0.2629	0.2629	0.2629	0.2629	0.2629	0.2629	0.2629	
0.3629	0.3629	0.3629	0.3629	0.3629	0.3629	0.3629	0.3629	0.3629	0.3629	0.3629	0.3629	0.3629	0.3629	0.3629	0.3629	0.3629	0.3629	0.3629	0.3629	0.3629	0.3629	0.3629	0.3629	
0.4629	0.4629	0.4629	0.4629	0.4629	0.4629	0.4629	0.4629	0.4629	0.4629	0.4629	0.4629	0.4629	0.4629	0.4629	0.4629	0.4629	0.4629	0.4629	0.4629	0.4629	0.4629	0.4629	0.4629	
0.5629	0.5629	0.5629	0.5629	0.5629	0.5629	0.5629	0.5629	0.5629	0.5629	0.5629	0.5629	0.5629	0.5629	0.5629	0.5629	0.5629	0.5629	0.5629	0.5629	0.5629	0.5629	0.5629	0.5629	
0.6629	0.6629	0.6629	0.6629	0.6629	0.6629	0.6629	0.6629	0.6629	0.6629	0.6629	0.6629	0.6629	0.6629	0.6629	0.6629	0.6629	0.6629	0.6629	0.6629	0.6629	0.6629	0.6629	0.6629	
0.7629	0.7629	0.7629	0.7629	0.7629	0.7629	0.7629	0.7629	0.7629	0.7629	0.7629	0.7629	0.7629	0.7629	0.7629	0.7629	0.7629	0.7629	0.7629	0.7629	0.7629	0.7629	0.7629	0.7629	
0.8629	0.8629	0.8629	0.8629	0.8629	0.8629	0.8629	0.8629	0.8629	0.8629	0.8629	0.8629	0.8629	0.8629	0.8629	0.8629	0.8629	0.8629	0.8629	0.8629	0.8629	0.8629	0.8629	0.8629	
0.9629	0.9629	0.9629	0.9629	0.9629	0.9629	0.9629	0.9629	0.9629	0.9629	0.9629	0.9629	0.9629	0.9629	0.9629	0.9629	0.9629	0.9629	0.9629	0.9629	0.9629	0.9629	0.9629	0.9629	
1.0629	1.0629	1.0629	1.0629	1.0629	1.0629	1.0629	1.0629	1.0629	1.0629	1.0629	1.0629	1.0629	1.0629	1.0629	1.0629	1.0629	1.0629	1.0629	1.0629	1.0629	1.0629	1.0629	1.0629	
1.1629	1.1629	1.1629	1.1629	1.1629	1.1629	1.1629	1.1629	1.1629	1.1629	1.1629	1.1629	1.1629	1.1629	1.1629	1.1629	1.1629	1.1629	1.1629	1.1629	1.1629	1.1629	1.1629	1.1629	
1.2629	1.2629	1.2629	1.2629	1.2629	1.2629	1.2629	1.2629	1.2629	1.2629	1.2629	1.2629	1.2629	1.2629	1.2629	1.2629	1.2629	1.2629	1.2629	1.2629	1.2629	1.2629	1.2629	1.2629	
1.3629	1.3629	1.3629	1.3629	1.3629	1.3629	1.3629	1.3629	1.3629	1.3629	1.3629	1.3629	1.3629	1.3629	1.3629	1.3629	1.3629	1.3629	1.3629	1.3629	1.3629	1.3629	1.3629	1.3629	
1.4629	1.4629	1.4629	1.4629	1.4629	1.4629	1.4629	1.4629	1.4629	1.4629	1.4629	1.4629	1.4629	1.4629	1.4629	1.4629	1.4629	1.4629	1.4629	1.4629	1.4629	1.4629	1.4629	1.4629	
1.5629	1.5629	1.5629	1.5629	1.5629	1.5629	1.5629	1.5629	1.5629	1.5629	1.5629	1.5629	1.5629	1.5629	1.5629	1.5629	1.5629	1.5629	1.5629	1.5629	1.5629	1.5629	1.5629	1.5629	
1.6629	1.6629	1.6629	1.6629	1.6629	1.6629	1.6629	1.6629	1.6629	1.6629	1.6629	1.6629	1.6629	1.6629	1.6629	1.6629	1.6629	1.6629	1.6629	1.6629	1.6629	1.6629	1.6629	1.6629	
1.7629	1.7629	1.7629	1.7629	1.7629	1.7629	1.7629	1.7629	1.7629	1.7629	1.7629	1.7629	1.7629	1.7629	1.7629	1.7629	1.7629	1.7629	1.7629	1.7629	1.7629	1.7629	1.7629	1.7629	
1.8629	1.8629	1.8629	1.8629	1.8629	1.8629	1.8629	1.8629	1.8629	1.8629	1.8629	1.8629	1.8629	1.8629	1.8629	1.8629	1.8629	1.8629	1.8629	1.8629	1.8629	1.8629	1.8629	1.8629	
1.9629	1.9629	1.9629	1.9629	1.9629	1.9629	1.9629	1.9629	1.9629	1.9629	1.9629	1.9629	1.9629	1.9629	1.9629	1.9629	1.9629	1.9629	1.9629	1.9629	1.9629	1.9629	1.9629	1.9629	
-0.0185	-0.0185	-0.0185	-0.0185	-0.0185	-0.0185	-0.0185	-0.0185	-0.0185	-0.0185	-0.0185	-0.0185	-0.0185	-0.0185	-0.0185	-0.0185	-0.0185	-0.0185	-0.0185	-0.0185	-0.0185	-0.0185	-0.0185	-0.0185	
0.0815	0.0815	0.0815	0.0815	0.0815	0.0815	0.0815	0.0815	0.0815	0.0815	0.0815	0.0815	0.0815	0.0815	0.0815	0.0815	0.0815	0.0815	0.0815	0.0815	0.0815	0.0815	0.0815	0.0815	
0.1815	0.1815	0.1815	0.1815	0.1815	0.1815	0.1815	0.1815	0.1815	0.1815	0.1815	0.1815	0.1815	0.1815	0.1815	0.1815	0.1815	0.1815	0.1815	0.1815	0.1815	0.1815	0.1815	0.1815	
0.2815	0.2815	0.2815	0.2815	0.2815	0.2815	0.2815	0.2815	0.2815	0.2815	0.2815	0.2815	0.2815	0.2815	0.2815	0.2815	0.2815	0.2815	0.2815	0.2815	0.2815	0.2815	0.2815	0.2815	
0.3815	0.3815	0.3815	0.3815	0.3815	0.3815	0.3815	0.3815	0.3815	0.3815	0.3815	0.3815	0.3815	0.3815	0.3815	0.3815	0.3815	0.3815	0.3815	0.3815	0.3815	0.3815	0.3815	0.3815	
0.4815	0.4815	0.4815	0.4815	0.4815	0.4815	0.4815	0.4815	0.4815	0.4815	0.4815	0.4815	0.4815	0.4815	0.4815	0.4815	0.4815	0.4815	0.4815	0.4815	0.4815	0.4815	0.4815	0.4815	
0.5815	0.5815	0.5815	0.5815	0.5815	0.5815	0.5815	0.5815	0.5815	0.5815	0.5815	0.5815	0.5815	0.5815	0.5815	0.5815	0.5815	0.5815	0.5815	0.5815	0.5815	0.5815	0.5815	0.5815	
0.6815	0.6815	0.6815	0.6815	0.6815	0.6815	0.6815	0.6815	0.6815	0.6815	0.6815	0.6815	0.6815	0.6815	0.6815	0.6815	0.6815	0.6815	0.6815	0.6815	0.6815	0.6815	0.6815	0.6815	
0.7815	0.7815	0.7815	0.7815	0.7815	0.7815	0.7815	0.7815	0.7815	0.7815	0.7815	0.7815	0.7815	0.7815	0.7815	0.7815	0.7815	0.7815	0.7815	0.7815	0.7815	0.7815	0.7815	0.7815	
0.8815	0.8815	0.8815	0.8815	0.8815	0.8815	0.8815	0.8815	0.8815	0.8815	0.8815	0.8815	0.8815	0.8815	0.8815	0.8815	0.8815	0.8815	0.8815	0.8815	0.8815	0.8815	0.8815	0.8815	
0.9815	0.9815	0.9815	0.9815	0.9815	0.9815	0.9815	0.9815	0.9815	0.9815	0.9815	0.9815	0.9815	0.9815	0.9815	0.9815	0.9815	0.9815	0.9815	0.9815	0.9815	0.9815	0.9815	0.9815	
1.0815	1.0815	1.0815	1.0815	1.0815	1.0815	1.0815	1.0815	1.0815	1.0815	1.0815	1.0815	1.0815	1.0815	1.0815	1.0815	1.0815	1.0815	1.0815	1.0815	1.0815	1.0815	1.0815	1.0815	
1.1815	1.1815	1.1815	1.1815	1.1815	1.1815	1.1815	1.1815	1.1815	1.1815	1.1815	1.1815	1.1815	1.1815	1.1815	1.1815	1.1815	1.1815	1.1815	1.1815	1.1815	1.1815	1.1815	1.1815	
1.2815	1.2815	1.2815	1.2815	1.2815	1.2815	1.2815	1.2815	1.2815	1.2815	1.2815	1.2815	1.2815	1.2815	1.2815	1.2815	1.2815	1.2815	1.2815	1.2815	1.2815	1.2815	1.2815	1.2815	
1.3815	1.3815	1.3815	1.3815	1.3815	1.3815	1.3815	1.3815	1.3815	1.3815	1.3815	1.3815	1.3815	1.3815	1.3815	1.3815	1.3815	1.3815	1.3815	1.3815	1.3815	1.3815	1.3815	1.3815	
1.4815	1.4815	1.4815	1.4815	1.4815	1.4815	1.4815	1.4815	1.4815	1.4815	1.4815	1.4815	1.4815	1.4815	1.4815	1.4815	1.4815	1.4815	1.4815	1.4815	1.4815	1.4815	1.4815	1.4815	
1.5815	1.5815	1.5815	1.5815	1.5815	1.5815	1.5815	1.5815	1.5815	1.5815	1.5815	1.5815	1.5815	1.5815	1.5815	1.5815	1.5815	1.5815	1.5815	1.5815	1.5815	1.5815	1.5815	1.5815	
1.6815	1.6815	1.6815	1.6815	1.6815	1.6815	1.6815	1.6815	1.6815	1.6815	1.6815	1.6815	1.6815	1.6815	1.6815	1.6815	1.6815	1.6815	1.6815	1.6815	1.6815	1.6815	1.6815	1.6815	
1.7815	1.7815	1.7815	1.7815	1.7815	1.7815	1.7815	1.7815	1.7815	1.7815	1.7815	1.7815	1.7815	1.7815	1.7815	1.7815	1.7815	1.7815	1.7815	1.7815	1.7815	1.7815	1.7815	1.7815	
1.8815	1.8815	1.8815	1.8815	1.8815	1.8815	1.8815	1.8815	1.8815	1.8815	1.8815	1.8815	1.8815	1.8815	1.8815	1.8815	1.8815	1.8815	1.8815	1.8815	1.8815	1.8815	1.8815	1.8815	
1.9815	1.9815	1.9815	1.9815	1.9815	1.9815	1.9815	1.9815	1.9815	1.9815	1.9815	1.9815	1.9815	1.9815	1.9815	1.9815	1.9815	1.9815	1.9815	1.9815	1.9815	1.9815	1.9815	1.9815	
0.0000	0.0000	0.0000	0.0000	0.0000	0.0000	0.0000	0.0000	0.0000	0.0000	0.0000	0.0000	0.0000	0.0000	0.0000	0.0000	0.0000	0.0000	0.0000	0.0000	0.0000	0.0000	0.0000	0.0000	
0.1000	0.1000	0.1000	0.1000	0.1000	0.1000	0.1000	0.1000	0.1000	0.1000	0.1000	0.1000	0.1000	0.1000	0.1000	0.1000	0.1000	0.1000	0.1000	0.1000	0.1000	0.1000	0.1000	0.1000	
0.2000	0.2000	0.2000	0.2000	0.2000	0.2000	0.2000	0.2000	0.2000	0.2000	0.2000	0.2000	0.2000	0.2000	0.2000	0.2000	0.2000	0.2000	0.2000	0.2000	0.2000	0.2000	0.2000	0.2000	
0.3000	0.3000	0.3000	0.3000	0.3000	0.3000	0.3000	0.3000	0.3000	0.3000	0.3000	0.3000	0.3000	0.3000	0.3000	0.3000	0.3000	0.3000	0.3000	0.3000	0.3000	0.3000	0.3000	0.3000	
0.4000	0.4000	0.4000	0.4000	0.4000	0.4000	0.4000	0.4000	0.4000	0.4000	0.4000	0.4000	0.4000	0.4000	0.4000	0.4000	0.4000	0.4000	0.4000	0.4000	0.4000	0.4000	0.4000	0.4000	
0.5000	0.5000	0.5000	0.5000	0.5000	0.5000	0.5000	0.5000	0.5000	0.5000	0.5000	0.5000	0.5000	0.5000	0.5000	0.5000	0.5000	0.5000	0.5000	0.5000	0.5000	0.5000	0.5000	0.5000	
0.6000	0.6000	0.6000	0.6000	0.6000	0.6000	0.6000	0.6000	0.6000	0.6000	0.6000	0.6000	0.6000	0.6000	0.6000	0.6000	0.6000	0.6000	0.6000	0.6000	0.6000	0.6000	0.6000	0.6000	
0.7000	0.7000	0.7000	0.7000	0.7000	0.7000	0.7000	0.7000	0.7000	0.7000	0.7000	0.7000	0.7000	0.7000	0.7000	0.7000	0.7000	0.7000	0.7000	0.7000	0.7000	0.7000	0.7000	0.7000	
0.8000	0.8000	0.8000	0.8000	0.8000	0.8000	0.8000	0.8000	0.8000	0.8000	0.8000	0.8000	0.8000	0.8000	0.8000	0.8000	0.8000	0.8000	0.8000	0.8000	0.8000	0.8000	0.8000	0.8000	
0.9000	0.9000	0.9000	0.9000	0.9000	0.9000	0.9000	0.9000	0.9000	0.9000	0.9000	0.9000	0.9000	0.9000	0.9000	0.9000	0.9000	0.9000	0.9000	0.9000	0.9000	0.9000	0.9000	0.9000	
1.0000	1.0000	1.0000	1.0000	1.0000	1.0000	1.0000	1.0000	1.0000	1.0000	1.0000	1.0000	1.0000	1.0000	1.0000	1.0000	1.0000	1.0000	1.0000	1.0000	1.0000	1.0000	1.0000	1.0000	
1.1000	1.1000	1.1000	1.1000	1.1000	1.1000	1.1000	1.1000	1.1000	1.1000	1.1000	1.1000	1.1000	1.1000	1.1000	1.1000	1.1000	1.1000	1.1000	1.1000	1.1000	1.1000	1.1000	1.1000	
1.2000	1.2000	1.2000	1.2000	1.2000	1.2000	1.2000	1.2000	1.2000	1.2000	1.2000	1.2000	1.2000	1.2000	1.2000	1.2000	1.2000	1.2000	1.2000	1.2000	1.2000	1.2000	1.2000	1.2000	
1.3000	1.3000	1.3000	1.3000	1.3000	1.3000	1.3000	1.3000	1.3000	1.3000	1.3000	1.3000	1.3000	1.3000	1.3000	1.3000	1.3000	1.3000	1.3000	1.3000	1.3000	1.3000	1.3000	1.3000	
1.4000	1.4000	1.4000	1.4000	1.4000	1.4000	1.4000	1.4000	1.4000	1.4000	1.4000	1.4000	1.4000	1.4000	1.4000	1.4000	1.4000	1.4000	1.4000	1.4000	1.4000	1.4000	1.4000	1.4000	
1.5000	1.5000	1.5000	1.5000	1.5000	1.5000	1.5000	1.5000	1.5000	1.5000	1.5000	1.5000	1.5000	1.5000	1.5000	1.5000	1.5000	1.5000	1.5000	1.5000	1.5000	1.5000	1.5000	1.5000	
1.6000	1.6000	1.6000	1.6000	1.6000	1.6000	1.6000	1.6000	1.6000	1.6000	1.6000	1.6000	1.6000	1.6000	1.6000	1.6000	1.6000	1.6000	1.6000	1.6000	1.6000	1.6000	1.6000	1.6000	
1.7000	1.7000	1.7000	1.7000	1.7000	1.7000	1.7000	1.7000	1.7000	1.7000	1.7000	1.7000	1.7000	1.7000	1.7000	1.7000	1.7000	1.7000	1.7000	1.7000	1.7000	1.7000	1.7000	1.7000	
1.8000	1.8000	1.8000	1.8000	1.8000	1.8000	1.8000	1.8000	1.8000	1.8000	1.8000	1.8000	1.8000	1.8000	1.8000	1.8000	1.8000	1.8000	1.8000	1.8000	1.8000	1.8000	1.8000	1.8000	
1.9000	1.9000	1.9000	1.9000	1.9000	1.9000	1.9000	1.9000	1.9000	1.9000	1.9000	1.9000	1.9000	1.9000	1.9000	1.9000	1.9000	1.9000	1.9000	1.9000	1.9000	1.9000	1.9000	1.9000	
2.0000	2.0000	2.0000	2.0000	2.0000	2.0000	2.0000	2.0000	2.0000	2.0000	2.0000	2.0000	2.0000	2.0000	2.0000	2.0000	2.0000	2.0000	2.0000	2.0000	2.0000	2.0000	2.0000	2.0000	
0.0185	0.0185	0.0185	0.0185	0.0185	0.0185	0.0185	0.0185	0.0185	0.0185	0.0185	0.0185	0.0185	0.0185	0.0185	0.0185	0.0185	0.0185	0.0185	0.0185	0.0185	0.0185	0.0185	0.0185	
0.1185	0.1185	0.1185	0.1185	0.1185	0.1185	0.1185	0.1185	0.1185	0.1185	0.1185	0.1185	0.1185	0.1185	0.1185	0.1185	0.1185	0.1185	0.1185	0.1185	0.1185	0.1185	0.1185	0.1185	
0.2185	0.2185	0.2185	0.2185	0.2185	0.2185	0.2185	0.2185	0.2185	0.2185	0.2185	0.2185	0.2185	0.2185	0.2185	0.2185	0.2185	0.2185	0.2185	0.2185	0.2185	0.2185	0.2185	0.2185	
0.3185	0.3185	0.3185	0.3185	0.3185	0.3185	0.3185	0.3185	0.3185	0.3185	0.3185	0.3185	0.3185	0.3185	0.3185	0.3185	0.3185	0.3185	0.3185	0.3185	0.3185	0.3185	0.3185	0.3185	
0.4185	0.4185	0.4185	0.4185	0.4185	0.4185	0.4185	0.4185	0.4185	0.4185	0.4185	0.4185	0.4185	0.4185	0.4185	0.4185	0.4185	0.4185	0.4185	0.4185	0.4185	0.4185	0.4185	0.4185	
0.5185	0.5185	0.5185	0.5185	0.5185	0.5185	0.5185	0.5185	0.5185	0.5185	0.5185	0.5185	0.5185	0.5185	0.5185	0.5185	0.5185	0.5185	0.5185	0.5185	0.5185	0.5185	0.5185	0.5185	
0.6185	0.6185	0.6185	0.6185	0.6185	0.6185	0.6185	0.6185	0.6185	0.6185	0.6185	0.6185	0.6185	0.6185	0.6185	0.6185	0.6185	0.6185	0.6185	0.6185	0.6185	0.6185	0.6185	0.6185	
0.7185	0.7185	0.7185	0.7185	0.7185	0.7185	0.7185	0.7185	0.7185	0.7185	0.7185	0.7185	0.7185	0.7185	0.7185	0.7185	0.7185	0.7185	0.7185	0.7185	0.7185	0.7185	0.7185	0.7185	
0.8185	0.8185	0.8185	0.8185	0.8185	0.8185	0.8185	0.8185	0.8185	0.8185	0.8185	0.8185	0.8185	0.8185	0.8185	0.8185	0.8185	0.8185	0.8185	0.8185	0.8185	0.8185	0.8185	0.8185	
0.9185	0.9185	0.9185	0.9185	0.9185	0.9185	0.9185	0.9185	0.9185	0.9185	0.9185	0.9185	0.9185	0.9185	0.9185	0.9185	0.9185	0.9185	0.9185	0.9185	0.9185	0.9185	0.9185	0.9185	
1.0185	1.0185	1.0185	1.0185	1.0185	1.0185	1.0185	1.0185	1.0185	1.0185	1.0185	1.0185	1.0185	1.0185	1.0185	1.0185	1.0185	1.0185	1.0185	1.0185	1.0185	1.0185	1.0185	1.0185	
1.1185	1.1185	1.1185	1.1185	1.1185	1.1185	1.1185	1.1185	1.1185	1.1185	1.1185	1.1185	1.1185	1.1185	1.1185	1.1185	1.1185	1.1185	1.1185	1.1185	1.1185	1.1185	1.1185	1.1185	
1.2185	1.2185	1.2185	1.2185	1.2185	1.2185	1.2185	1.2185	1.2185	1.2185	1.2185	1.2185	1.2185	1.2185	1.2185	1.2185	1.2185	1.2185	1.2185	1.2185	1.2185	1.2185	1.2185	1.2185	
1.3185	1.3185	1.3185	1.3185	1.3185	1.3185	1.3185	1.3185	1.3185	1.3185	1.3185	1.3185	1.3185	1.3185	1.3185	1.3185	1.3185	1.3185	1.3185	1.3185	1.3185	1.3185	1.3185	1.3185	
1.4185	1.4185	1.4185	1.4185	1.4185	1.4185	1.4185	1.4185	1.4185	1.4185	1.4185	1.4185	1.4185	1.4185	1.4185	1.4185	1.4185	1.4185	1.4185	1.4185	1.4185	1.4185	1.4185	1.4185	
1.5185	1.5185	1.5185	1.5185	1.5185	1.5185	1.5185	1.5185	1.5185	1.5185	1.5185	1.5185	1.5185	1.5185	1.5185	1.5185	1.5185	1.5185	1.5185	1.5185	1.5185	1.5185	1.5185	1.5185	
1.6185	1.6185	1.6185	1.6185	1.6185	1.6185	1.6185	1.6185	1.6185	1.6185	1.6185	1.6185	1.6185	1.6185	1.6185	1.6185	1.6185	1.6185	1.6185	1.6185	1.6185	1.6185	1.6185	1.6185	
1.7185	1.7185	1.7185	1.7185	1.7185	1.7185	1.7185	1.7185	1.7185	1.7185	1.7185	1.7185	1.7185	1.7185	1.7185	1.7185	1.7185	1.7185	1.7185	1.7185	1.7185	1.7185	1.7185	1.7185	
1.8185	1.8185	1.8185	1.8185	1.8185	1.8185	1.8185	1.8185	1.8185	1.8185	1.8185	1.8185	1.8185	1.8185	1.8185	1.8185	1.8185	1.8185	1.8185	1.8185	1.8185	1.8185	1.8185	1.8185	
1.9185	1.9185	1.9185	1.9185	1.9185	1.9185	1.9185	1.9185	1.9185	1.9185	1.9185	1.9185	1.9185	1.9185	1.9185	1.9185	1.9185	1.9185	1.9185	1.9185	1.9185	1.9185	1.9185	1.9185	
2.0185	2.0185	2.0185	2.0185	2.0185	2.0185	2.0185	2.0185	2.0185	2.0185	2.0185	2.0185	2.0185	2.0185	2.0185	2.0185	2.0185	2.0185	2.0185	2.0185	2.0185	2.0185	2.0185	2.0185	
0.0371	0.0371	0.0371	0.0371	0.0371	0.0371	0.0371	0.0371	0.0371	0.0371	0.0371	0.0371	0.0371	0.0371	0.0371	0.0371	0.0371	0.0371	0.0371	0.0371	0.0371	0.0371	0.0371	0.0371	
0.1371	0.1371	0.1371	0.1371	0.1371	0.1371	0.1371	0.1371	0.1371	0.1371	0.1371	0.1371	0.1371	0.1371	0.1371	0.1371	0.1371	0.1371	0.1371	0.1371	0.1371	0.1371	0.1371	0.1371	
0.2371	0.2371	0.2371	0.2371	0.2371	0.2371	0.2371	0.2371	0.2371	0.2371	0.2371	0.2371	0.2371	0.2371	0.2371	0.2371	0.2371	0.2371	0.2371	0.2371	0.2371	0.2371	0.2371	0.2371	
0.3371	0.3371	0.3371	0.3371	0.3371	0.3371	0.3371	0.3371	0.3371	0.3371	0.3371	0.3371	0.3371	0.3371	0.3371	0.3371	0.3371	0.3371	0.3371	0.3371	0.3371	0.3371	0.3371	0.3371	
0.4371	0.4371	0.4371	0.4371	0.4371	0.4371	0.4371	0.4371	0.4371	0.4371	0.4371	0.4371	0.4371	0.4371	0.4371	0.4371	0.4371	0.4371	0.4371	0.4371	0.4371	0.4371	0.4371	0.4371	
0.5371	0.5371	0.5371	0.5371	0.5371	0.5371	0.5371	0.5371	0.5371	0.5371	0.5371	0.5371	0.5371	0.5371	0.5371	0.5371	0.5371	0.5371	0.5371	0.5371	0.5371	0.5371	0.5371	0.5371	
0.6371	0.6371	0.6371	0.6371	0.6371	0.6371	0.6371	0.6371	0.6371	0.6371	0.6371	0.6371	0.6371	0.6371	0.6371	0.6371	0.6371	0.6371	0.6371	0.6371	0.6371	0.6371	0.6371	0.6371	
0.7371	0.7371	0.7371	0.7371	0.7371	0.7371	0.7371	0.7371	0.7371	0.7371	0.7371	0.7371	0.7371	0.7371	0.7371	0.7371	0.7371	0.7371	0.7371	0.7371	0.7371	0.7371	0.7371	0.7371	
0.8371	0.8371	0.8371	0.8371	0.8371	0.8371	0.8371	0.8371	0.8371	0.8371	0.8371	0.8371	0.8371	0.8371	0.8371	0.8371	0.8371	0.8371	0.8371	0.8371	0.8371	0.8371	0.8371	0.8371	
0.9371	0.9371	0.9371	0.9371	0.9371	0.9371	0.9371	0.9371	0.9371	0.9371	0.9371	0.9371	0.9371	0.9371	0.9371	0.9371	0.9371	0.9371	0.9371	0.9371	0.9371	0.9371	0.9371	0.9371	
1.0371	1.0371	1.0371	1.0371	1.0371	1.0371	1.0371	1.0371	1.0371	1.0371	1.0371	1.0371	1.0371	1.0371	1.0371	1.0371	1.0371	1.0371	1.0371	1.0371	1.0371	1.0371	1.0371	1.0371	
1.1371	1.1371	1.1371	1.1371	1.1371	1.1371	1.1371	1.1371	1.1371	1.1371	1.1371	1.1371	1.1371	1.1371	1.1371	1.1371	1.1371	1.1371	1.1371	1.1371	1.1371	1.1371	1.1371	1.1371	
1.2371	1.2371	1.2371	1.2371	1.2371	1.2371	1.2371	1.2371	1.2371	1.2371	1.2371	1.2371	1.2371	1.2371	1.2371	1.2371	1.2371	1.2371	1.2371	1.2371	1.2371	1.2371	1.2371	1.2371	
1.3371	1.3371	1.3371	1.3371	1.3371	1.3371	1.3371	1.3371	1.3371	1.3371	1.3371	1.3371	1.3371	1.3371	1.3371	1.3371	1.3371	1.3371	1.3371	1.3371	1.3371	1.3371	1.3371	1.3371	
1.4371	1.4371	1.4371	1.4371	1.4371	1.4371	1.4371	1.4371	1.4371	1.4371	1.4371	1.4371	1.4371	1.4371	1.4371	1.4371	1.4371	1.4371	1.4371	1.4371	1.4371	1.4371	1.4371	1.4371	
1.5371	1.5371	1.5371	1.5371	1.5371	1.5371	1.5371	1.5371	1.5371	1.5371	1.5371	1.5371	1.5371	1.5371	1.5371	1.5371	1.5371	1.5371	1.5371	1.5371	1.5371	1.5371	1.5371	1.5371	
1.6371	1.6371	1.6371	1.6371	1.6371	1.6371	1.6371	1.6371	1.6371	1.6371	1.6371	1.6371	1.6371	1.6371	1.6371	1.6371	1.6371	1.6371	1.6371	1.6371	1.6371	1.6371	1.6371	1.6371	
1.7371	1.7371	1.7371	1.7371	1.7371	1.7371	1.7371	1.7371	1.7371	1.7371	1.7371	1.7371	1.7371	1.7371	1.7371	1.7371	1.7371	1.7371	1.7371	1.7371	1.7371	1.7371	1.7371	1.7371	
1.8371	1.8371	1.8371	1.8371	1.8371	1.8371	1.8371	1.8371	1.8371	1.8371	1.8371	1.8371	1.8371	1.8371	1.8371	1.8371	1.8371	1.8371	1.8371	1.8371	1.8371	1.8371	1.8371	1.8371	
1.9371	1.9371	1.9371	1.9371	1.9371	1.9371	1.9371	1.9371	1.9371	1.9371	1.9371	1.9371	1.9371	1.9371	1.9371	1.9371	1.9371	1.9371	1.9371	1.9371	1.9371	1.9371	1.9371	1.9371	
2.0371	2.0371	2.0371	2.0371	2.0371	2.0371	2.0371	2.0371	2.0371	2.0371	2.0371	2.0371	2.0371	2.0371	2.0371	2.0371	2.0371	2.0371	2.0371	2.0371	2.0371	2.0371	2.0371	2.0371	
0.0556	0.0556	0.0556	0.0556	0.0556	0.0556	0.0556	0.0556	0.0556	0.0556	0.0556	0.0556	0.0556	0.0556	0.0556	0.0556	0.0556	0.0556	0.0556	0.0556	0.0556	0.0556	0.0556	0.0556	
0.1556	0.1556	0.1556	0.1556	0.1556	0.1556	0.1556	0.1556	0.1556	0.1556	0.1556	0.1556	0.1556	0.1556	0.1556	0.1556	0.1556	0.1556	0.1556	0.1556	0.1556	0.1556	0.1556	0.1556	
0.2556	0.2556	0.2556	0.2556	0.2556	0.2556	0.2556	0.2556	0.2556	0.2556	0.2556	0.2556	0.2556	0.2556	0.2556	0.2556	0.2556	0.2556	0.2556	0.2556	0.2556	0.2556	0.2556	0.2556	
0.3556	0.3556	0.3556	0.3556	0.3556	0.3556	0.3556	0.3556	0.3556	0.3556	0.3556	0.3556	0.3556	0.3556	0.3556	0.3556	0.3556	0.3556	0.3556	0.3556	0.3556	0.3556	0.3556	0.3556	
0.4556	0.4556	0.4556	0.4556	0.4556	0.4556	0.4556	0.4556	0.4556	0.4556	0.4556	0.4556	0.4556	0.4556	0.4556	0.4556	0.4556	0.4556	0.4556	0.4556	0.4556	0.4556	0.4556	0.4556	
0.5556	0.5556	0.5556	0.5556	0.5556	0.5556	0.5556	0.5556	0.5556	0.5556	0.5556	0.5556	0.5556	0.5556	0.5556	0.5556	0.5556	0.5556	0.5556	0.5556	0.5556	0.5556	0.5556	0.5556	
0.6556	0.6556	0.6556	0.6556	0.6556	0.6556	0.6556	0.6556	0.6556	0.6556	0.6556	0.6556	0.6556	0.6556	0.6556	0.6556	0.6556	0.6556	0.6556	0.6556	0.6556	0.6556	0.6556	0.6556	
0.7556	0.7556	0.7556	0.7556	0.7556	0.7556	0.7556	0.7556	0.7556	0.7556	0.7556	0.7556	0.7556	0.7556	0.7556	0.7556	0.7556	0.7556	0.7556	0.7556	0.7556	0.7556	0.7556	0.7556	
0.8556	0.8556	0.8556	0.8556	0.8556	0.8556	0.8556	0.8556	0.8556	0.8556	0.8556	0.8556	0.8556	0.8556	0.8556	0.8556	0.8556	0.8556	0.8556	0.8556	0.8556	0.8556	0.8556	0.8556	
0.9556	0.9556	0.9556	0.9556	0.9556	0.9556	0.9556	0.9556	0.9556	0.9556	0.9556	0.9556	0.9556	0.9556	0.9556	0.9556	0.9556	0.9556	0.9556	0.9556	0.9556	0.9556	0.9556	0.9556	
1.0556	1.0556	1.0556	1.0556	1.0556	1.0556	1.0556	1.0556	1.0556	1.0556	1.0556	1.0556	1.0556	1.0556	1.0556	1.0556	1.0556	1.0556	1.0556	1.0556	1.0556	1.0556	1.0556	1.0556	
1.1556	1.1556	1.1556	1.1556	1.1556	1.1556	1.1556	1.1556	1.1556	1.1556	1.1556	1.1556	1.1556	1.1556	1.1556	1.1556	1.1556	1.1556	1.1556	1.1556	1.1556	1.1556	1.1556	1.1556	
1.2556	1.2556	1.2556	1.2556	1.2556	1.2556	1.2556	1.2556	1.2556	1.2556	1.2556	1.2556	1.2556	1.2556	1.2556	1.2556	1.2556	1.2556	1.2556	1.2556	1.2556	1.2556	1.2556	1.2556	
1.3556	1.3556	1.3556	1.3556	1.3556	1.3556	1.3556	1.3556	1.3556	1.3556	1.3556	1.3556	1.3556	1.3556	1.3556	1.3556	1.3556	1.3556	1.3556	1.3556	1.3556	1.3556	1.3556	1.3556	
1.4556	1.4556	1.4556	1.4556	1.4556	1.4556	1.4556	1.4556	1.4556	1.4556	1.4556	1.4556	1.4556	1.4556	1.4556	1.4556	1.4556	1.4556	1.4556	1.4556	1.4556	1.4556	1.4556	1.4556	
1.5556	1.5556	1.5556	1.5556	1.5556	1.5556	1.5556	1.5556	1.5556	1.5556	1.5556	1.5556	1.5556	1.5556	1.5556	1.5556	1.5556	1.5556	1.5556	1.5556	1.5556	1.5556	1.5556	1.5556	
1.6556	1.6556	1.6556	1.6556	1.6556	1.6556	1.6556	1.6556	1.6556	1.6556	1.6556	1.6556	1.6556	1.6556	1.6556	1.6556	1.6556	1.6556	1.6556	1.6556	1.6556	1.6556	1.6556	1.6556	
1.7556	1.7556	1.7556	1.7556	1.7556	1.7556	1.7556	1.7556	1.7556	1.7556	1.7556	1.7556	1.7556	1.7556	1.7556	1.7556	1.7556	1.7556	1.7556	1.7556	1.7556	1.7556	1.7556	1.7556	
1.8556	1.8556	1.8556	1.8556	1.8556	1.8556	1.8556	1.8556	1.8556	1.8556	1.8556	1.8556	1.8556	1.8556	1.8556	1.8556	1.8556	1.8556	1.8556	1.8556	1.8556	1.8556	1.8556	1.8556	
1.9556	1.9556	1.9556	1.9556	1.9556	1.9556	1.9556	1.9556	1.9556	1.9556	1.9556	1.9556	1.9556	1.9556	1.9556	1.9556	1.9556	1.9556	1.9556	1.9556	1.9556	1.9556	1.9556	1.9556	
2.0556	2.0556	2.0556	2.0556	2.0556	2.0556	2.0556	2.0556	2.0556	2.0556	2.0556	2.0556	2.0556	2.0556	2.0556	2.0556	2.0556	2.0556	2.0556	2.0556	2.0556	2.0556	2.0556	2.0556	
0.0741	0.0741	0.0741	0.0741	0.0741	0.0741	0.0741	0.0741	0.0741	0.0741	0.0741	0.0741	0.0741	0.0741	0.0741	0.0741	0.0741	0.0741	0.0741	0.0741	0.0741	0.0741	0.0741	0.0741	
0.1741	0.1741	0.1741	0.1741	0.1741	0.1741	0.1741	0.1741	0.1741	0.1741	0.1741	0.1741	0.1741	0.1741	0.1741	0.1741	0.1741	0.1741	0.1741	0.1741	0.1741	0.1741	0.1741	0.1741	
0.2741	0.2741	0.2741	0.2741	0.2741	0.2741	0.2741	0.2741	0.2741	0.2741	0.2741	0.2741	0.2741	0.2741	0.2741	0.2741	0.2741	0.2741	0.2741	0.2741	0.2741	0.2741	0.2741	0.2741	
0.3741	0.3741	0.3741	0.3741	0.3741	0.3741	0.3741	0.3741	0.3741	0.3741	0.3741	0.3741	0.3741	0.3741	0.3741	0.3741	0.3741	0.3741	0.3741	0.3741	0.3741	0.3741	0.3741	0.3741	
0.4741	0.4741	0.4741	0.4741	0.4741	0.4741	0.4741	0.4741	0.4741	0.4741	0.4741	0.4741	0.4741	0.4741	0.4741	0.4741	0.4741	0.4741	0.4741	0.4741	0.4741	0.4741	0.4741	0.4741	
0.5741	0.5741	0.5741	0.5741	0.5741	0.5741	0.5741	0.5741	0.5741	0.5741	0.5741	0.5741	0.5741	0.5741	0.5741	0.5741	0.5741	0.5741	0.5741	0.5741	0.5741	0.5741	0.5741	0.5741	
0.6741	0.6741	0.6741	0.6741	0.6741	0.6741	0.6741	0.6741	0.6741	0.6741	0.6741	0.6741	0.6741	0.6741	0.6741	0.6741	0.6741	0.6741	0.6741	0.6741	0.6741	0.6741	0.6741	0.6741	
0.7741	0.7741	0.7741	0.7741	0.7741	0.7741	0.7741	0.7741	0.7741	0.7741	0.7741	0.7741	0.7741	0.7741	0.7741	0.7741	0.7741	0.7741	0.7741	0.7741	0.7741	0.7741	0.7741	0.7741	
0.8741	0.8741	0.8741	0.8741	0.8741	0.8741	0.8741	0.8741	0.8741	0.8741	0.8741	0.8741	0.8741	0.8741	0.8741	0.8741	0.8741	0.8741	0.8741	0.8741	0.8741	0.8741	0.8741	0.8741	
0.9741	0.9741	0.9741	0.9741	0.9741	0.9741	0.9741	0.9741	0.9741	0.9741	0.9741	0.9741	0.9741	0.9741	0.9741	0.9741	0.9741	0.9741	0.9741	0.9741	0.9741	0.9741	0.9741	0.9741	
1.0741	1.0741	1.0741	1.0741	1.0741	1.0741	1.0741	1.0741	1.0741	1.0741	1.0741	1.0741	1.0741	1.0741	1.0741	1.0741	1.0741	1.0741	1.0741	1.0741	1.0741	1.0741	1.0741	1.0741	
1.1741	1.1741	1.1741	1.1741	1.1741	1.1741	1.1741	1.1741	1.1741	1.1741	1.1741	1.1741	1.1741	1.1741	1.1741	1.1741	1.1741	1.1741	1.1741	1.1741	1.1741	1.1741	1.1741	1.1741	
1.2741	1.2741	1.2741	1.2741	1.2741	1.2741	1.2741	1.2741	1.2741	1.2741	1.2741	1.2741	1.2741	1.2741	1.2741	1.2741	1.2741	1.2741	1.2741	1.2741	1.2741	1.2741	1.2741	1.2741	
1.3741	1.3741	1.3741	1.3741	1.3741	1.3741	1.3741	1.3741	1.3741	1.3741	1.3741	1.3741	1.3741	1.3741	1.3741	1.3741	1.3741	1.3741	1.3741	1.3741	1.3741	1.3741	1.3741	1.3741	
1.4741	1.4741	1.4741	1.4741	1.4741	1.4741	1.4741	1.4741	1.4741	1.4741	1.4741	1.4741	1.4741	1.4741	1.4741	1.4741	1.4741	1.4741	1.4741	1.4741	1.4741	1.4741	1.4741	1.4741	
1.5741	1.5741	1.5741	1.5741	1.5741	1.5741	1.5741	1.5741	1.5741	1.5741	1.5741	1.5741	1.5741	1.5741	1.5741	1.5741	1.5741	1.5741	1.5741	1.5741	1.5741	1.5741	1.5741	1.5741	
1.6741	1.6741	1.6741	1.6741	1.6741	1.6741	1.6741	1.6741	1.6741	1.6741	1.6741	1.6741	1.6741	1.6741	1.6741	1.6741	1.6741	1.6741	1.6741	1.6741	1.6741	1.6741	1.6741	1.6741	
1.7741	1.7741	1.7741	1.7741	1.7741	1.7741	1.7741	1.7741	1.7741	1.7741	1.7741	1.7741	1.7741	1.7741	1.7741	1.7741	1.7741	1.7741	1.7741	1.7741	1.7741	1.7741	1.7741	1.7741	
1.8741	1.8741	1.8741	1.8741	1.8741	1.8741	1.8741	1.8741	1.8741	1.8741	1.8741	1.8741	1.8741	1.8741	1.8741	1.8741	1.8741	1.8741	1.8741	1.8741	1.8741	1.8741	1.8741	1.8741	
1.9741	1.9741	1.9741	1.9741	1.9741	1.9741	1.9741	1.9741	1.9741	1.9741	1.9741	1.9741	1.9741	1.9741	1.9741	1.9741	1.9741	1.9741	1.9741	1.9741	1.9741	1.9741	1.9741	1.9741	
2.0741	2.0741	2.0741	2.0741	2.0741	2.0741	2.0741	2.0741	2.0741	2.0741	2.0741	2.0741	2.0741	2.0741	2.0741	2.0741	2.0741	2.0741	2.0741	2.0741	2.0741	2.0741	2.0741	2.0741	
0.0926	0.0926	0.0926	0.0926	0.0926	0.0926	0.0926	0.0926	0.0926	0.0926	0.0926	0.0926	0.0926	0.0926	0.0926	0.0926	0.0926	0.0926	0.0926	0.0926	0.0926	0.0926	0.0926	0.0926	
0.1926	0.1926	0.1926	0.1926	0.1926	0.1926	0.1926	0.1926	0.1926	0.1926	0.1926	0.1926	0.1926	0.1926	0.1926	0.1926	0.1926	0.1926	0.1926	0.1926	0.1926	0.1926	0.1926	0.1926	
0.2926	0.2926	0.2926	0.2926	0.2926	0.2926	0.2926	0.2926	0.2926	0.2926	0.2926	0.2926	0.2926	0.2926	0.2926	0.2926	0.2926	0.2926	0.2926	0.2926	0.2926	0.2926	0.2926	0.2926	
0.3926	0.3926	0.3926	0.3926	0.3926	0.3926	0.3926	0.3926	0.3926	0.3926	0.3926	0.3926	0.3926	0.3926	0.3926	0.3926	0.3926	0.3926	0.3926	0.3926	0.3926	0.3926	0.3926	0.3926	
0.4926	0.4926	0.4926	0.4926	0.4926	0.4926	0.4926	0.4926	0.4926	0.4926	0.4926	0.4926	0.4926	0.4926	0.4926	0.4926	0.4926	0.4926	0.4926	0.4926	0.4926	0.4926	0.4926	0.4926	
0.5926	0.5926	0.5926	0.5926	0.5926	0.5926	0.5926	0.5926	0.5926	0.5926	0.5926	0.5926	0.5926	0.5926	0.5926	0.5926	0.5926	0.5926	0.5926	0.5926	0.5926	0.5926	0.5926	0.5926	
0.6926	0.6926	0.6926	0.6926	0.6926	0.6926	0.6926	0.6926	0.6926	0.6926	0.6926	0.6926	0.6926	0.6926	0.6926	0.6926	0.6926	0.6926	0.6926	0.6926	0.6926	0.6926	0.6926	0.6926	
0.7926	0.7926	0.7926	0.7926	0.7926	0.7926	0.7926	0.7926	0.7926	0.7926	0.7926	0.7926	0.7926	0.7926	0.7926	0.7926	0.7926	0.7926	0.7926	0.7926	0.7926	0.7926	0.7926	0.7926	
0.8926	0.8926	0.8926	0.8926	0.8926	0.8926	0.8926	0.8926	0.8926	0.8926	0.8926	0.8926	0.8926	0.8926	0.8926	0.8926	0.8926	0.8926	0.8926	0.8926	0.8926	0.8926	0.8926	0.8926	
0.9926	0.9926	0.9926	0.9926	0.9926	0.9926	0.9926	0.9926	0.9926	0.9926	0.9926	0.9926	0.9926	0.9926	0.9926	0.9926	0.9926	0.9926	0.9926	0.9926	0.9926	0.9926	0.9926	0.9926	
1.0926	1.0926	1.0926	1.0926	1.0926	1.0926	1.0926	1.0926	1.0926	1.0926	1.0926	1.0926	1.0926	1.0926	1.0926	1.0926	1.0926	1.0926	1.0926	1.0926	1.0926	1.0926	1.0926	1.0926	
1.1926	1.1926	1.1926	1.1926	1.1926	1.1926	1.1926	1.1926	1.1926	1.1926	1.1926	1.1926	1.1926	1.1926	1.1926	1.1926	1.1926	1.1926	1.1926	1.1926	1.1926	1.1926	1.1926	1.1926	
1.2926	1.2926	1.2926	1.2926	1.2926	1.2926	1.2926	1.2926	1.2926	1.2926	1.2926	1.2926	1.2926	1.2926	1.2926	1.2926	1.2926	1.2926	1.2926	1.2926	1.2926	1.2926	1.2926	1.2926	
1.3926	1.3926	1.3926	1.3926	1.3926	1.3926	1.3926	1.3926	1.3926	1.3926	1.3926	1.3926	1.3926	1.3926	1.3926	1.3926	1.3926	1.3926	1.3926	1.3926	1.3926	1.3926	1.3926	1.3926	
1.4926	1.4926	1.4926	1.4926	1.4926	1.4926	1.4926	1.4926	1.4926	1.4926	1.4926	1.4926	1.4926	1.4926	1.4926	1.4926	1.4926	1.4926	1.4926	1.4926	1.4926	1.4926	1.4926	1.4926	
1.5926	1.5926	1.5926	1.5926	1.5926	1.5926	1.5926	1.5926	1.5926	1.5926	1.5926	1.5926	1.5926	1.5926	1.5926	1.5926	1.5926	1.5926	1.5926	1.5926	1.5926	1.5926	1.5926	1.5926	
1.6926	1.6926	1.6926	1.6926	1.6926	1.6926	1.6926	1.6926	1.6926	1.6926	1.6926	1.6926	1.6926	1.6926	1.6926	1.6926	1.6926	1.6926	1.6926	1.6926	1.6926	1.6926	1.6926	1.6926	
1.7926	1.7926	1.7926	1.7926	1.7926	1.7926	1.7926	1.7926	1.7926	1.7926	1.7926	1.7926	1.7926	1.7926	1.7926	1.7926	1.7926	1.7926	1.7926	1.7926	1.7926	1.7926	1.7926	1.7926	
1.8926	1.8926	1.8926	1.8926	1.8926	1.8926	1.8926	1.8926	1.8926	1.8926	1.8926	1.8926	1.8926	1.8926	1.8926	1.8926	1.8926	1.8926	1.8926	1.8926	1.8926	1.8926	1.8926	1.8926	
1.9926	1.9926	1.9926	1.9926	1.9926	1.9926	1.9926	1.9926	1.9926	1.9926	1.9926	1.9926	1.9926	1.9926	1.9926	1.9926	1.9926	1.9926	1.9926	1.9926	1.9926	1.9926	1.9926	1.9926	
2.0926	2.0926	2.0926	2.0926	2.0926	2.0926	2.0926	2.0926	2.0926	2.0926	2.0926	2.0926	2.0926	2.0926	2.0926	2.0926	2.0926	2.0926	2.0926	2.0926	2.0926	2.0926	2.0926	2.0926	
0.1112	0.1112	0.1112	0.1112	0.1112	0.1112	0.1112	0.1112	0.1112	0.1112	0.1112	0.1112	0.1112	0.1112	0.1112	0.1112	0.1112	0.1112	0.1112	0.1112	0.1112	0.1112	0.1112	0.1112	
0.2112	0.2112	0.2112	0.2112	0.2112	0.2112	0.2112	0.2112	0.2112	0.2112	0.2112	0.2112	0.2112	0.2112	0.2112	0.2112	0.2112	0.2112	0.2112	0.2112	0.2112	0.2112	0.2112	0.2112	
0.3112	0.3112	0.3112	0.3112	0.3112	0.3112	0.3112	0.3112	0.3112	0.3112	0.3112	0.3112	0.3112	0.3112	0.3112	0.3112	0.3112	0.3112	0.3112	0.3112	0.3112	0.3112	0.3112	0.3112	
0.4112	0.4112	0.4112	0.4112	0.4112	0.4112	0.4112	0.4112	0.4112	0.4112	0.4112	0.4112	0.4112	0.4112	0.4112	0.4112	0.4112	0.4112	0.4112	0.4112	0.4112	0.4112	0.4112	0.4112	
0.5112	0.5112	0.5112	0.5112	0.5112	0.5112	0.5112	0.5112	0.5112	0.5112	0.5112	0.5112	0.5112	0.5112	0.5112	0.5112	0.5112	0.5112	0.5112	0.5112	0.5112	0.5112	0.5112	0.5112	
0.6112	0.6112	0.6112	0.6112	0.6112	0.6112	0.6112	0.6112	0.6112	0.6112	0.6112	0.6112	0.6112	0.6112	0.6112	0.6112	0.6112	0.6112	0.6112	0.6112	0.6112	0.6112	0.6112	0.6112	
0.7112	0.7112	0.7112	0.7112	0.7112	0.7112	0.7112	0.7112	0.7112	0.7112	0.7112	0.7112	0.7112	0.7112	0.7112	0.7112	0.7112	0.7112	0.7112	0.7112	0.7112	0.7112	0.7112	0.7112	
0.8112	0.8112	0.8112	0.8112	0.8112	0.8112	0.8112	0.8112	0.8112	0.8112	0.8112	0.8112	0.8112	0.8112	0.8112	0.8112	0.8112	0.8112	0.8112	0.8112	0.8112	0.8112	0.8112	0.8112	
0.9112	0.9112	0.9112	0.9112	0.9112	0.9112	0.9112	0.9112	0.9112	0.9112	0.9112	0.9112	0.9112	0.9112	0.9112	0.9112	0.9112	0.9112	0.9112	0.9112	0.9112	0.9112	0.9112	0.9112	
1.0112	1.0112	1.0112	1.0112	1.0112	1.0112	1.0112	1.0112	1.0112	1.0112	1.0112	1.0112	1.0112	1.0112	1.0112	1.0112	1.0112	1.0112	1.0112	1.0112	1.0112	1.0112	1.0112	1.0112	
1.1112	1.1112	1.1112	1.1112	1.1112	1.1112	1.1112	1.1112	1.1112	1.1112	1.1112	1.1112	1.1112	1.1112	1.1112	1.1112	1.1112	1.1112	1.1112	1.1112	1.1112	1.1112	1.1112	1.1112	
1.2112	1.2112	1.2112	1.2112	1.2112	1.2112	1.2112	1.2112	1.2112	1.2112	1.2112	1.2112	1.2112	1.2112	1.2112	1.2112	1.2112	1.2112	1.2112	1.2112	1.2112	1.2112	1.2112	1.2112	
1.3112	1.3112	1.3112	1.3112	1.3112	1.3112	1.3112	1.3112	1.3112	1.3112	1.3112	1.3112	1.3112	1.3112	1.3112	1.3112	1.3112	1.3112	1.3112	1.3112	1.3112	1.3112	1.3112	1.3112	
1.4112	1.4112	1.4112	1.4112	1.4112	1.4112	1.4112	1.4112	1.4112	1.4112	1.4112	1.4112	1.4112	1.4112	1.4112	1.4112	1.4112	1.4112	1.4112	1.4112	1.4112	1.4112	1.4112	1.4112	
1.5112	1.5112	1.5112	1.5112	1.5112	1.5112	1.5112	1.5112	1.5112	1.5112	1.5112	1.5112	1.5112	1.5112	1.5112	1.5112	1.5112	1.5112	1.5112	1.5112	1.5112	1.5112	1.5112	1.5112	
1.6112	1.6112	1.6112	1.6112	1.6112	1.6112	1.6112	1.6112	1.6112	1.6112	1.6112	1.6112	1.6112	1.6112	1.6112	1.6112	1.6112	1.6112	1.6112	1.6112	1.6112	1.6112	1.6112	1.6112	
1.7112	1.7112	1.7112	1.7112	1.7112	1.7112	1.7112	1.7112	1.7112	1.7112	1.7112	1.7112	1.7112	1.7112	1.7112	1.7112	1.7112	1.7112	1.7112	1.7112	1.7112	1.7112	1.7112	1.7112	
1.8112	1.8112	1.8112	1.8112	1.8112	1.8112	1.8112	1.8112	1.8112	1.8112	1.8112	1.8112	1.8112	1.8112	1.8112	1.8112	1.8112	1.8112	1.8112	1.8112	1.8112	1.8112	1.8112	1.8112	
1.9112	1.9112	1.9112	1.9112	1.9112	1.9112	1.9112	1.9112	1.9112	1.9112	1.9112	1.9112	1.9112	1.9112	1.9112	1.9112	1.9112	1.9112	1.9112	1.9112	1.9112	1.9112	1.9112	1.9112	
2.0112	2.0112	2.0112	2.0112	2.0112	2.0112	2.0112	2.0112	2.0112	2.0112	2.0112	2.0112	2.0112	2.0112	2.0112	2.0112	2.0112	2.0112	2.0112	2.0112	2.0112	2.0112	2.0112	2.0112	
2.1112	2.1112	2.1112	2.1112	2.1112	2.1112	2.1112	2.1112	2.1112	2.1112	2.1112	2.1112	2.1112	2.1112	2.1112	2.1112	2.1112	2.1112	2.1112	2.1112	2.1112	2.1112	2.1112	2.1112	
0.1297	0.1297	0.1297	0.1297	0.1297	0.1297	0.1297	0.1297	0.1297	0.1297	0.1297	0.1297	0.1297	0.1297	0.1297	0.1297	0.1297	0.1297	0.1297	0.1297	0.1297	0.1297	0.1297	0.1297	
0.2297	0.2297	0.2297	0.2297	0.2297	0.2297	0.2297	0.2297	0.2297	0.2297	0.2297	0.2297	0.2297	0.2297	0.2297	0.2297	0.2297	0.2297	0.2297	0.2297	0.2297	0.2297	0.2297	0.2297	
0.3297	0.3297	0.3297	0.3297	0.3297	0.3297	0.3297	0.3297	0.3297	0.3297	0.3297	0.3297	0.3297	0.3297	0.3297	0.3297	0.3297	0.3297	0.3297	0.3297	0.3297	0.3297	0.3297	0.3297	
0.4297	0.4297	0.4297	0.4297	0.4297	0.4297	0.4297	0.4297	0.4297	0.4297	0.4297	0.4297	0.4297	0.4297	0.4297	0.4297	0.4297	0.4297	0.4297	0.4297	0.4297	0.4297	0.4297	0.4297	
0.5297	0.5297	0.5297	0.5297	0.5297	0.5297	0.5297	0.5297	0.5297	0.5297	0.5297	0.5297	0.5297	0.5297	0.5297	0.5297	0.5297	0.5297	0.5297	0.5297	0.5297	0.5297	0.5297	0.5297	
0.6297	0.6297	0.6297	0.6297	0.6297	0.6297	0.6297	0.6297	0.6297	0.6297	0.6297	0.6297	0.6297	0.6297	0.6297	0.6297	0.6297	0.6297	0.6297	0.6297	0.6297	0.6297	0.6297	0.6297	
0.7297	0.7297	0.7297	0.7297	0.7297	0.7297	0.7297	0.7297	0.7297	0.7297	0.7297	0.7297	0.7297	0.7297	0.7297	0.7297	0.7297	0.7297	0.7297	0.7297	0.7297	0.7297	0.7297	0.7297	
0.8297	0.8297	0.8297	0.8297	0.8297	0.8297	0.8297	0.8297	0.8297	0.8297	0.8297	0.8297	0.8297	0.8297	0.8297	0.8297	0.8297	0.8297	0.8297	0.8297	0.8297	0.8297	0.8297	0.8297	
0.9297	0.9297	0.9297	0.9297	0.9297	0.9297	0.9297	0.9297	0.9297	0.9297	0.9297	0.9297	0.9297	0.9297	0.9297	0.9297	0.9297	0.9297	0.9297	0.9297	0.9297	0.9297	0.9297	0.9297	
1.0297	1.0297	1.0297	1.0297	1.0297	1.0297	1.0297	1.0297	1.0297	1.0297	1.0297	1.0297	1.0297	1.0297	1.0297	1.0297	1.0297	1.0297	1.0297	1.0297	1.0297	1.0297	1.0297	1.0297	
1.1297	1.1297	1.1297	1.1297	1.1297	1.1297	1.1297	1.1297	1.1297	1.1297	1.1297	1.1297	1.1297	1.1297	1.1297	1.1297	1.1297	1.1297	1.1297	1.1297	1.1297	1.1297	1.1297	1.1297	
1.2297	1.2297	1.2297	1.2297	1.2297	1.2297	1.2297	1.2297	1.2297	1.2297	1.2297	1.2297	1.2297	1.2297	1.2297	1.2297	1.2297	1.2297	1.2297	1.2297	1.2297	1.2297	1.2297	1.2297	
1.3297	1.3297	1.3297	1.3297	1.3297	1.3297	1.3297	1.3297	1.3297	1.3297	1.3297	1.3297	1.3297	1.3297	1.3297	1.3297	1.3297	1.3297	1.3297	1.3297	1.3297	1.3297	1.3297	1.3297	
1.4297	1.4297	1.4297	1.4297	1.4297	1.4297	1.4297	1.4297	1.4297	1.4297	1.4297	1.4297	1.4297	1.4297	1.4297	1.4297	1.4297	1.4297	1.4297	1.4297	1.4297	1.4297	1.4297	1.4297	
1.5297	1.5297	1.5297	1.5297	1.5297	1.5297	1.5297	1.5297	1.5297	1.5297	1.5297	1.5297	1.5297	1.5297	1.5297	1.5297	1.5297	1.5297	1.5297	1.5297	1.5297	1.5297	1.5297	1.5297	
1.6297	1.6297	1.6297	1.6297	1.6297	1.6297	1.6297	1.6297	1.6297	1.6297	1.6297	1.6297	1.6297	1.6297	1.6297	1.6297	1.6297	1.6297	1.6297	1.6297	1.6297	1.6297	1.6297	1.6297	
1.7297	1.7297	1.7297	1.7297	1.7297	1.7297	1.7297	1.7297	1.7297	1.7297	1.7297	1.7297	1.7297	1.7297	1.7297	1.7297	1.7297	1.7297	1.7297	1.7297	1.7297	1.7297	1.7297	1.7297	
1.8297	1.8297	1.8297	1.8297	1.8297	1.8297	1.8297	1.8297	1.8297	1.8297	1.8297	1.8297	1.8297	1.8297	1.8297	1.8297	1.8297	1.8297	1.8297	1.8297	1.8297	1.8297	1.8297	1.8297	
1.9297	1.9297	1.9297	1.9297	1.9297	1.9297	1.9297	1.9297	1.9297	1.9297	1.9297	1.9297	1.9297	1.9297	1.9297	1.9297	1.9297	1.9297	1.9297	1.9297	1.9297	1.9297	1.9297	1.9297	
2.0297	2.0297	2.0297	2.0297	2.0297	2.0297	2.0297	2.0297	2.0297	2.0297	2.0297	2.0297	2.0297	2.0297	2.0297	2.0297	2.0297	2.0297	2.0297	2.0297	2.0297	2.0297	2.0297	2.0297	
2.1297	2.1297	2.1297	2.1297	2.1297	2.1297	2.1297	2.1297	2.1297	2.1297	2.1297	2.1297	2.1297	2.1297	2.1297	2.1297	2.1297	2.1297	2.1297	2.1297	2.1297	2.1297	2.1297	2.1297	
0.1482	0.1482	0.1482	0.1482	0.1482	0.1482	0.1482	0.1482	0.1482	0.1482	0.1482	0.1482	0.1482	0.1482	0.1482	0.1482	0.1482	0.1482	0.1482	0.1482	0.1482	0.1482	0.1482	0.1482	
0.2482	0.2482	0.2482	0.2482	0.2482	0.2482	0.2482	0.2482	0.2482	0.2482	0.2482	0.2482	0.2482	0.2482	0.2482	0.2482	0.2482	0.2482	0.2482	0.2482	0.2482	0.2482	0.2482	0.2482	
0.3482	0.3482	0.3482	0.3482	0.3482	0.3482	0.3482	0.3482	0.3482	0.3482	0.3482	0.3482	0.3482	0.3482	0.3482	0.3482	0.3482	0.3482	0.3482	0.3482	0.3482	0.3482	0.3482	0.3482	
0.4482	0.4482	0.4482	0.4482	0.4482	0.4482	0.4482	0.4482	0.4482	0.4482	0.4482	0.4482	0.4482	0.4482	0.4482	0.4482	0.4482	0.4482	0.4482	0.4482	0.4482	0.4482	0.4482	0.4482	
0.5482	0.5482	0.5482	0.5482	0.5482	0.5482	0.5482	0.5482	0.5482	0.5482	0.5482	0.5482	0.5482	0.5482	0.5482	0.5482	0.5482	0.5482	0.5482	0.5482	0.5482	0.5482	0.5482	0.5482	
0.6482	0.6482	0.6482	0.6482	0.6482	0.6482	0.6482	0.6482	0.6482	0.6482	0.6482	0.6482	0.6482	0.6482	0.6482	0.6482	0.6482	0.6482	0.6482	0.6482	0.6482	0.6482	0.6482	0.6482	
0.7482	0.7482	0.7482	0.7482	0.7482	0.7482	0.7482	0.7482	0.7482	0.7482	0.7482	0.7482	0.7482	0.7482	0.7482	0.7482	0.7482	0.7482	0.7482	0.7482	0.7482	0.7482	0.7482	0.7482	
0.8482	0.8482	0.8482	0.8482	0.8482	0.8482	0.8482	0.8482	0.8482	0.8482	0.8482	0.8482	0.8482	0.8482	0.8482	0.8482	0.8482	0.8482	0.8482	0.8482	0.8482	0.8482	0.8482	0.8482	
0.9482	0.9482	0.9482	0.9482	0.9482	0.9482	0.9482	0.9482	0.9482	0.9482	0.9482	0.9482	0.9482	0.9482	0.9482	0.9482	0.9482	0.9482	0.9482	0.9482	0.9482	0.9482	0.9482	0.9482	
1.0482	1.0482	1.0482	1.0482	1.0482	1.0482	1.0482	1.0482	1.0482	1.0482	1.0482	1.0482	1.0482	1.0482	1.0482	1.0482	1.0482	1.0482	1.0482	1.0482	1.0482	1.0482	1.0482	1.0482	
1.1482	1.1482	1.1482	1.1482	1.1482	1.1482	1.1482	1.1482	1.1482	1.1482	1.1482	1.1482	1.1482	1.1482	1.1482	1.1482	1.1482	1.1482	1.1482	1.1482	1.1482	1.1482	1.1482	1.1482	
1.2482	1.2482	1.2482	1.2482	1.2482	1.2482	1.2482	1.2482	1.2482	1.2482	1.2482	1.2482	1.2482	1.2482	1.2482	1.2482	1.2482	1.2482	1.2482	1.2482	1.2482	1.2482	1.2482	1.2482	
1.3482	1.3482	1.3482	1.3482	1.3482	1.3482	1.3482	1.3482	1.3482	1.3482	1.3482	1.3482	1.3482	1.3482	1.3482	1.3482	1.3482	1.3482	1.3482	1.3482	1.3482	1.3482	1.3482	1.3482	
1.4482	1.4482	1.4482	1.4482	1.4482	1.4482	1.4482	1.4482	1.4482	1.4482	1.4482	1.4482	1.4482	1.4482	1.4482	1.4482	1.4482	1.4482	1.4482	1.4482	1.4482	1.4482	1.4482	1.4482	
1.5482	1.5482	1.5482	1.5482	1.5482	1.5482	1.5482	1.5482	1.5482	1.5482	1.5482	1.5482	1.5482	1.5482	1.5482	1.5482	1.5482	1.5482	1.5482	1.5482	1.5482	1.5482	1.5482	1.5482	
1.6482	1.6482	1.6482	1.6482	1.6482	1.6482	1.6482	1.6482	1.6482	1.6482	1.6482	1.6482	1.6482	1.6482	1.6482	1.6482	1.6482	1.6482	1.6482	1.6482	1.6482	1.6482	1.6482	1.6482	
1.7482	1.7482	1.7482	1.7482	1.7482	1.7482	1.7482	1.7482	1.7482	1.7482	1.7482	1.7482	1.7482	1.7482	1.7482	1.7482	1.7482	1.7482	1.7482	1.7482	1.7482	1.7482	1.7482	1.7482	
1.8482	1.8482	1.8482	1.8482	1.8482	1.8482	1.8482	1.8482	1.8482	1.8482	1.8482	1.8482	1.8482	1.8482	1.8482	1.8482	1.8482	1.8482	1.8482	1.8482	1.8482	1.8482	1.8482	1.8482	
1.9482	1.9482	1.9482	1.9482	1.9482	1.9482	1.9482	1.9482	1.9482	1.9482	1.9482	1.9482	1.9482	1.9482	1.9482	1.9482	1.9482	1.9482	1.9482	1.9482	1.9482	1.9482	1.9482	1.9482	
2.0482	2.0482	2.0482	2.0482	2.0482	2.0482	2.0482	2.0482	2.0482	2.0482	2.0482	2.0482	2.0482	2.0482	2.0482	2.0482	2.0482	2.0482	2.0482	2.0482	2.0482	2.0482	2.0482	2.0482	
2.1482	2.1482	2.1482	2.1482	2.1482	2.1482	2.1482	2.1482	2.1482	2.1482	2.1482	2.1482	2.1482	2.1482	2.1482	2.1482	2.1482	2.1482	2.1482	2.1482	2.1482	2.1482	2.1482	2.1482	
0.1667	0.1667	0.1667	0.1667	0.1667	0.1667	0.1667	0.1667	0.1667	0.1667	0.1667	0.1667	0.1667	0.1667	0.1667	0.1667	0.1667	0.1667	0.1667	0.1667	0.1667	0.1667	0.1667	0.1667	
0.2667	0.2667	0.2667	0.2667	0.2667	0.2667	0.2667	0.2667	0.2667	0.2667	0.2667	0.2667	0.2667	0.2667	0.2667	0.2667	0.2667	0.2667	0.2667	0.2667	0.2667	0.2667	0.2667	0.2667	
0.3667	0.3667	0.3667	0.3667	0.3667	0.3667	0.3667	0.3667	0.3667	0.3667	0.3667	0.3667	0.3667	0.3667	0.3667	0.3667	0.3667	0.3667	0.3667	0.3667	0.3667	0.3667	0.3667	0.3667	
0.4667	0.4667	0.4667	0.4667	0.4667	0.4667	0.4667	0.4667	0.4667	0.4667	0.4667	0.4667	0.4667	0.4667	0.4667	0.4667	0.4667	0.4667	0.4667	0.4667	0.4667	0.4667	0.4667	0.4667	
0.5667	0.5667	0.5667	0.5667	0.5667	0.5667	0.5667	0.5667	0.5667	0.5667	0.5667	0.5667	0.5667	0.5667	0.5667	0.5667	0.5667	0.5667	0.5667	0.5667	0.5667	0.5667	0.5667	0.5667	
0.6667	0.6667	0.6667	0.6667	0.6667	0.6667	0.6667	0.6667	0.6667	0.6667	0.6667	0.6667	0.6667	0.6667	0.6667	0.6667	0.6667	0.6667	0.6667	0.6667	0.6667	0.6667	0.6667	0.6667	
0.7667	0.7667	0.7667	0.7667	0.7667	0.7667	0.7667	0.7667	0.7667	0.7667	0.7667	0.7667	0.7667	0.7667	0.7667	0.7667	0.7667	0.7667	0.7667	0.7667	0.7667	0.7667	0.7667	0.7667	
0.8667	0.8667	0.8667	0.8667	0.8667	0.8667	0.8667	0.8667	0.8667	0.8667	0.8667	0.8667	0.8667	0.8667	0.8667	0.8667	0.8667	0.8667	0.8667	0.8667	0.8667	0.8667	0.8667	0.8667	
0.9667	0.9667	0.9667	0.9667	0.9667	0.9667	0.9667	0.9667	0.9667	0.9667	0.9667	0.9667	0.9667	0.9667	0.9667	0.9667	0.9667	0.9667	0.9667	0.9667	0.9667	0.9667	0.9667	0.9667	
1.0667	1.0667	1.0667	1.0667	1.0667	1.0667	1.0667	1.0667	1.0667	1.0667	1.0667	1.0667	1.0667	1.0667	1.0667	1.0667	1.0667	1.0667	1.0667	1.0667	1.0667	1.0667	1.0667	1.0667	
1.1667	1.1667	1.1667	1.1667	1.1667	1.1667	1.1667	1.1667	1.1667	1.1667	1.1667	1.1667	1.1667	1.1667	1.1667	1.1667	1.1667	1.1667	1.1667	1.1667	1.1667	1.1667	1.1667	1.1667	
1.2667	1.2667	1.2667	1.2667	1.2667	1.2667	1.2667	1.2667	1.2667	1.2667	1.2667	1.2667	1.2667	1.2667	1.2667	1.2667	1.2667	1.2667	1.2667	1.2667	1.2667	1.2667	1.2667	1.2667	
1.3667	1.3667	1.3667	1.3667	1.3667	1.3667	1.3667	1.3667	1.3667	1.3667	1.3667	1.3667	1.3667	1.3667	1.3667	1.3667	1.3667	1.3667	1.3667	1.3667	1.3667	1.3667	1.3667	1.3667	
1.4667	1.4667	1.4667	1.4667	1.4667	1.4667	1.4667	1.4667	1.4667	1.4667	1.4667	1.4667	1.4667	1.4667	1.4667	1.4667	1.4667	1.4667	1.4667	1.4667	1.4667	1.4667	1.4667	1.4667	
1.5667	1.5667	1.5667	1.5667	1.5667	1.5667	1.5667	1.5667	1.5667	1.5667	1.5667	1.5667	1.5667	1.5667	1.5667	1.5667	1.5667	1.5667	1.5667	1.5667	1.5667	1.5667	1.5667	1.5667	
1.6667	1.6667	1.6667	1.6667	1.6667	1.6667	1.6667	1.6667	1.6667	1.6667	1.6667	1.6667	1.6667	1.6667	1.6667	1.6667	1.6667	1.6667	1.6667	1.6667	1.6667	1.6667	1.6667	1.6667	
1.7667	1.7667	1.7667	1.7667	1.7667	1.7667	1.7667	1.7667	1.7667	1.7667	1.7667	1.7667	1.7667	1.7667	1.7667	1.7667	1.7667	1.7667	1.7667	1.7667	1.7667	1.7667	1.7667	1.7667	
1.8667	1.8667	1.8667	1.8667	1.8667	1.8667	1.8667	1.8667	1.8667	1.8667	1.8667	1.8667	1.8667	1.8667	1.8667	1.8667	1.8667	1.8667	1.8667	1.8667	1.8667	1.8667	1.8667	1.8667	
1.9667	1.9667	1.9667	1.9667	1.9667	1.9667	1.9667	1.9667	1.9667	1.9667	1.9667	1.9667	1.9667	1.9667	1.9667	1.9667	1.9667	1.9667	1.9667	1.9667	1.9667	1.9667	1.9667	1.9667	
2.0667	2.0667	2.0667	2.0667	2.0667	2.0667	2.0667	2.0667	2.0667	2.0667	2.0667	2.0667	2.0667	2.0667	2.0667	2.0667	2.0667	2.0667	2.0667	2.0667	2.0667	2.0667	2.0667	2.0667	
2.1667	2.1667	2.1667	2.1667	2.1667	2.1667	2.1667	2.1667	2.1667	2.1667	2.1667	2.1667	2.1667	2.1667	2.1667	2.1667	2.1667	2.1667	2.1667	2.1667	2.1667	2.1667	2.1667	2.1667	
0.1853	0.1853	0.1853	0.1853	0.1853	0.1853	0.1853	0.1853	0.1853	0.1853	0.1853	0.1853	0.1853	0.1853	0.1853	0.1853	0.1853	0.1853	0.1853	0.1853	0.1853	0.1853	0.1853	0.1853	
0.2853	0.2853	0.2853	0.2853	0.2853	0.2853	0.2853	0.2853	0.2853	0.2853	0.2853	0.2853	0.2853	0.2853	0.2853	0.2853	0.2853	0.2853	0.2853	0.2853	0.2853	0.2853	0.2853	0.2853	
0.3853	0.3853	0.3853	0.3853	0.3853	0.3853	0.3853	0.3853	0.3853	0.3853	0.3853	0.3853	0.3853	0.3853	0.3853	0.3853	0.3853	0.3853	0.3853	0.3853	0.3853	0.3853	0.3853	0.3853	
0.4853	0.4853	0.4853	0.4853	0.4853	0.4853	0.4853	0.4853	0.4853	0.4853	0.4853	0.4853	0.4853	0.4853	0.4853	0.4853	0.4853	0.4853	0.4853	0.4853	0.4853	0.4853	0.4853	0.4853	
0.5853	0.5853	0.5853	0.5853	0.5853	0.5853	0.5853	0.5853	0.5853	0.5853	0.5853	0.5853	0.5853	0.5853	0.5853	0.5853	0.5853	0.5853	0.5853	0.5853	0.5853	0.5853	0.5853	0.5853	
0.6853	0.6853	0.6853	0.6853	0.6853	0.6853	0.6853	0.6853	0.6853	0.6853	0.6853	0.6853	0.6853	0.6853	0.6853	0.6853	0.6853	0.6853	0.6853	0.6853	0.6853	0.6853	0.6853	0.6853	
0.7853	0.7853	0.7853	0.7853	0.7853	0.7853	0.7853	0.7853	0.7853	0.7853	0.7853	0.7853	0.7853	0.7853	0.7853	0.7853	0.7853	0.7853	0.7853	0.7853	0.7853	0.7853	0.7853	0.7853	
0.8853	0.8853	0.8853	0.8853	0.8853	0.8853	0.8853	0.8853	0.8853	0.8853	0.8853	0.8853	0.8853	0.8853	0.8853	0.8853	0.8853	0.8853	0.8853	0.8853	0.8853	0.8853	0.8853	0.8853	
0.9853	0.9853	0.9853	0.9853	0.9853	0.9853	0.9853	0.9853	0.9853	0.9853	0.9853	0.9853	0.9853	0.9853	0.9853	0.9853	0.9853	0.9853	0.9853	0.9853	0.9853	0.9853	0.9853	0.9853	
1.0853	1.0853	1.0853	1.0853	1.0853	1.0853	1.0853	1.0853	1.0853	1.0853	1.0853	1.0853	1.0853	1.0853	1.0853	1.0853	1.0853	1.0853	1.0853	1.0853	1.0853	1.0853	1.0853	1.0853	
1.1853	1.1853	1.1853	1.1853	1.1853	1.1853	1.1853	1.1853	1.1853	1.1853	1.1853	1.1853	1.1853	1.1853	1.1853	1.1853	1.1853	1.1853	1.1853	1.1853	1.1853	1.1853	1.1853	1.1853	
1.2853	1.2853	1.2853	1.2853	1.2853	1.2853	1.2853	1.2853	1.2853	1.2853	1.2853	1.2853	1.2853	1.2853	1.2853	1.2853	1.2853	1.2853	1.2853	1.2853	1.2853	1.2853	1.2853	1.2853	
1.3853	1.3853	1.3853	1.3853	1.3853	1.3853	1.3853	1.3853	1.3853	1.3853	1.3853	1.3853	1.3853	1.3853	1.3853	1.3853	1.3853	1.3853	1.3853	1.3853	1.3853	1.3853	1.3853	1.3853	
1.4853	1.4853	1.4853	1.4853	1.4853	1.4853	1.4853	1.4853	1.4853	1.4853	1.4853	1.4853	1.4853	1.4853	1.4853	1.4853	1.4853	1.4853	1.4853	1.4853	1.4853	1.4853	1.4853	1.4853	
1.5853	1.5853	1.5853	1.5853	1.5853	1.5853	1.5853	1.5853	1.5853	1.5853	1.5853	1.5853	1.5853	1.5853	1.5853	1.5853	1.5853	1.5853	1.5853	1.5853	1.5853	1.5853	1.5853	1.5853	
1.6853	1.6853	1.6853	1.6853	1.6853	1.6853	1.6853	1.6853	1.6853	1.6853	1.6853	1.6853	1.6853	1.6853	1.6853	1.6853	1.6853	1.6853	1.6853	1.6853	1.6853	1.6853	1.6853	1.6853	
1.7853	1.7853	1.7853	1.7853	1.7853	1.7853	1.7853	1.7853	1.7853	1.7853	1.7853	1.7853	1.7853	1.7853	1.7853	1.7853	1.7853	1.7853	1.7853	1.7853	1.7853	1.7853	1.7853	1.7853	
1.8853	1.8853	1.8853	1.8853	1.8853	1.8853	1.8853	1.8853	1.8853	1.8853	1.8853	1.8853	1.8853	1.8853	1.8853	1.8853	1.8853	1.8853	1.8853	1.8853	1.8853	1.8853	1.8853	1.8853	
1.9853	1.9853	1.9853	1.9853	1.9853	1.9853	1.9853	1.9853	1.9853	1.9853	1.9853	1.9853	1.9853	1.9853	1.9853	1.9853	1.9853	1.9853	1.9853	1.9853	1.9853	1.9853	1.9853	1.9853	
2.0853	2.0853	2.0853	2.0853	2.0853	2.0853	2.0853	2.0853	2.0853	2.0853	2.0853	2.0853	2.0853	2.0853	2.0853	2.0853	2.0853	2.0853	2.0853	2.0853	2.0853	2.0853	2.0853	2.0853	
2.1853	2.1853	2.1853	2.1853	2.1853	2.1853	2.1853	2.1853	2.1853	2.1853	2.1853	2.1853	2.1853	2.1853	2.1853	2.1853	2.1853	2.1853	2.1853	2.1853	2.1853	2.1853	2.1853	2.1853	
