-4.97382	-4.97382	-4.97382	-4.97382	-4.97382	-4.97382	-4.97382	-4.97382	-4.97382	-4.97382	-4.97382	-4.97382	-4.97382	-4.97382	-4.97382	-4.97382	-4.97382	-4.97382	-4.97382	-4.97382	-4.97382	-4.97382	-4.97382	-4.97382	
-4.87382	-4.87382	-4.87382	-4.87382	-4.87382	-4.87382	-4.87382	-4.87382	-4.87382	-4.87382	-4.87382	-4.87382	-4.87382	-4.87382	-4.87382	-4.87382	-4.87382	-4.87382	-4.87382	-4.87382	-4.87382	-4.87382	-4.87382	-4.87382	
-4.77382	-4.77382	-4.77382	-4.77382	-4.77382	-4.77382	-4.77382	-4.77382	-4.77382	-4.77382	-4.77382	-4.77382	-4.77382	-4.77382	-4.77382	-4.77382	-4.77382	-4.77382	-4.77382	-4.77382	-4.77382	-4.77382	-4.77382	-4.77382	
-4.67382	-4.67382	-4.67382	-4.67382	-4.67382	-4.67382	-4.67382	-4.67382	-4.67382	-4.67382	-4.67382	-4.67382	-4.67382	-4.67382	-4.67382	-4.67382	-4.67382	-4.67382	-4.67382	-4.67382	-4.67382	-4.67382	-4.67382	-4.67382	
-4.57382	-4.57382	-4.57382	-4.57382	-4.57382	-4.57382	-4.57382	-4.57382	-4.57382	-4.57382	-4.57382	-4.57382	-4.57382	-4.57382	-4.57382	-4.57382	-4.57382	-4.57382	-4.57382	-4.57382	-4.57382	-4.57382	-4.57382	-4.57382	
-4.47382	-4.47382	-4.47382	-4.47382	-4.47382	-4.47382	-4.47382	-4.47382	-4.47382	-4.47382	-4.47382	-4.47382	-4.47382	-4.47382	-4.47382	-4.47382	-4.47382	-4.47382	-4.47382	-4.47382	-4.47382	-4.47382	-4.47382	-4.47382	
-4.37382	-4.37382	-4.37382	-4.37382	-4.37382	-4.37382	-4.37382	-4.37382	-4.37382	-4.37382	-4.37382	-4.37382	-4.37382	-4.37382	-4.37382	-4.37382	-4.37382	-4.37382	-4.37382	-4.37382	-4.37382	-4.37382	-4.37382	-4.37382	
-4.27382	-4.27382	-4.27382	-4.27382	-4.27382	-4.27382	-4.27382	-4.27382	-4.27382	-4.27382	-4.27382	-4.27382	-4.27382	-4.27382	-4.27382	-4.27382	-4.27382	-4.27382	-4.27382	-4.27382	-4.27382	-4.27382	-4.27382	-4.27382	
-4.17382	-4.17382	-4.17382	-4.17382	-4.17382	-4.17382	-4.17382	-4.17382	-4.17382	-4.17382	-4.17382	-4.17382	-4.17382	-4.17382	-4.17382	-4.17382	-4.17382	-4.17382	-4.17382	-4.17382	-4.17382	-4.17382	-4.17382	-4.17382	
-4.07382	-4.07382	-4.07382	-4.07382	-4.07382	-4.07382	-4.07382	-4.07382	-4.07382	-4.07382	-4.07382	-4.07382	-4.07382	-4.07382	-4.07382	-4.07382	-4.07382	-4.07382	-4.07382	-4.07382	-4.07382	-4.07382	-4.07382	-4.07382	
-3.97382	-3.97382	-3.97382	-3.97382	-3.97382	-3.97382	-3.97382	-3.97382	-3.97382	-3.97382	-3.97382	-3.97382	-3.97382	-3.97382	-3.97382	-3.97382	-3.97382	-3.97382	-3.97382	-3.97382	-3.97382	-3.97382	-3.97382	-3.97382	
-3.87382	-3.87382	-3.87382	-3.87382	-3.87382	-3.87382	-3.87382	-3.87382	-3.87382	-3.87382	-3.87382	-3.87382	-3.87382	-3.87382	-3.87382	-3.87382	-3.87382	-3.87382	-3.87382	-3.87382	-3.87382	-3.87382	-3.87382	-3.87382	
-3.77382	-3.77382	-3.77382	-3.77382	-3.77382	-3.77382	-3.77382	-3.77382	-3.77382	-3.77382	-3.77382	-3.77382	-3.77382	-3.77382	-3.77382	-3.77382	-3.77382	-3.77382	-3.77382	-3.77382	-3.77382	-3.77382	-3.77382	-3.77382	
-3.67382	-3.67382	-3.67382	-3.67382	-3.67382	-3.67382	-3.67382	-3.67382	-3.67382	-3.67382	-3.67382	-3.67382	-3.67382	-3.67382	-3.67382	-3.67382	-3.67382	-3.67382	-3.67382	-3.67382	-3.67382	-3.67382	-3.67382	-3.67382	
-3.57382	-3.57382	-3.57382	-3.57382	-3.57382	-3.57382	-3.57382	-3.57382	-3.57382	-3.57382	-3.57382	-3.57382	-3.57382	-3.57382	-3.57382	-3.57382	-3.57382	-3.57382	-3.57382	-3.57382	-3.57382	-3.57382	-3.57382	-3.57382	
-3.47382	-3.47382	-3.47382	-3.47382	-3.47382	-3.47382	-3.47382	-3.47382	-3.47382	-3.47382	-3.47382	-3.47382	-3.47382	-3.47382	-3.47382	-3.47382	-3.47382	-3.47382	-3.47382	-3.47382	-3.47382	-3.47382	-3.47382	-3.47382	
-3.37382	-3.37382	-3.37382	-3.37382	-3.37382	-3.37382	-3.37382	-3.37382	-3.37382	-3.37382	-3.37382	-3.37382	-3.37382	-3.37382	-3.37382	-3.37382	-3.37382	-3.37382	-3.37382	-3.37382	-3.37382	-3.37382	-3.37382	-3.37382	
-3.27382	-3.27382	-3.27382	-3.27382	-3.27382	-3.27382	-3.27382	-3.27382	-3.27382	-3.27382	-3.27382	-3.27382	-3.27382	-3.27382	-3.27382	-3.27382	-3.27382	-3.27382	-3.27382	-3.27382	-3.27382	-3.27382	-3.27382	-3.27382	
-3.17382	-3.17382	-3.17382	-3.17382	-3.17382	-3.17382	-3.17382	-3.17382	-3.17382	-3.17382	-3.17382	-3.17382	-3.17382	-3.17382	-3.17382	-3.17382	-3.17382	-3.17382	-3.17382	-3.17382	-3.17382	-3.17382	-3.17382	-3.17382	
-3.07382	-3.07382	-3.07382	-3.07382	-3.07382	-3.07382	-3.07382	-3.07382	-3.07382	-3.07382	-3.07382	-3.07382	-3.07382	-3.07382	-3.07382	-3.07382	-3.07382	-3.07382	-3.07382	-3.07382	-3.07382	-3.07382	-3.07382	-3.07382	
-2.97382	-2.97382	-2.97382	-2.97382	-2.97382	-2.97382	-2.97382	-2.97382	-2.97382	-2.97382	-2.97382	-2.97382	-2.97382	-2.97382	-2.97382	-2.97382	-2.97382	-2.97382	-2.97382	-2.97382	-2.97382	-2.97382	-2.97382	-2.97382	
-4.47644	-4.47644	-4.47644	-4.47644	-4.47644	-4.47644	-4.47644	-4.47644	-4.47644	-4.47644	-4.47644	-4.47644	-4.47644	-4.47644	-4.47644	-4.47644	-4.47644	-4.47644	-4.47644	-4.47644	-4.47644	-4.47644	-4.47644	-4.47644	
-4.37644	-4.37644	-4.37644	-4.37644	-4.37644	-4.37644	-4.37644	-4.37644	-4.37644	-4.37644	-4.37644	-4.37644	-4.37644	-4.37644	-4.37644	-4.37644	-4.37644	-4.37644	-4.37644	-4.37644	-4.37644	-4.37644	-4.37644	-4.37644	
-4.27644	-4.27644	-4.27644	-4.27644	-4.27644	-4.27644	-4.27644	-4.27644	-4.27644	-4.27644	-4.27644	-4.27644	-4.27644	-4.27644	-4.27644	-4.27644	-4.27644	-4.27644	-4.27644	-4.27644	-4.27644	-4.27644	-4.27644	-4.27644	
-4.17644	-4.17644	-4.17644	-4.17644	-4.17644	-4.17644	-4.17644	-4.17644	-4.17644	-4.17644	-4.17644	-4.17644	-4.17644	-4.17644	-4.17644	-4.17644	-4.17644	-4.17644	-4.17644	-4.17644	-4.17644	-4.17644	-4.17644	-4.17644	
-4.07644	-4.07644	-4.07644	-4.07644	-4.07644	-4.07644	-4.07644	-4.07644	-4.07644	-4.07644	-4.07644	-4.07644	-4.07644	-4.07644	-4.07644	-4.07644	-4.07644	-4.07644	-4.07644	-4.07644	-4.07644	-4.07644	-4.07644	-4.07644	
-3.97644	-3.97644	-3.97644	-3.97644	-3.97644	-3.97644	-3.97644	-3.97644	-3.97644	-3.97644	-3.97644	-3.97644	-3.97644	-3.97644	-3.97644	-3.97644	-3.97644	-3.97644	-3.97644	-3.97644	-3.97644	-3.97644	-3.97644	-3.97644	
-3.87644	-3.87644	-3.87644	-3.87644	-3.87644	-3.87644	-3.87644	-3.87644	-3.87644	-3.87644	-3.87644	-3.87644	-3.87644	-3.87644	-3.87644	-3.87644	-3.87644	-3.87644	-3.87644	-3.87644	-3.87644	-3.87644	-3.87644	-3.87644	
-3.77644	-3.77644	-3.77644	-3.77644	-3.77644	-3.77644	-3.77644	-3.77644	-3.77644	-3.77644	-3.77644	-3.77644	-3.77644	-3.77644	-3.77644	-3.77644	-3.77644	-3.77644	-3.77644	-3.77644	-3.77644	-3.77644	-3.77644	-3.77644	
-3.67644	-3.67644	-3.67644	-3.67644	-3.67644	-3.67644	-3.67644	-3.67644	-3.67644	-3.67644	-3.67644	-3.67644	-3.67644	-3.67644	-3.67644	-3.67644	-3.67644	-3.67644	-3.67644	-3.67644	-3.67644	-3.67644	-3.67644	-3.67644	
-3.57644	-3.57644	-3.57644	-3.57644	-3.57644	-3.57644	-3.57644	-3.57644	-3.57644	-3.57644	-3.57644	-3.57644	-3.57644	-3.57644	-3.57644	-3.57644	-3.57644	-3.57644	-3.57644	-3.57644	-3.57644	-3.57644	-3.57644	-3.57644	
-3.47644	-3.47644	-3.47644	-3.47644	-3.47644	-3.47644	-3.47644	-3.47644	-3.47644	-3.47644	-3.47644	-3.47644	-3.47644	-3.47644	-3.47644	-3.47644	-3.47644	-3.47644	-3.47644	-3.47644	-3.47644	-3.47644	-3.47644	-3.47644	
-3.37644	-3.37644	-3.37644	-3.37644	-3.37644	-3.37644	-3.37644	-3.37644	-3.37644	-3.37644	-3.37644	-3.37644	-3.37644	-3.37644	-3.37644	-3.37644	-3.37644	-3.37644	-3.37644	-3.37644	-3.37644	-3.37644	-3.37644	-3.37644	
-3.27644	-3.27644	-3.27644	-3.27644	-3.27644	-3.27644	-3.27644	-3.27644	-3.27644	-3.27644	-3.27644	-3.27644	-3.27644	-3.27644	-3.27644	-3.27644	-3.27644	-3.27644	-3.27644	-3.27644	-3.27644	-3.27644	-3.27644	-3.27644	
-3.17644	-3.17644	-3.17644	-3.17644	-3.17644	-3.17644	-3.17644	-3.17644	-3.17644	-3.17644	-3.17644	-3.17644	-3.17644	-3.17644	-3.17644	-3.17644	-3.17644	-3.17644	-3.17644	-3.17644	-3.17644	-3.17644	-3.17644	-3.17644	
-3.07644	-3.07644	-3.07644	-3.07644	-3.07644	-3.07644	-3.07644	-3.07644	-3.07644	-3.07644	-3.07644	-3.07644	-3.07644	-3.07644	-3.07644	-3.07644	-3.07644	-3.07644	-3.07644	-3.07644	-3.07644	-3.07644	-3.07644	-3.07644	
-2.97644	-2.97644	-2.97644	-2.97644	-2.97644	-2.97644	-2.97644	-2.97644	-2.97644	-2.97644	-2.97644	-2.97644	-2.97644	-2.97644	-2.97644	-2.97644	-2.97644	-2.97644	-2.97644	-2.97644	-2.97644	-2.97644	-2.97644	-2.97644	
-2.87644	-2.87644	-2.87644	-2.87644	-2.87644	-2.87644	-2.87644	-2.87644	-2.87644	-2.87644	-2.87644	-2.87644	-2.87644	-2.87644	-2.87644	-2.87644	-2.87644	-2.87644	-2.87644	-2.87644	-2.87644	-2.87644	-2.87644	-2.87644	
-2.77644	-2.77644	-2.77644	-2.77644	-2.77644	-2.77644	-2.77644	-2.77644	-2.77644	-2.77644	-2.77644	-2.77644	-2.77644	-2.77644	-2.77644	-2.77644	-2.77644	-2.77644	-2.77644	-2.77644	-2.77644	-2.77644	-2.77644	-2.77644	
-2.67644	-2.67644	-2.67644	-2.67644	-2.67644	-2.67644	-2.67644	-2.67644	-2.67644	-2.67644	-2.67644	-2.67644	-2.67644	-2.67644	-2.67644	-2.67644	-2.67644	-2.67644	-2.67644	-2.67644	-2.67644	-2.67644	-2.67644	-2.67644	
-2.57644	-2.57644	-2.57644	-2.57644	-2.57644	-2.57644	-2.57644	-2.57644	-2.57644	-2.57644	-2.57644	-2.57644	-2.57644	-2.57644	-2.57644	-2.57644	-2.57644	-2.57644	-2.57644	-2.57644	-2.57644	-2.57644	-2.57644	-2.57644	
-2.47644	-2.47644	-2.47644	-2.47644	-2.47644	-2.47644	-2.47644	-2.47644	-2.47644	-2.47644	-2.47644	-2.47644	-2.47644	-2.47644	-2.47644	-2.47644	-2.47644	-2.47644	-2.47644	-2.47644	-2.47644	-2.47644	-2.47644	-2.47644	
-3.97906	-3.97906	-3.97906	-3.97906	-3.97906	-3.97906	-3.97906	-3.97906	-3.97906	-3.97906	-3.97906	-3.97906	-3.97906	-3.97906	-3.97906	-3.97906	-3.97906	-3.97906	-3.97906	-3.97906	-3.97906	-3.97906	-3.97906	-3.97906	
-3.87906	-3.87906	-3.87906	-3.87906	-3.87906	-3.87906	-3.87906	-3.87906	-3.87906	-3.87906	-3.87906	-3.87906	-3.87906	-3.87906	-3.87906	-3.87906	-3.87906	-3.87906	-3.87906	-3.87906	-3.87906	-3.87906	-3.87906	-3.87906	
-3.77906	-3.77906	-3.77906	-3.77906	-3.77906	-3.77906	-3.77906	-3.77906	-3.77906	-3.77906	-3.77906	-3.77906	-3.77906	-3.77906	-3.77906	-3.77906	-3.77906	-3.77906	-3.77906	-3.77906	-3.77906	-3.77906	-3.77906	-3.77906	
-3.67906	-3.67906	-3.67906	-3.67906	-3.67906	-3.67906	-3.67906	-3.67906	-3.67906	-3.67906	-3.67906	-3.67906	-3.67906	-3.67906	-3.67906	-3.67906	-3.67906	-3.67906	-3.67906	-3.67906	-3.67906	-3.67906	-3.67906	-3.67906	
-3.57906	-3.57906	-3.57906	-3.57906	-3.57906	-3.57906	-3.57906	-3.57906	-3.57906	-3.57906	-3.57906	-3.57906	-3.57906	-3.57906	-3.57906	-3.57906	-3.57906	-3.57906	-3.57906	-3.57906	-3.57906	-3.57906	-3.57906	-3.57906	
-3.47906	-3.47906	-3.47906	-3.47906	-3.47906	-3.47906	-3.47906	-3.47906	-3.47906	-3.47906	-3.47906	-3.47906	-3.47906	-3.47906	-3.47906	-3.47906	-3.47906	-3.47906	-3.47906	-3.47906	-3.47906	-3.47906	-3.47906	-3.47906	
-3.37906	-3.37906	-3.37906	-3.37906	-3.37906	-3.37906	-3.37906	-3.37906	-3.37906	-3.37906	-3.37906	-3.37906	-3.37906	-3.37906	-3.37906	-3.37906	-3.37906	-3.37906	-3.37906	-3.37906	-3.37906	-3.37906	-3.37906	-3.37906	
-3.27906	-3.27906	-3.27906	-3.27906	-3.27906	-3.27906	-3.27906	-3.27906	-3.27906	-3.27906	-3.27906	-3.27906	-3.27906	-3.27906	-3.27906	-3.27906	-3.27906	-3.27906	-3.27906	-3.27906	-3.27906	-3.27906	-3.27906	-3.27906	
-3.17906	-3.17906	-3.17906	-3.17906	-3.17906	-3.17906	-3.17906	-3.17906	-3.17906	-3.17906	-3.17906	-3.17906	-3.17906	-3.17906	-3.17906	-3.17906	-3.17906	-3.17906	-3.17906	-3.17906	-3.17906	-3.17906	-3.17906	-3.17906	
-3.07906	-3.07906	-3.07906	-3.07906	-3.07906	-3.07906	-3.07906	-3.07906	-3.07906	-3.07906	-3.07906	-3.07906	-3.07906	-3.07906	-3.07906	-3.07906	-3.07906	-3.07906	-3.07906	-3.07906	-3.07906	-3.07906	-3.07906	-3.07906	
-2.97906	-2.97906	-2.97906	-2.97906	-2.97906	-2.97906	-2.97906	-2.97906	-2.97906	-2.97906	-2.97906	-2.97906	-2.97906	-2.97906	-2.97906	-2.97906	-2.97906	-2.97906	-2.97906	-2.97906	-2.97906	-2.97906	-2.97906	-2.97906	
-2.87906	-2.87906	-2.87906	-2.87906	-2.87906	-2.87906	-2.87906	-2.87906	-2.87906	-2.87906	-2.87906	-2.87906	-2.87906	-2.87906	-2.87906	-2.87906	-2.87906	-2.87906	-2.87906	-2.87906	-2.87906	-2.87906	-2.87906	-2.87906	
-2.77906	-2.77906	-2.77906	-2.77906	-2.77906	-2.77906	-2.77906	-2.77906	-2.77906	-2.77906	-2.77906	-2.77906	-2.77906	-2.77906	-2.77906	-2.77906	-2.77906	-2.77906	-2.77906	-2.77906	-2.77906	-2.77906	-2.77906	-2.77906	
-2.67906	-2.67906	-2.67906	-2.67906	-2.67906	-2.67906	-2.67906	-2.67906	-2.67906	-2.67906	-2.67906	-2.67906	-2.67906	-2.67906	-2.67906	-2.67906	-2.67906	-2.67906	-2.67906	-2.67906	-2.67906	-2.67906	-2.67906	-2.67906	
-2.57906	-2.57906	-2.57906	-2.57906	-2.57906	-2.57906	-2.57906	-2.57906	-2.57906	-2.57906	-2.57906	-2.57906	-2.57906	-2.57906	-2.57906	-2.57906	-2.57906	-2.57906	-2.57906	-2.57906	-2.57906	-2.57906	-2.57906	-2.57906	
-2.47906	-2.47906	-2.47906	-2.47906	-2.47906	-2.47906	-2.47906	-2.47906	-2.47906	-2.47906	-2.47906	-2.47906	-2.47906	-2.47906	-2.47906	-2.47906	-2.47906	-2.47906	-2.47906	-2.47906	-2.47906	-2.47906	-2.47906	-2.47906	
-2.37906	-2.37906	-2.37906	-2.37906	-2.37906	-2.37906	-2.37906	-2.37906	-2.37906	-2.37906	-2.37906	-2.37906	-2.37906	-2.37906	-2.37906	-2.37906	-2.37906	-2.37906	-2.37906	-2.37906	-2.37906	-2.37906	-2.37906	-2.37906	
-2.27906	-2.27906	-2.27906	-2.27906	-2.27906	-2.27906	-2.27906	-2.27906	-2.27906	-2.27906	-2.27906	-2.27906	-2.27906	-2.27906	-2.27906	-2.27906	-2.27906	-2.27906	-2.27906	-2.27906	-2.27906	-2.27906	-2.27906	-2.27906	
-2.17906	-2.17906	-2.17906	-2.17906	-2.17906	-2.17906	-2.17906	-2.17906	-2.17906	-2.17906	-2.17906	-2.17906	-2.17906	-2.17906	-2.17906	-2.17906	-2.17906	-2.17906	-2.17906	-2.17906	-2.17906	-2.17906	-2.17906	-2.17906	
-2.07906	-2.07906	-2.07906	-2.07906	-2.07906	-2.07906	-2.07906	-2.07906	-2.07906	-2.07906	-2.07906	-2.07906	-2.07906	-2.07906	-2.07906	-2.07906	-2.07906	-2.07906	-2.07906	-2.07906	-2.07906	-2.07906	-2.07906	-2.07906	
-1.97906	-1.97906	-1.97906	-1.97906	-1.97906	-1.97906	-1.97906	-1.97906	-1.97906	-1.97906	-1.97906	-1.97906	-1.97906	-1.97906	-1.97906	-1.97906	-1.97906	-1.97906	-1.97906	-1.97906	-1.97906	-1.97906	-1.97906	-1.97906	
-3.48167	-3.48167	-3.48167	-3.48167	-3.48167	-3.48167	-3.48167	-3.48167	-3.48167	-3.48167	-3.48167	-3.48167	-3.48167	-3.48167	-3.48167	-3.48167	-3.48167	-3.48167	-3.48167	-3.48167	-3.48167	-3.48167	-3.48167	-3.48167	
-3.38167	-3.38167	-3.38167	-3.38167	-3.38167	-3.38167	-3.38167	-3.38167	-3.38167	-3.38167	-3.38167	-3.38167	-3.38167	-3.38167	-3.38167	-3.38167	-3.38167	-3.38167	-3.38167	-3.38167	-3.38167	-3.38167	-3.38167	-3.38167	
-3.28167	-3.28167	-3.28167	-3.28167	-3.28167	-3.28167	-3.28167	-3.28167	-3.28167	-3.28167	-3.28167	-3.28167	-3.28167	-3.28167	-3.28167	-3.28167	-3.28167	-3.28167	-3.28167	-3.28167	-3.28167	-3.28167	-3.28167	-3.28167	
-3.18167	-3.18167	-3.18167	-3.18167	-3.18167	-3.18167	-3.18167	-3.18167	-3.18167	-3.18167	-3.18167	-3.18167	-3.18167	-3.18167	-3.18167	-3.18167	-3.18167	-3.18167	-3.18167	-3.18167	-3.18167	-3.18167	-3.18167	-3.18167	
-3.08167	-3.08167	-3.08167	-3.08167	-3.08167	-3.08167	-3.08167	-3.08167	-3.08167	-3.08167	-3.08167	-3.08167	-3.08167	-3.08167	-3.08167	-3.08167	-3.08167	-3.08167	-3.08167	-3.08167	-3.08167	-3.08167	-3.08167	-3.08167	
-2.98167	-2.98167	-2.98167	-2.98167	-2.98167	-2.98167	-2.98167	-2.98167	-2.98167	-2.98167	-2.98167	-2.98167	-2.98167	-2.98167	-2.98167	-2.98167	-2.98167	-2.98167	-2.98167	-2.98167	-2.98167	-2.98167	-2.98167	-2.98167	
-2.88167	-2.88167	-2.88167	-2.88167	-2.88167	-2.88167	-2.88167	-2.88167	-2.88167	-2.88167	-2.88167	-2.88167	-2.88167	-2.88167	-2.88167	-2.88167	-2.88167	-2.88167	-2.88167	-2.88167	-2.88167	-2.88167	-2.88167	-2.88167	
-2.78167	-2.78167	-2.78167	-2.78167	-2.78167	-2.78167	-2.78167	-2.78167	-2.78167	-2.78167	-2.78167	-2.78167	-2.78167	-2.78167	-2.78167	-2.78167	-2.78167	-2.78167	-2.78167	-2.78167	-2.78167	-2.78167	-2.78167	-2.78167	
-2.68167	-2.68167	-2.68167	-2.68167	-2.68167	-2.68167	-2.68167	-2.68167	-2.68167	-2.68167	-2.68167	-2.68167	-2.68167	-2.68167	-2.68167	-2.68167	-2.68167	-2.68167	-2.68167	-2.68167	-2.68167	-2.68167	-2.68167	-2.68167	
-2.58167	-2.58167	-2.58167	-2.58167	-2.58167	-2.58167	-2.58167	-2.58167	-2.58167	-2.58167	-2.58167	-2.58167	-2.58167	-2.58167	-2.58167	-2.58167	-2.58167	-2.58167	-2.58167	-2.58167	-2.58167	-2.58167	-2.58167	-2.58167	
-2.48167	-2.48167	-2.48167	-2.48167	-2.48167	-2.48167	-2.48167	-2.48167	-2.48167	-2.48167	-2.48167	-2.48167	-2.48167	-2.48167	-2.48167	-2.48167	-2.48167	-2.48167	-2.48167	-2.48167	-2.48167	-2.48167	-2.48167	-2.48167	
-2.38167	-2.38167	-2.38167	-2.38167	-2.38167	-2.38167	-2.38167	-2.38167	-2.38167	-2.38167	-2.38167	-2.38167	-2.38167	-2.38167	-2.38167	-2.38167	-2.38167	-2.38167	-2.38167	-2.38167	-2.38167	-2.38167	-2.38167	-2.38167	
-2.28167	-2.28167	-2.28167	-2.28167	-2.28167	-2.28167	-2.28167	-2.28167	-2.28167	-2.28167	-2.28167	-2.28167	-2.28167	-2.28167	-2.28167	-2.28167	-2.28167	-2.28167	-2.28167	-2.28167	-2.28167	-2.28167	-2.28167	-2.28167	
-2.18167	-2.18167	-2.18167	-2.18167	-2.18167	-2.18167	-2.18167	-2.18167	-2.18167	-2.18167	-2.18167	-2.18167	-2.18167	-2.18167	-2.18167	-2.18167	-2.18167	-2.18167	-2.18167	-2.18167	-2.18167	-2.18167	-2.18167	-2.18167	
-2.08167	-2.08167	-2.08167	-2.08167	-2.08167	-2.08167	-2.08167	-2.08167	-2.08167	-2.08167	-2.08167	-2.08167	-2.08167	-2.08167	-2.08167	-2.08167	-2.08167	-2.08167	-2.08167	-2.08167	-2.08167	-2.08167	-2.08167	-2.08167	
-1.98167	-1.98167	-1.98167	-1.98167	-1.98167	-1.98167	-1.98167	-1.98167	-1.98167	-1.98167	-1.98167	-1.98167	-1.98167	-1.98167	-1.98167	-1.98167	-1.98167	-1.98167	-1.98167	-1.98167	-1.98167	-1.98167	-1.98167	-1.98167	
-1.88167	-1.88167	-1.88167	-1.88167	-1.88167	-1.88167	-1.88167	-1.88167	-1.88167	-1.88167	-1.88167	-1.88167	-1.88167	-1.88167	-1.88167	-1.88167	-1.88167	-1.88167	-1.88167	-1.88167	-1.88167	-1.88167	-1.88167	-1.88167	
-1.78167	-1.78167	-1.78167	-1.78167	-1.78167	-1.78167	-1.78167	-1.78167	-1.78167	-1.78167	-1.78167	-1.78167	-1.78167	-1.78167	-1.78167	-1.78167	-1.78167	-1.78167	-1.78167	-1.78167	-1.78167	-1.78167	-1.78167	-1.78167	
-1.68167	-1.68167	-1.68167	-1.68167	-1.68167	-1.68167	-1.68167	-1.68167	-1.68167	-1.68167	-1.68167	-1.68167	-1.68167	-1.68167	-1.68167	-1.68167	-1.68167	-1.68167	-1.68167	-1.68167	-1.68167	-1.68167	-1.68167	-1.68167	
-1.58167	-1.58167	-1.58167	-1.58167	-1.58167	-1.58167	-1.58167	-1.58167	-1.58167	-1.58167	-1.58167	-1.58167	-1.58167	-1.58167	-1.58167	-1.58167	-1.58167	-1.58167	-1.58167	-1.58167	-1.58167	-1.58167	-1.58167	-1.58167	
-1.48167	-1.48167	-1.48167	-1.48167	-1.48167	-1.48167	-1.48167	-1.48167	-1.48167	-1.48167	-1.48167	-1.48167	-1.48167	-1.48167	-1.48167	-1.48167	-1.48167	-1.48167	-1.48167	-1.48167	-1.48167	-1.48167	-1.48167	-1.48167	
-2.98429	-2.98429	-2.98429	-2.98429	-2.98429	-2.98429	-2.98429	-2.98429	-2.98429	-2.98429	-2.98429	-2.98429	-2.98429	-2.98429	-2.98429	-2.98429	-2.98429	-2.98429	-2.98429	-2.98429	-2.98429	-2.98429	-2.98429	-2.98429	
-2.88429	-2.88429	-2.88429	-2.88429	-2.88429	-2.88429	-2.88429	-2.88429	-2.88429	-2.88429	-2.88429	-2.88429	-2.88429	-2.88429	-2.88429	-2.88429	-2.88429	-2.88429	-2.88429	-2.88429	-2.88429	-2.88429	-2.88429	-2.88429	
-2.78429	-2.78429	-2.78429	-2.78429	-2.78429	-2.78429	-2.78429	-2.78429	-2.78429	-2.78429	-2.78429	-2.78429	-2.78429	-2.78429	-2.78429	-2.78429	-2.78429	-2.78429	-2.78429	-2.78429	-2.78429	-2.78429	-2.78429	-2.78429	
-2.68429	-2.68429	-2.68429	-2.68429	-2.68429	-2.68429	-2.68429	-2.68429	-2.68429	-2.68429	-2.68429	-2.68429	-2.68429	-2.68429	-2.68429	-2.68429	-2.68429	-2.68429	-2.68429	-2.68429	-2.68429	-2.68429	-2.68429	-2.68429	
-2.58429	-2.58429	-2.58429	-2.58429	-2.58429	-2.58429	-2.58429	-2.58429	-2.58429	-2.58429	-2.58429	-2.58429	-2.58429	-2.58429	-2.58429	-2.58429	-2.58429	-2.58429	-2.58429	-2.58429	-2.58429	-2.58429	-2.58429	-2.58429	
-2.48429	-2.48429	-2.48429	-2.48429	-2.48429	-2.48429	-2.48429	-2.48429	-2.48429	-2.48429	-2.48429	-2.48429	-2.48429	-2.48429	-2.48429	-2.48429	-2.48429	-2.48429	-2.48429	-2.48429	-2.48429	-2.48429	-2.48429	-2.48429	
-2.38429	-2.38429	-2.38429	-2.38429	-2.38429	-2.38429	-2.38429	-2.38429	-2.38429	-2.38429	-2.38429	-2.38429	-2.38429	-2.38429	-2.38429	-2.38429	-2.38429	-2.38429	-2.38429	-2.38429	-2.38429	-2.38429	-2.38429	-2.38429	
-2.28429	-2.28429	-2.28429	-2.28429	-2.28429	-2.28429	-2.28429	-2.28429	-2.28429	-2.28429	-2.28429	-2.28429	-2.28429	-2.28429	-2.28429	-2.28429	-2.28429	-2.28429	-2.28429	-2.28429	-2.28429	-2.28429	-2.28429	-2.28429	
-2.18429	-2.18429	-2.18429	-2.18429	-2.18429	-2.18429	-2.18429	-2.18429	-2.18429	-2.18429	-2.18429	-2.18429	-2.18429	-2.18429	-2.18429	-2.18429	-2.18429	-2.18429	-2.18429	-2.18429	-2.18429	-2.18429	-2.18429	-2.18429	
-2.08429	-2.08429	-2.08429	-2.08429	-2.08429	-2.08429	-2.08429	-2.08429	-2.08429	-2.08429	-2.08429	-2.08429	-2.08429	-2.08429	-2.08429	-2.08429	-2.08429	-2.08429	-2.08429	-2.08429	-2.08429	-2.08429	-2.08429	-2.08429	
-1.98429	-1.98429	-1.98429	-1.98429	-1.98429	-1.98429	-1.98429	-1.98429	-1.98429	-1.98429	-1.98429	-1.98429	-1.98429	-1.98429	-1.98429	-1.98429	-1.98429	-1.98429	-1.98429	-1.98429	-1.98429	-1.98429	-1.98429	-1.98429	
-1.88429	-1.88429	-1.88429	-1.88429	-1.88429	-1.88429	-1.88429	-1.88429	-1.88429	-1.88429	-1.88429	-1.88429	-1.88429	-1.88429	-1.88429	-1.88429	-1.88429	-1.88429	-1.88429	-1.88429	-1.88429	-1.88429	-1.88429	-1.88429	
-1.78429	-1.78429	-1.78429	-1.78429	-1.78429	-1.78429	-1.78429	-1.78429	-1.78429	-1.78429	-1.78429	-1.78429	-1.78429	-1.78429	-1.78429	-1.78429	-1.78429	-1.78429	-1.78429	-1.78429	-1.78429	-1.78429	-1.78429	-1.78429	
-1.68429	-1.68429	-1.68429	-1.68429	-1.68429	-1.68429	-1.68429	-1.68429	-1.68429	-1.68429	-1.68429	-1.68429	-1.68429	-1.68429	-1.68429	-1.68429	-1.68429	-1.68429	-1.68429	-1.68429	-1.68429	-1.68429	-1.68429	-1.68429	
-1.58429	-1.58429	-1.58429	-1.58429	-1.58429	-1.58429	-1.58429	-1.58429	-1.58429	-1.58429	-1.58429	-1.58429	-1.58429	-1.58429	-1.58429	-1.58429	-1.58429	-1.58429	-1.58429	-1.58429	-1.58429	-1.58429	-1.58429	-1.58429	
-1.48429	-1.48429	-1.48429	-1.48429	-1.48429	-1.48429	-1.48429	-1.48429	-1.48429	-1.48429	-1.48429	-1.48429	-1.48429	-1.48429	-1.48429	-1.48429	-1.48429	-1.48429	-1.48429	-1.48429	-1.48429	-1.48429	-1.48429	-1.48429	
-1.38429	-1.38429	-1.38429	-1.38429	-1.38429	-1.38429	-1.38429	-1.38429	-1.38429	-1.38429	-1.38429	-1.38429	-1.38429	-1.38429	-1.38429	-1.38429	-1.38429	-1.38429	-1.38429	-1.38429	-1.38429	-1.38429	-1.38429	-1.38429	
-1.28429	-1.28429	-1.28429	-1.28429	-1.28429	-1.28429	-1.28429	-1.28429	-1.28429	-1.28429	-1.28429	-1.28429	-1.28429	-1.28429	-1.28429	-1.28429	-1.28429	-1.28429	-1.28429	-1.28429	-1.28429	-1.28429	-1.28429	-1.28429	
-1.18429	-1.18429	-1.18429	-1.18429	-1.18429	-1.18429	-1.18429	-1.18429	-1.18429	-1.18429	-1.18429	-1.18429	-1.18429	-1.18429	-1.18429	-1.18429	-1.18429	-1.18429	-1.18429	-1.18429	-1.18429	-1.18429	-1.18429	-1.18429	
-1.08429	-1.08429	-1.08429	-1.08429	-1.08429	-1.08429	-1.08429	-1.08429	-1.08429	-1.08429	-1.08429	-1.08429	-1.08429	-1.08429	-1.08429	-1.08429	-1.08429	-1.08429	-1.08429	-1.08429	-1.08429	-1.08429	-1.08429	-1.08429	
-0.98429	-0.98429	-0.98429	-0.98429	-0.98429	-0.98429	-0.98429	-0.98429	-0.98429	-0.98429	-0.98429	-0.98429	-0.98429	-0.98429	-0.98429	-0.98429	-0.98429	-0.98429	-0.98429	-0.98429	-0.98429	-0.98429	-0.98429	-0.98429	
-2.48691	-2.48691	-2.48691	-2.48691	-2.48691	-2.48691	-2.48691	-2.48691	-2.48691	-2.48691	-2.48691	-2.48691	-2.48691	-2.48691	-2.48691	-2.48691	-2.48691	-2.48691	-2.48691	-2.48691	-2.48691	-2.48691	-2.48691	-2.48691	
-2.38691	-2.38691	-2.38691	-2.38691	-2.38691	-2.38691	-2.38691	-2.38691	-2.38691	-2.38691	-2.38691	-2.38691	-2.38691	-2.38691	-2.38691	-2.38691	-2.38691	-2.38691	-2.38691	-2.38691	-2.38691	-2.38691	-2.38691	-2.38691	
-2.28691	-2.28691	-2.28691	-2.28691	-2.28691	-2.28691	-2.28691	-2.28691	-2.28691	-2.28691	-2.28691	-2.28691	-2.28691	-2.28691	-2.28691	-2.28691	-2.28691	-2.28691	-2.28691	-2.28691	-2.28691	-2.28691	-2.28691	-2.28691	
-2.18691	-2.18691	-2.18691	-2.18691	-2.18691	-2.18691	-2.18691	-2.18691	-2.18691	-2.18691	-2.18691	-2.18691	-2.18691	-2.18691	-2.18691	-2.18691	-2.18691	-2.18691	-2.18691	-2.18691	-2.18691	-2.18691	-2.18691	-2.18691	
-2.08691	-2.08691	-2.08691	-2.08691	-2.08691	-2.08691	-2.08691	-2.08691	-2.08691	-2.08691	-2.08691	-2.08691	-2.08691	-2.08691	-2.08691	-2.08691	-2.08691	-2.08691	-2.08691	-2.08691	-2.08691	-2.08691	-2.08691	-2.08691	
-1.98691	-1.98691	-1.98691	-1.98691	-1.98691	-1.98691	-1.98691	-1.98691	-1.98691	-1.98691	-1.98691	-1.98691	-1.98691	-1.98691	-1.98691	-1.98691	-1.98691	-1.98691	-1.98691	-1.98691	-1.98691	-1.98691	-1.98691	-1.98691	
-1.88691	-1.88691	-1.88691	-1.88691	-1.88691	-1.88691	-1.88691	-1.88691	-1.88691	-1.88691	-1.88691	-1.88691	-1.88691	-1.88691	-1.88691	-1.88691	-1.88691	-1.88691	-1.88691	-1.88691	-1.88691	-1.88691	-1.88691	-1.88691	
-1.78691	-1.78691	-1.78691	-1.78691	-1.78691	-1.78691	-1.78691	-1.78691	-1.78691	-1.78691	-1.78691	-1.78691	-1.78691	-1.78691	-1.78691	-1.78691	-1.78691	-1.78691	-1.78691	-1.78691	-1.78691	-1.78691	-1.78691	-1.78691	
-1.68691	-1.68691	-1.68691	-1.68691	-1.68691	-1.68691	-1.68691	-1.68691	-1.68691	-1.68691	-1.68691	-1.68691	-1.68691	-1.68691	-1.68691	-1.68691	-1.68691	-1.68691	-1.68691	-1.68691	-1.68691	-1.68691	-1.68691	-1.68691	
-1.58691	-1.58691	-1.58691	-1.58691	-1.58691	-1.58691	-1.58691	-1.58691	-1.58691	-1.58691	-1.58691	-1.58691	-1.58691	-1.58691	-1.58691	-1.58691	-1.58691	-1.58691	-1.58691	-1.58691	-1.58691	-1.58691	-1.58691	-1.58691	
-1.48691	-1.48691	-1.48691	-1.48691	-1.48691	-1.48691	-1.48691	-1.48691	-1.48691	-1.48691	-1.48691	-1.48691	-1.48691	-1.48691	-1.48691	-1.48691	-1.48691	-1.48691	-1.48691	-1.48691	-1.48691	-1.48691	-1.48691	-1.48691	
-1.38691	-1.38691	-1.38691	-1.38691	-1.38691	-1.38691	-1.38691	-1.38691	-1.38691	-1.38691	-1.38691	-1.38691	-1.38691	-1.38691	-1.38691	-1.38691	-1.38691	-1.38691	-1.38691	-1.38691	-1.38691	-1.38691	-1.38691	-1.38691	
-1.28691	-1.28691	-1.28691	-1.28691	-1.28691	-1.28691	-1.28691	-1.28691	-1.28691	-1.28691	-1.28691	-1.28691	-1.28691	-1.28691	-1.28691	-1.28691	-1.28691	-1.28691	-1.28691	-1.28691	-1.28691	-1.28691	-1.28691	-1.28691	
-1.18691	-1.18691	-1.18691	-1.18691	-1.18691	-1.18691	-1.18691	-1.18691	-1.18691	-1.18691	-1.18691	-1.18691	-1.18691	-1.18691	-1.18691	-1.18691	-1.18691	-1.18691	-1.18691	-1.18691	-1.18691	-1.18691	-1.18691	-1.18691	
-1.08691	-1.08691	-1.08691	-1.08691	-1.08691	-1.08691	-1.08691	-1.08691	-1.08691	-1.08691	-1.08691	-1.08691	-1.08691	-1.08691	-1.08691	-1.08691	-1.08691	-1.08691	-1.08691	-1.08691	-1.08691	-1.08691	-1.08691	-1.08691	
-0.98691	-0.98691	-0.98691	-0.98691	-0.98691	-0.98691	-0.98691	-0.98691	-0.98691	-0.98691	-0.98691	-0.98691	-0.98691	-0.98691	-0.98691	-0.98691	-0.98691	-0.98691	-0.98691	-0.98691	-0.98691	-0.98691	-0.98691	-0.98691	
-0.88691	-0.88691	-0.88691	-0.88691	-0.88691	-0.88691	-0.88691	-0.88691	-0.88691	-0.88691	-0.88691	-0.88691	-0.88691	-0.88691	-0.88691	-0.88691	-0.88691	-0.88691	-0.88691	-0.88691	-0.88691	-0.88691	-0.88691	-0.88691	
-0.78691	-0.78691	-0.78691	-0.78691	-0.78691	-0.78691	-0.78691	-0.78691	-0.78691	-0.78691	-0.78691	-0.78691	-0.78691	-0.78691	-0.78691	-0.78691	-0.78691	-0.78691	-0.78691	-0.78691	-0.78691	-0.78691	-0.78691	-0.78691	
-0.68691	-0.68691	-0.68691	-0.68691	-0.68691	-0.68691	-0.68691	-0.68691	-0.68691	-0.68691	-0.68691	-0.68691	-0.68691	-0.68691	-0.68691	-0.68691	-0.68691	-0.68691	-0.68691	-0.68691	-0.68691	-0.68691	-0.68691	-0.68691	
-0.58691	-0.58691	-0.58691	-0.58691	-0.58691	-0.58691	-0.58691	-0.58691	-0.58691	-0.58691	-0.58691	-0.58691	-0.58691	-0.58691	-0.58691	-0.58691	-0.58691	-0.58691	-0.58691	-0.58691	-0.58691	-0.58691	-0.58691	-0.58691	
-0.48691	-0.48691	-0.48691	-0.48691	-0.48691	-0.48691	-0.48691	-0.48691	-0.48691	-0.48691	-0.48691	-0.48691	-0.48691	-0.48691	-0.48691	-0.48691	-0.48691	-0.48691	-0.48691	-0.48691	-0.48691	-0.48691	-0.48691	-0.48691	
-1.98953	-1.98953	-1.98953	-1.98953	-1.98953	-1.98953	-1.98953	-1.98953	-1.98953	-1.98953	-1.98953	-1.98953	-1.98953	-1.98953	-1.98953	-1.98953	-1.98953	-1.98953	-1.98953	-1.98953	-1.98953	-1.98953	-1.98953	-1.98953	
-1.88953	-1.88953	-1.88953	-1.88953	-1.88953	-1.88953	-1.88953	-1.88953	-1.88953	-1.88953	-1.88953	-1.88953	-1.88953	-1.88953	-1.88953	-1.88953	-1.88953	-1.88953	-1.88953	-1.88953	-1.88953	-1.88953	-1.88953	-1.88953	
-1.78953	-1.78953	-1.78953	-1.78953	-1.78953	-1.78953	-1.78953	-1.78953	-1.78953	-1.78953	-1.78953	-1.78953	-1.78953	-1.78953	-1.78953	-1.78953	-1.78953	-1.78953	-1.78953	-1.78953	-1.78953	-1.78953	-1.78953	-1.78953	
-1.68953	-1.68953	-1.68953	-1.68953	-1.68953	-1.68953	-1.68953	-1.68953	-1.68953	-1.68953	-1.68953	-1.68953	-1.68953	-1.68953	-1.68953	-1.68953	-1.68953	-1.68953	-1.68953	-1.68953	-1.68953	-1.68953	-1.68953	-1.68953	
-1.58953	-1.58953	-1.58953	-1.58953	-1.58953	-1.58953	-1.58953	-1.58953	-1.58953	-1.58953	-1.58953	-1.58953	-1.58953	-1.58953	-1.58953	-1.58953	-1.58953	-1.58953	-1.58953	-1.58953	-1.58953	-1.58953	-1.58953	-1.58953	
-1.48953	-1.48953	-1.48953	-1.48953	-1.48953	-1.48953	-1.48953	-1.48953	-1.48953	-1.48953	-1.48953	-1.48953	-1.48953	-1.48953	-1.48953	-1.48953	-1.48953	-1.48953	-1.48953	-1.48953	-1.48953	-1.48953	-1.48953	-1.48953	
-1.38953	-1.38953	-1.38953	-1.38953	-1.38953	-1.38953	-1.38953	-1.38953	-1.38953	-1.38953	-1.38953	-1.38953	-1.38953	-1.38953	-1.38953	-1.38953	-1.38953	-1.38953	-1.38953	-1.38953	-1.38953	-1.38953	-1.38953	-1.38953	
-1.28953	-1.28953	-1.28953	-1.28953	-1.28953	-1.28953	-1.28953	-1.28953	-1.28953	-1.28953	-1.28953	-1.28953	-1.28953	-1.28953	-1.28953	-1.28953	-1.28953	-1.28953	-1.28953	-1.28953	-1.28953	-1.28953	-1.28953	-1.28953	
-1.18953	-1.18953	-1.18953	-1.18953	-1.18953	-1.18953	-1.18953	-1.18953	-1.18953	-1.18953	-1.18953	-1.18953	-1.18953	-1.18953	-1.18953	-1.18953	-1.18953	-1.18953	-1.18953	-1.18953	-1.18953	-1.18953	-1.18953	-1.18953	
-1.08953	-1.08953	-1.08953	-1.08953	-1.08953	-1.08953	-1.08953	-1.08953	-1.08953	-1.08953	-1.08953	-1.08953	-1.08953	-1.08953	-1.08953	-1.08953	-1.08953	-1.08953	-1.08953	-1.08953	-1.08953	-1.08953	-1.08953	-1.08953	
-0.98953	-0.98953	-0.98953	-0.98953	-0.98953	-0.98953	-0.98953	-0.98953	-0.98953	-0.98953	-0.98953	-0.98953	-0.98953	-0.98953	-0.98953	-0.98953	-0.98953	-0.98953	-0.98953	-0.98953	-0.98953	-0.98953	-0.98953	-0.98953	
-0.88953	-0.88953	-0.88953	-0.88953	-0.88953	-0.88953	-0.88953	-0.88953	-0.88953	-0.88953	-0.88953	-0.88953	-0.88953	-0.88953	-0.88953	-0.88953	-0.88953	-0.88953	-0.88953	-0.88953	-0.88953	-0.88953	-0.88953	-0.88953	
-0.78953	-0.78953	-0.78953	-0.78953	-0.78953	-0.78953	-0.78953	-0.78953	-0.78953	-0.78953	-0.78953	-0.78953	-0.78953	-0.78953	-0.78953	-0.78953	-0.78953	-0.78953	-0.78953	-0.78953	-0.78953	-0.78953	-0.78953	-0.78953	
-0.68953	-0.68953	-0.68953	-0.68953	-0.68953	-0.68953	-0.68953	-0.68953	-0.68953	-0.68953	-0.68953	-0.68953	-0.68953	-0.68953	-0.68953	-0.68953	-0.68953	-0.68953	-0.68953	-0.68953	-0.68953	-0.68953	-0.68953	-0.68953	
-0.58953	-0.58953	-0.58953	-0.58953	-0.58953	-0.58953	-0.58953	-0.58953	-0.58953	-0.58953	-0.58953	-0.58953	-0.58953	-0.58953	-0.58953	-0.58953	-0.58953	-0.58953	-0.58953	-0.58953	-0.58953	-0.58953	-0.58953	-0.58953	
-0.48953	-0.48953	-0.48953	-0.48953	-0.48953	-0.48953	-0.48953	-0.48953	-0.48953	-0.48953	-0.48953	-0.48953	-0.48953	-0.48953	-0.48953	-0.48953	-0.48953	-0.48953	-0.48953	-0.48953	-0.48953	-0.48953	-0.48953	-0.48953	
-0.38953	-0.38953	-0.38953	-0.38953	-0.38953	-0.38953	-0.38953	-0.38953	-0.38953	-0.38953	-0.38953	-0.38953	-0.38953	-0.38953	-0.38953	-0.38953	-0.38953	-0.38953	-0.38953	-0.38953	-0.38953	-0.38953	-0.38953	-0.38953	
-0.28953	-0.28953	-0.28953	-0.28953	-0.28953	-0.28953	-0.28953	-0.28953	-0.28953	-0.28953	-0.28953	-0.28953	-0.28953	-0.28953	-0.28953	-0.28953	-0.28953	-0.28953	-0.28953	-0.28953	-0.28953	-0.28953	-0.28953	-0.28953	
-0.18953	-0.18953	-0.18953	-0.18953	-0.18953	-0.18953	-0.18953	-0.18953	-0.18953	-0.18953	-0.18953	-0.18953	-0.18953	-0.18953	-0.18953	-0.18953	-0.18953	-0.18953	-0.18953	-0.18953	-0.18953	-0.18953	-0.18953	-0.18953	
-0.08953	-0.08953	-0.08953	-0.08953	-0.08953	-0.08953	-0.08953	-0.08953	-0.08953	-0.08953	-0.08953	-0.08953	-0.08953	-0.08953	-0.08953	-0.08953	-0.08953	-0.08953	-0.08953	-0.08953	-0.08953	-0.08953	-0.08953	-0.08953	
0.01047	0.01047	0.01047	0.01047	0.01047	0.01047	0.01047	0.01047	0.01047	0.01047	0.01047	0.01047	0.01047	0.01047	0.01047	0.01047	0.01047	0.01047	0.01047	0.01047	0.01047	0.01047	0.01047	0.01047	
-1.49215	-1.49215	-1.49215	-1.49215	-1.49215	-1.49215	-1.49215	-1.49215	-1.49215	-1.49215	-1.49215	-1.49215	-1.49215	-1.49215	-1.49215	-1.49215	-1.49215	-1.49215	-1.49215	-1.49215	-1.49215	-1.49215	-1.49215	-1.49215	
-1.39215	-1.39215	-1.39215	-1.39215	-1.39215	-1.39215	-1.39215	-1.39215	-1.39215	-1.39215	-1.39215	-1.39215	-1.39215	-1.39215	-1.39215	-1.39215	-1.39215	-1.39215	-1.39215	-1.39215	-1.39215	-1.39215	-1.39215	-1.39215	
-1.29215	-1.29215	-1.29215	-1.29215	-1.29215	-1.29215	-1.29215	-1.29215	-1.29215	-1.29215	-1.29215	-1.29215	-1.29215	-1.29215	-1.29215	-1.29215	-1.29215	-1.29215	-1.29215	-1.29215	-1.29215	-1.29215	-1.29215	-1.29215	
-1.19215	-1.19215	-1.19215	-1.19215	-1.19215	-1.19215	-1.19215	-1.19215	-1.19215	-1.19215	-1.19215	-1.19215	-1.19215	-1.19215	-1.19215	-1.19215	-1.19215	-1.19215	-1.19215	-1.19215	-1.19215	-1.19215	-1.19215	-1.19215	
-1.09215	-1.09215	-1.09215	-1.09215	-1.09215	-1.09215	-1.09215	-1.09215	-1.09215	-1.09215	-1.09215	-1.09215	-1.09215	-1.09215	-1.09215	-1.09215	-1.09215	-1.09215	-1.09215	-1.09215	-1.09215	-1.09215	-1.09215	-1.09215	
-0.99215	-0.99215	-0.99215	-0.99215	-0.99215	-0.99215	-0.99215	-0.99215	-0.99215	-0.99215	-0.99215	-0.99215	-0.99215	-0.99215	-0.99215	-0.99215	-0.99215	-0.99215	-0.99215	-0.99215	-0.99215	-0.99215	-0.99215	-0.99215	
-0.89215	-0.89215	-0.89215	-0.89215	-0.89215	-0.89215	-0.89215	-0.89215	-0.89215	-0.89215	-0.89215	-0.89215	-0.89215	-0.89215	-0.89215	-0.89215	-0.89215	-0.89215	-0.89215	-0.89215	-0.89215	-0.89215	-0.89215	-0.89215	
-0.79215	-0.79215	-0.79215	-0.79215	-0.79215	-0.79215	-0.79215	-0.79215	-0.79215	-0.79215	-0.79215	-0.79215	-0.79215	-0.79215	-0.79215	-0.79215	-0.79215	-0.79215	-0.79215	-0.79215	-0.79215	-0.79215	-0.79215	-0.79215	
-0.69215	-0.69215	-0.69215	-0.69215	-0.69215	-0.69215	-0.69215	-0.69215	-0.69215	-0.69215	-0.69215	-0.69215	-0.69215	-0.69215	-0.69215	-0.69215	-0.69215	-0.69215	-0.69215	-0.69215	-0.69215	-0.69215	-0.69215	-0.69215	
-0.59215	-0.59215	-0.59215	-0.59215	-0.59215	-0.59215	-0.59215	-0.59215	-0.59215	-0.59215	-0.59215	-0.59215	-0.59215	-0.59215	-0.59215	-0.59215	-0.59215	-0.59215	-0.59215	-0.59215	-0.59215	-0.59215	-0.59215	-0.59215	
-0.49215	-0.49215	-0.49215	-0.49215	-0.49215	-0.49215	-0.49215	-0.49215	-0.49215	-0.49215	-0.49215	-0.49215	-0.49215	-0.49215	-0.49215	-0.49215	-0.49215	-0.49215	-0.49215	-0.49215	-0.49215	-0.49215	-0.49215	-0.49215	
-0.39215	-0.39215	-0.39215	-0.39215	-0.39215	-0.39215	-0.39215	-0.39215	-0.39215	-0.39215	-0.39215	-0.39215	-0.39215	-0.39215	-0.39215	-0.39215	-0.39215	-0.39215	-0.39215	-0.39215	-0.39215	-0.39215	-0.39215	-0.39215	
-0.29215	-0.29215	-0.29215	-0.29215	-0.29215	-0.29215	-0.29215	-0.29215	-0.29215	-0.29215	-0.29215	-0.29215	-0.29215	-0.29215	-0.29215	-0.29215	-0.29215	-0.29215	-0.29215	-0.29215	-0.29215	-0.29215	-0.29215	-0.29215	
-0.19215	-0.19215	-0.19215	-0.19215	-0.19215	-0.19215	-0.19215	-0.19215	-0.19215	-0.19215	-0.19215	-0.19215	-0.19215	-0.19215	-0.19215	-0.19215	-0.19215	-0.19215	-0.19215	-0.19215	-0.19215	-0.19215	-0.19215	-0.19215	
-0.09215	-0.09215	-0.09215	-0.09215	-0.09215	-0.09215	-0.09215	-0.09215	-0.09215	-0.09215	-0.09215	-0.09215	-0.09215	-0.09215	-0.09215	-0.09215	-0.09215	-0.09215	-0.09215	-0.09215	-0.09215	-0.09215	-0.09215	-0.09215	
0.00785	0.00785	0.00785	0.00785	0.00785	0.00785	0.00785	0.00785	0.00785	0.00785	0.00785	0.00785	0.00785	0.00785	0.00785	0.00785	0.00785	0.00785	0.00785	0.00785	0.00785	0.00785	0.00785	0.00785	
0.10785	0.10785	0.10785	0.10785	0.10785	0.10785	0.10785	0.10785	0.10785	0.10785	0.10785	0.10785	0.10785	0.10785	0.10785	0.10785	0.10785	0.10785	0.10785	0.10785	0.10785	0.10785	0.10785	0.10785	
0.20785	0.20785	0.20785	0.20785	0.20785	0.20785	0.20785	0.20785	0.20785	0.20785	0.20785	0.20785	0.20785	0.20785	0.20785	0.20785	0.20785	0.20785	0.20785	0.20785	0.20785	0.20785	0.20785	0.20785	
0.30785	0.30785	0.30785	0.30785	0.30785	0.30785	0.30785	0.30785	0.30785	0.30785	0.30785	0.30785	0.30785	0.30785	0.30785	0.30785	0.30785	0.30785	0.30785	0.30785	0.30785	0.30785	0.30785	0.30785	
0.40785	0.40785	0.40785	0.40785	0.40785	0.40785	0.40785	0.40785	0.40785	0.40785	0.40785	0.40785	0.40785	0.40785	0.40785	0.40785	0.40785	0.40785	0.40785	0.40785	0.40785	0.40785	0.40785	0.40785	
0.50785	0.50785	0.50785	0.50785	0.50785	0.50785	0.50785	0.50785	0.50785	0.50785	0.50785	0.50785	0.50785	0.50785	0.50785	0.50785	0.50785	0.50785	0.50785	0.50785	0.50785	0.50785	0.50785	0.50785	
-0.99476	-0.99476	-0.99476	-0.99476	-0.99476	-0.99476	-0.99476	-0.99476	-0.99476	-0.99476	-0.99476	-0.99476	-0.99476	-0.99476	-0.99476	-0.99476	-0.99476	-0.99476	-0.99476	-0.99476	-0.99476	-0.99476	-0.99476	-0.99476	
-0.89476	-0.89476	-0.89476	-0.89476	-0.89476	-0.89476	-0.89476	-0.89476	-0.89476	-0.89476	-0.89476	-0.89476	-0.89476	-0.89476	-0.89476	-0.89476	-0.89476	-0.89476	-0.89476	-0.89476	-0.89476	-0.89476	-0.89476	-0.89476	
-0.79476	-0.79476	-0.79476	-0.79476	-0.79476	-0.79476	-0.79476	-0.79476	-0.79476	-0.79476	-0.79476	-0.79476	-0.79476	-0.79476	-0.79476	-0.79476	-0.79476	-0.79476	-0.79476	-0.79476	-0.79476	-0.79476	-0.79476	-0.79476	
-0.69476	-0.69476	-0.69476	-0.69476	-0.69476	-0.69476	-0.69476	-0.69476	-0.69476	-0.69476	-0.69476	-0.69476	-0.69476	-0.69476	-0.69476	-0.69476	-0.69476	-0.69476	-0.69476	-0.69476	-0.69476	-0.69476	-0.69476	-0.69476	
-0.59476	-0.59476	-0.59476	-0.59476	-0.59476	-0.59476	-0.59476	-0.59476	-0.59476	-0.59476	-0.59476	-0.59476	-0.59476	-0.59476	-0.59476	-0.59476	-0.59476	-0.59476	-0.59476	-0.59476	-0.59476	-0.59476	-0.59476	-0.59476	
-0.49476	-0.49476	-0.49476	-0.49476	-0.49476	-0.49476	-0.49476	-0.49476	-0.49476	-0.49476	-0.49476	-0.49476	-0.49476	-0.49476	-0.49476	-0.49476	-0.49476	-0.49476	-0.49476	-0.49476	-0.49476	-0.49476	-0.49476	-0.49476	
-0.39476	-0.39476	-0.39476	-0.39476	-0.39476	-0.39476	-0.39476	-0.39476	-0.39476	-0.39476	-0.39476	-0.39476	-0.39476	-0.39476	-0.39476	-0.39476	-0.39476	-0.39476	-0.39476	-0.39476	-0.39476	-0.39476	-0.39476	-0.39476	
-0.29476	-0.29476	-0.29476	-0.29476	-0.29476	-0.29476	-0.29476	-0.29476	-0.29476	-0.29476	-0.29476	-0.29476	-0.29476	-0.29476	-0.29476	-0.29476	-0.29476	-0.29476	-0.29476	-0.29476	-0.29476	-0.29476	-0.29476	-0.29476	
-0.19476	-0.19476	-0.19476	-0.19476	-0.19476	-0.19476	-0.19476	-0.19476	-0.19476	-0.19476	-0.19476	-0.19476	-0.19476	-0.19476	-0.19476	-0.19476	-0.19476	-0.19476	-0.19476	-0.19476	-0.19476	-0.19476	-0.19476	-0.19476	
-0.09476	-0.09476	-0.09476	-0.09476	-0.09476	-0.09476	-0.09476	-0.09476	-0.09476	-0.09476	-0.09476	-0.09476	-0.09476	-0.09476	-0.09476	-0.09476	-0.09476	-0.09476	-0.09476	-0.09476	-0.09476	-0.09476	-0.09476	-0.09476	
0.00524	0.00524	0.00524	0.00524	0.00524	0.00524	0.00524	0.00524	0.00524	0.00524	0.00524	0.00524	0.00524	0.00524	0.00524	0.00524	0.00524	0.00524	0.00524	0.00524	0.00524	0.00524	0.00524	0.00524	
0.10524	0.10524	0.10524	0.10524	0.10524	0.10524	0.10524	0.10524	0.10524	0.10524	0.10524	0.10524	0.10524	0.10524	0.10524	0.10524	0.10524	0.10524	0.10524	0.10524	0.10524	0.10524	0.10524	0.10524	
0.20524	0.20524	0.20524	0.20524	0.20524	0.20524	0.20524	0.20524	0.20524	0.20524	0.20524	0.20524	0.20524	0.20524	0.20524	0.20524	0.20524	0.20524	0.20524	0.20524	0.20524	0.20524	0.20524	0.20524	
0.30524	0.30524	0.30524	0.30524	0.30524	0.30524	0.30524	0.30524	0.30524	0.30524	0.30524	0.30524	0.30524	0.30524	0.30524	0.30524	0.30524	0.30524	0.30524	0.30524	0.30524	0.30524	0.30524	0.30524	
0.40524	0.40524	0.40524	0.40524	0.40524	0.40524	0.40524	0.40524	0.40524	0.40524	0.40524	0.40524	0.40524	0.40524	0.40524	0.40524	0.40524	0.40524	0.40524	0.40524	0.40524	0.40524	0.40524	0.40524	
0.50524	0.50524	0.50524	0.50524	0.50524	0.50524	0.50524	0.50524	0.50524	0.50524	0.50524	0.50524	0.50524	0.50524	0.50524	0.50524	0.50524	0.50524	0.50524	0.50524	0.50524	0.50524	0.50524	0.50524	
0.60524	0.60524	0.60524	0.60524	0.60524	0.60524	0.60524	0.60524	0.60524	0.60524	0.60524	0.60524	0.60524	0.60524	0.60524	0.60524	0.60524	0.60524	0.60524	0.60524	0.60524	0.60524	0.60524	0.60524	
0.70524	0.70524	0.70524	0.70524	0.70524	0.70524	0.70524	0.70524	0.70524	0.70524	0.70524	0.70524	0.70524	0.70524	0.70524	0.70524	0.70524	0.70524	0.70524	0.70524	0.70524	0.70524	0.70524	0.70524	
0.80524	0.80524	0.80524	0.80524	0.80524	0.80524	0.80524	0.80524	0.80524	0.80524	0.80524	0.80524	0.80524	0.80524	0.80524	0.80524	0.80524	0.80524	0.80524	0.80524	0.80524	0.80524	0.80524	0.80524	
0.90524	0.90524	0.90524	0.90524	0.90524	0.90524	0.90524	0.90524	0.90524	0.90524	0.90524	0.90524	0.90524	0.90524	0.90524	0.90524	0.90524	0.90524	0.90524	0.90524	0.90524	0.90524	0.90524	0.90524	
1.00524	1.00524	1.00524	1.00524	1.00524	1.00524	1.00524	1.00524	1.00524	1.00524	1.00524	1.00524	1.00524	1.00524	1.00524	1.00524	1.00524	1.00524	1.00524	1.00524	1.00524	1.00524	1.00524	1.00524	
-0.49738	-0.49738	-0.49738	-0.49738	-0.49738	-0.49738	-0.49738	-0.49738	-0.49738	-0.49738	-0.49738	-0.49738	-0.49738	-0.49738	-0.49738	-0.49738	-0.49738	-0.49738	-0.49738	-0.49738	-0.49738	-0.49738	-0.49738	-0.49738	
-0.39738	-0.39738	-0.39738	-0.39738	-0.39738	-0.39738	-0.39738	-0.39738	-0.39738	-0.39738	-0.39738	-0.39738	-0.39738	-0.39738	-0.39738	-0.39738	-0.39738	-0.39738	-0.39738	-0.39738	-0.39738	-0.39738	-0.39738	-0.39738	
-0.29738	-0.29738	-0.29738	-0.29738	-0.29738	-0.29738	-0.29738	-0.29738	-0.29738	-0.29738	-0.29738	-0.29738	-0.29738	-0.29738	-0.29738	-0.29738	-0.29738	-0.29738	-0.29738	-0.29738	-0.29738	-0.29738	-0.29738	-0.29738	
-0.19738	-0.19738	-0.19738	-0.19738	-0.19738	-0.19738	-0.19738	-0.19738	-0.19738	-0.19738	-0.19738	-0.19738	-0.19738	-0.19738	-0.19738	-0.19738	-0.19738	-0.19738	-0.19738	-0.19738	-0.19738	-0.19738	-0.19738	-0.19738	
-0.09738	-0.09738	-0.09738	-0.09738	-0.09738	-0.09738	-0.09738	-0.09738	-0.09738	-0.09738	-0.09738	-0.09738	-0.09738	-0.09738	-0.09738	-0.09738	-0.09738	-0.09738	-0.09738	-0.09738	-0.09738	-0.09738	-0.09738	-0.09738	
0.00262	0.00262	0.00262	0.00262	0.00262	0.00262	0.00262	0.00262	0.00262	0.00262	0.00262	0.00262	0.00262	0.00262	0.00262	0.00262	0.00262	0.00262	0.00262	0.00262	0.00262	0.00262	0.00262	0.00262	
0.10262	0.10262	0.10262	0.10262	0.10262	0.10262	0.10262	0.10262	0.10262	0.10262	0.10262	0.10262	0.10262	0.10262	0.10262	0.10262	0.10262	0.10262	0.10262	0.10262	0.10262	0.10262	0.10262	0.10262	
0.20262	0.20262	0.20262	0.20262	0.20262	0.20262	0.20262	0.20262	0.20262	0.20262	0.20262	0.20262	0.20262	0.20262	0.20262	0.20262	0.20262	0.20262	0.20262	0.20262	0.20262	0.20262	0.20262	0.20262	
0.30262	0.30262	0.30262	0.30262	0.30262	0.30262	0.30262	0.30262	0.30262	0.30262	0.30262	0.30262	0.30262	0.30262	0.30262	0.30262	0.30262	0.30262	0.30262	0.30262	0.30262	0.30262	0.30262	0.30262	
0.40262	0.40262	0.40262	0.40262	0.40262	0.40262	0.40262	0.40262	0.40262	0.40262	0.40262	0.40262	0.40262	0.40262	0.40262	0.40262	0.40262	0.40262	0.40262	0.40262	0.40262	0.40262	0.40262	0.40262	
0.50262	0.50262	0.50262	0.50262	0.50262	0.50262	0.50262	0.50262	0.50262	0.50262	0.50262	0.50262	0.50262	0.50262	0.50262	0.50262	0.50262	0.50262	0.50262	0.50262	0.50262	0.50262	0.50262	0.50262	
0.60262	0.60262	0.60262	0.60262	0.60262	0.60262	0.60262	0.60262	0.60262	0.60262	0.60262	0.60262	0.60262	0.60262	0.60262	0.60262	0.60262	0.60262	0.60262	0.60262	0.60262	0.60262	0.60262	0.60262	
0.70262	0.70262	0.70262	0.70262	0.70262	0.70262	0.70262	0.70262	0.70262	0.70262	0.70262	0.70262	0.70262	0.70262	0.70262	0.70262	0.70262	0.70262	0.70262	0.70262	0.70262	0.70262	0.70262	0.70262	
0.80262	0.80262	0.80262	0.80262	0.80262	0.80262	0.80262	0.80262	0.80262	0.80262	0.80262	0.80262	0.80262	0.80262	0.80262	0.80262	0.80262	0.80262	0.80262	0.80262	0.80262	0.80262	0.80262	0.80262	
0.90262	0.90262	0.90262	0.90262	0.90262	0.90262	0.90262	0.90262	0.90262	0.90262	0.90262	0.90262	0.90262	0.90262	0.90262	0.90262	0.90262	0.90262	0.90262	0.90262	0.90262	0.90262	0.90262	0.90262	
1.00262	1.00262	1.00262	1.00262	1.00262	1.00262	1.00262	1.00262	1.00262	1.00262	1.00262	1.00262	1.00262	1.00262	1.00262	1.00262	1.00262	1.00262	1.00262	1.00262	1.00262	1.00262	1.00262	1.00262	
1.10262	1.10262	1.10262	1.10262	1.10262	1.10262	1.10262	1.10262	1.10262	1.10262	1.10262	1.10262	1.10262	1.10262	1.10262	1.10262	1.10262	1.10262	1.10262	1.10262	1.10262	1.10262	1.10262	1.10262	
1.20262	1.20262	1.20262	1.20262	1.20262	1.20262	1.20262	1.20262	1.20262	1.20262	1.20262	1.20262	1.20262	1.20262	1.20262	1.20262	1.20262	1.20262	1.20262	1.20262	1.20262	1.20262	1.20262	1.20262	
1.30262	1.30262	1.30262	1.30262	1.30262	1.30262	1.30262	1.30262	1.30262	1.30262	1.30262	1.30262	1.30262	1.30262	1.30262	1.30262	1.30262	1.30262	1.30262	1.30262	1.30262	1.30262	1.30262	1.30262	
1.40262	1.40262	1.40262	1.40262	1.40262	1.40262	1.40262	1.40262	1.40262	1.40262	1.40262	1.40262	1.40262	1.40262	1.40262	1.40262	1.40262	1.40262	1.40262	1.40262	1.40262	1.40262	1.40262	1.40262	
1.50262	1.50262	1.50262	1.50262	1.50262	1.50262	1.50262	1.50262	1.50262	1.50262	1.50262	1.50262	1.50262	1.50262	1.50262	1.50262	1.50262	1.50262	1.50262	1.50262	1.50262	1.50262	1.50262	1.50262	
0.00000	0.00000	0.00000	0.00000	0.00000	0.00000	0.00000	0.00000	0.00000	0.00000	0.00000	0.00000	0.00000	0.00000	0.00000	0.00000	0.00000	0.00000	0.00000	0.00000	0.00000	0.00000	0.00000	0.00000	
0.10000	0.10000	0.10000	0.10000	0.10000	0.10000	0.10000	0.10000	0.10000	0.10000	0.10000	0.10000	0.10000	0.10000	0.10000	0.10000	0.10000	0.10000	0.10000	0.10000	0.10000	0.10000	0.10000	0.10000	
0.20000	0.20000	0.20000	0.20000	0.20000	0.20000	0.20000	0.20000	0.20000	0.20000	0.20000	0.20000	0.20000	0.20000	0.20000	0.20000	0.20000	0.20000	0.20000	0.20000	0.20000	0.20000	0.20000	0.20000	
0.30000	0.30000	0.30000	0.30000	0.30000	0.30000	0.30000	0.30000	0.30000	0.30000	0.30000	0.30000	0.30000	0.30000	0.30000	0.30000	0.30000	0.30000	0.30000	0.30000	0.30000	0.30000	0.30000	0.30000	
0.40000	0.40000	0.40000	0.40000	0.40000	0.40000	0.40000	0.40000	0.40000	0.40000	0.40000	0.40000	0.40000	0.40000	0.40000	0.40000	0.40000	0.40000	0.40000	0.40000	0.40000	0.40000	0.40000	0.40000	
0.50000	0.50000	0.50000	0.50000	0.50000	0.50000	0.50000	0.50000	0.50000	0.50000	0.50000	0.50000	0.50000	0.50000	0.50000	0.50000	0.50000	0.50000	0.50000	0.50000	0.50000	0.50000	0.50000	0.50000	
0.60000	0.60000	0.60000	0.60000	0.60000	0.60000	0.60000	0.60000	0.60000	0.60000	0.60000	0.60000	0.60000	0.60000	0.60000	0.60000	0.60000	0.60000	0.60000	0.60000	0.60000	0.60000	0.60000	0.60000	
0.70000	0.70000	0.70000	0.70000	0.70000	0.70000	0.70000	0.70000	0.70000	0.70000	0.70000	0.70000	0.70000	0.70000	0.70000	0.70000	0.70000	0.70000	0.70000	0.70000	0.70000	0.70000	0.70000	0.70000	
0.80000	0.80000	0.80000	0.80000	0.80000	0.80000	0.80000	0.80000	0.80000	0.80000	0.80000	0.80000	0.80000	0.80000	0.80000	0.80000	0.80000	0.80000	0.80000	0.80000	0.80000	0.80000	0.80000	0.80000	
0.90000	0.90000	0.90000	0.90000	0.90000	0.90000	0.90000	0.90000	0.90000	0.90000	0.90000	0.90000	0.90000	0.90000	0.90000	0.90000	0.90000	0.90000	0.90000	0.90000	0.90000	0.90000	0.90000	0.90000	
1.00000	1.00000	1.00000	1.00000	1.00000	1.00000	1.00000	1.00000	1.00000	1.00000	1.00000	1.00000	1.00000	1.00000	1.00000	1.00000	1.00000	1.00000	1.00000	1.00000	1.00000	1.00000	1.00000	1.00000	
1.10000	1.10000	1.10000	1.10000	1.10000	1.10000	1.10000	1.10000	1.10000	1.10000	1.10000	1.10000	1.10000	1.10000	1.10000	1.10000	1.10000	1.10000	1.10000	1.10000	1.10000	1.10000	1.10000	1.10000	
1.20000	1.20000	1.20000	1.20000	1.20000	1.20000	1.20000	1.20000	1.20000	1.20000	1.20000	1.20000	1.20000	1.20000	1.20000	1.20000	1.20000	1.20000	1.20000	1.20000	1.20000	1.20000	1.20000	1.20000	
1.30000	1.30000	1.30000	1.30000	1.30000	1.30000	1.30000	1.30000	1.30000	1.30000	1.30000	1.30000	1.30000	1.30000	1.30000	1.30000	1.30000	1.30000	1.30000	1.30000	1.30000	1.30000	1.30000	1.30000	
1.40000	1.40000	1.40000	1.40000	1.40000	1.40000	1.40000	1.40000	1.40000	1.40000	1.40000	1.40000	1.40000	1.40000	1.40000	1.40000	1.40000	1.40000	1.40000	1.40000	1.40000	1.40000	1.40000	1.40000	
1.50000	1.50000	1.50000	1.50000	1.50000	1.50000	1.50000	1.50000	1.50000	1.50000	1.50000	1.50000	1.50000	1.50000	1.50000	1.50000	1.50000	1.50000	1.50000	1.50000	1.50000	1.50000	1.50000	1.50000	
1.60000	1.60000	1.60000	1.60000	1.60000	1.60000	1.60000	1.60000	1.60000	1.60000	1.60000	1.60000	1.60000	1.60000	1.60000	1.60000	1.60000	1.60000	1.60000	1.60000	1.60000	1.60000	1.60000	1.60000	
1.70000	1.70000	1.70000	1.70000	1.70000	1.70000	1.70000	1.70000	1.70000	1.70000	1.70000	1.70000	1.70000	1.70000	1.70000	1.70000	1.70000	1.70000	1.70000	1.70000	1.70000	1.70000	1.70000	1.70000	
1.80000	1.80000	1.80000	1.80000	1.80000	1.80000	1.80000	1.80000	1.80000	1.80000	1.80000	1.80000	1.80000	1.80000	1.80000	1.80000	1.80000	1.80000	1.80000	1.80000	1.80000	1.80000	1.80000	1.80000	
1.90000	1.90000	1.90000	1.90000	1.90000	1.90000	1.90000	1.90000	1.90000	1.90000	1.90000	1.90000	1.90000	1.90000	1.90000	1.90000	1.90000	1.90000	1.90000	1.90000	1.90000	1.90000	1.90000	1.90000	
2.00000	2.00000	2.00000	2.00000	2.00000	2.00000	2.00000	2.00000	2.00000	2.00000	2.00000	2.00000	2.00000	2.00000	2.00000	2.00000	2.00000	2.00000	2.00000	2.00000	2.00000	2.00000	2.00000	2.00000	
0.49738	0.49738	0.49738	0.49738	0.49738	0.49738	0.49738	0.49738	0.49738	0.49738	0.49738	0.49738	0.49738	0.49738	0.49738	0.49738	0.49738	0.49738	0.49738	0.49738	0.49738	0.49738	0.49738	0.49738	
0.59738	0.59738	0.59738	0.59738	0.59738	0.59738	0.59738	0.59738	0.59738	0.59738	0.59738	0.59738	0.59738	0.59738	0.59738	0.59738	0.59738	0.59738	0.59738	0.59738	0.59738	0.59738	0.59738	0.59738	
0.69738	0.69738	0.69738	0.69738	0.69738	0.69738	0.69738	0.69738	0.69738	0.69738	0.69738	0.69738	0.69738	0.69738	0.69738	0.69738	0.69738	0.69738	0.69738	0.69738	0.69738	0.69738	0.69738	0.69738	
0.79738	0.79738	0.79738	0.79738	0.79738	0.79738	0.79738	0.79738	0.79738	0.79738	0.79738	0.79738	0.79738	0.79738	0.79738	0.79738	0.79738	0.79738	0.79738	0.79738	0.79738	0.79738	0.79738	0.79738	
0.89738	0.89738	0.89738	0.89738	0.89738	0.89738	0.89738	0.89738	0.89738	0.89738	0.89738	0.89738	0.89738	0.89738	0.89738	0.89738	0.89738	0.89738	0.89738	0.89738	0.89738	0.89738	0.89738	0.89738	
0.99738	0.99738	0.99738	0.99738	0.99738	0.99738	0.99738	0.99738	0.99738	0.99738	0.99738	0.99738	0.99738	0.99738	0.99738	0.99738	0.99738	0.99738	0.99738	0.99738	0.99738	0.99738	0.99738	0.99738	
1.09738	1.09738	1.09738	1.09738	1.09738	1.09738	1.09738	1.09738	1.09738	1.09738	1.09738	1.09738	1.09738	1.09738	1.09738	1.09738	1.09738	1.09738	1.09738	1.09738	1.09738	1.09738	1.09738	1.09738	
1.19738	1.19738	1.19738	1.19738	1.19738	1.19738	1.19738	1.19738	1.19738	1.19738	1.19738	1.19738	1.19738	1.19738	1.19738	1.19738	1.19738	1.19738	1.19738	1.19738	1.19738	1.19738	1.19738	1.19738	
1.29738	1.29738	1.29738	1.29738	1.29738	1.29738	1.29738	1.29738	1.29738	1.29738	1.29738	1.29738	1.29738	1.29738	1.29738	1.29738	1.29738	1.29738	1.29738	1.29738	1.29738	1.29738	1.29738	1.29738	
1.39738	1.39738	1.39738	1.39738	1.39738	1.39738	1.39738	1.39738	1.39738	1.39738	1.39738	1.39738	1.39738	1.39738	1.39738	1.39738	1.39738	1.39738	1.39738	1.39738	1.39738	1.39738	1.39738	1.39738	
1.49738	1.49738	1.49738	1.49738	1.49738	1.49738	1.49738	1.49738	1.49738	1.49738	1.49738	1.49738	1.49738	1.49738	1.49738	1.49738	1.49738	1.49738	1.49738	1.49738	1.49738	1.49738	1.49738	1.49738	
1.59738	1.59738	1.59738	1.59738	1.59738	1.59738	1.59738	1.59738	1.59738	1.59738	1.59738	1.59738	1.59738	1.59738	1.59738	1.59738	1.59738	1.59738	1.59738	1.59738	1.59738	1.59738	1.59738	1.59738	
1.69738	1.69738	1.69738	1.69738	1.69738	1.69738	1.69738	1.69738	1.69738	1.69738	1.69738	1.69738	1.69738	1.69738	1.69738	1.69738	1.69738	1.69738	1.69738	1.69738	1.69738	1.69738	1.69738	1.69738	
1.79738	1.79738	1.79738	1.79738	1.79738	1.79738	1.79738	1.79738	1.79738	1.79738	1.79738	1.79738	1.79738	1.79738	1.79738	1.79738	1.79738	1.79738	1.79738	1.79738	1.79738	1.79738	1.79738	1.79738	
1.89738	1.89738	1.89738	1.89738	1.89738	1.89738	1.89738	1.89738	1.89738	1.89738	1.89738	1.89738	1.89738	1.89738	1.89738	1.89738	1.89738	1.89738	1.89738	1.89738	1.89738	1.89738	1.89738	1.89738	
1.99738	1.99738	1.99738	1.99738	1.99738	1.99738	1.99738	1.99738	1.99738	1.99738	1.99738	1.99738	1.99738	1.99738	1.99738	1.99738	1.99738	1.99738	1.99738	1.99738	1.99738	1.99738	1.99738	1.99738	
2.09738	2.09738	2.09738	2.09738	2.09738	2.09738	2.09738	2.09738	2.09738	2.09738	2.09738	2.09738	2.09738	2.09738	2.09738	2.09738	2.09738	2.09738	2.09738	2.09738	2.09738	2.09738	2.09738	2.09738	
2.19738	2.19738	2.19738	2.19738	2.19738	2.19738	2.19738	2.19738	2.19738	2.19738	2.19738	2.19738	2.19738	2.19738	2.19738	2.19738	2.19738	2.19738	2.19738	2.19738	2.19738	2.19738	2.19738	2.19738	
2.29738	2.29738	2.29738	2.29738	2.29738	2.29738	2.29738	2.29738	2.29738	2.29738	2.29738	2.29738	2.29738	2.29738	2.29738	2.29738	2.29738	2.29738	2.29738	2.29738	2.29738	2.29738	2.29738	2.29738	
2.39738	2.39738	2.39738	2.39738	2.39738	2.39738	2.39738	2.39738	2.39738	2.39738	2.39738	2.39738	2.39738	2.39738	2.39738	2.39738	2.39738	2.39738	2.39738	2.39738	2.39738	2.39738	2.39738	2.39738	
2.49738	2.49738	2.49738	2.49738	2.49738	2.49738	2.49738	2.49738	2.49738	2.49738	2.49738	2.49738	2.49738	2.49738	2.49738	2.49738	2.49738	2.49738	2.49738	2.49738	2.49738	2.49738	2.49738	2.49738	
0.99476	0.99476	0.99476	0.99476	0.99476	0.99476	0.99476	0.99476	0.99476	0.99476	0.99476	0.99476	0.99476	0.99476	0.99476	0.99476	0.99476	0.99476	0.99476	0.99476	0.99476	0.99476	0.99476	0.99476	
1.09476	1.09476	1.09476	1.09476	1.09476	1.09476	1.09476	1.09476	1.09476	1.09476	1.09476	1.09476	1.09476	1.09476	1.09476	1.09476	1.09476	1.09476	1.09476	1.09476	1.09476	1.09476	1.09476	1.09476	
1.19476	1.19476	1.19476	1.19476	1.19476	1.19476	1.19476	1.19476	1.19476	1.19476	1.19476	1.19476	1.19476	1.19476	1.19476	1.19476	1.19476	1.19476	1.19476	1.19476	1.19476	1.19476	1.19476	1.19476	
1.29476	1.29476	1.29476	1.29476	1.29476	1.29476	1.29476	1.29476	1.29476	1.29476	1.29476	1.29476	1.29476	1.29476	1.29476	1.29476	1.29476	1.29476	1.29476	1.29476	1.29476	1.29476	1.29476	1.29476	
1.39476	1.39476	1.39476	1.39476	1.39476	1.39476	1.39476	1.39476	1.39476	1.39476	1.39476	1.39476	1.39476	1.39476	1.39476	1.39476	1.39476	1.39476	1.39476	1.39476	1.39476	1.39476	1.39476	1.39476	
1.49476	1.49476	1.49476	1.49476	1.49476	1.49476	1.49476	1.49476	1.49476	1.49476	1.49476	1.49476	1.49476	1.49476	1.49476	1.49476	1.49476	1.49476	1.49476	1.49476	1.49476	1.49476	1.49476	1.49476	
1.59476	1.59476	1.59476	1.59476	1.59476	1.59476	1.59476	1.59476	1.59476	1.59476	1.59476	1.59476	1.59476	1.59476	1.59476	1.59476	1.59476	1.59476	1.59476	1.59476	1.59476	1.59476	1.59476	1.59476	
1.69476	1.69476	1.69476	1.69476	1.69476	1.69476	1.69476	1.69476	1.69476	1.69476	1.69476	1.69476	1.69476	1.69476	1.69476	1.69476	1.69476	1.69476	1.69476	1.69476	1.69476	1.69476	1.69476	1.69476	
1.79476	1.79476	1.79476	1.79476	1.79476	1.79476	1.79476	1.79476	1.79476	1.79476	1.79476	1.79476	1.79476	1.79476	1.79476	1.79476	1.79476	1.79476	1.79476	1.79476	1.79476	1.79476	1.79476	1.79476	
1.89476	1.89476	1.89476	1.89476	1.89476	1.89476	1.89476	1.89476	1.89476	1.89476	1.89476	1.89476	1.89476	1.89476	1.89476	1.89476	1.89476	1.89476	1.89476	1.89476	1.89476	1.89476	1.89476	1.89476	
1.99476	1.99476	1.99476	1.99476	1.99476	1.99476	1.99476	1.99476	1.99476	1.99476	1.99476	1.99476	1.99476	1.99476	1.99476	1.99476	1.99476	1.99476	1.99476	1.99476	1.99476	1.99476	1.99476	1.99476	
2.09476	2.09476	2.09476	2.09476	2.09476	2.09476	2.09476	2.09476	2.09476	2.09476	2.09476	2.09476	2.09476	2.09476	2.09476	2.09476	2.09476	2.09476	2.09476	2.09476	2.09476	2.09476	2.09476	2.09476	
2.19476	2.19476	2.19476	2.19476	2.19476	2.19476	2.19476	2.19476	2.19476	2.19476	2.19476	2.19476	2.19476	2.19476	2.19476	2.19476	2.19476	2.19476	2.19476	2.19476	2.19476	2.19476	2.19476	2.19476	
2.29476	2.29476	2.29476	2.29476	2.29476	2.29476	2.29476	2.29476	2.29476	2.29476	2.29476	2.29476	2.29476	2.29476	2.29476	2.29476	2.29476	2.29476	2.29476	2.29476	2.29476	2.29476	2.29476	2.29476	
2.39476	2.39476	2.39476	2.39476	2.39476	2.39476	2.39476	2.39476	2.39476	2.39476	2.39476	2.39476	2.39476	2.39476	2.39476	2.39476	2.39476	2.39476	2.39476	2.39476	2.39476	2.39476	2.39476	2.39476	
2.49476	2.49476	2.49476	2.49476	2.49476	2.49476	2.49476	2.49476	2.49476	2.49476	2.49476	2.49476	2.49476	2.49476	2.49476	2.49476	2.49476	2.49476	2.49476	2.49476	2.49476	2.49476	2.49476	2.49476	
2.59476	2.59476	2.59476	2.59476	2.59476	2.59476	2.59476	2.59476	2.59476	2.59476	2.59476	2.59476	2.59476	2.59476	2.59476	2.59476	2.59476	2.59476	2.59476	2.59476	2.59476	2.59476	2.59476	2.59476	
2.69476	2.69476	2.69476	2.69476	2.69476	2.69476	2.69476	2.69476	2.69476	2.69476	2.69476	2.69476	2.69476	2.69476	2.69476	2.69476	2.69476	2.69476	2.69476	2.69476	2.69476	2.69476	2.69476	2.69476	
2.79476	2.79476	2.79476	2.79476	2.79476	2.79476	2.79476	2.79476	2.79476	2.79476	2.79476	2.79476	2.79476	2.79476	2.79476	2.79476	2.79476	2.79476	2.79476	2.79476	2.79476	2.79476	2.79476	2.79476	
2.89476	2.89476	2.89476	2.89476	2.89476	2.89476	2.89476	2.89476	2.89476	2.89476	2.89476	2.89476	2.89476	2.89476	2.89476	2.89476	2.89476	2.89476	2.89476	2.89476	2.89476	2.89476	2.89476	2.89476	
2.99476	2.99476	2.99476	2.99476	2.99476	2.99476	2.99476	2.99476	2.99476	2.99476	2.99476	2.99476	2.99476	2.99476	2.99476	2.99476	2.99476	2.99476	2.99476	2.99476	2.99476	2.99476	2.99476	2.99476	
1.49215	1.49215	1.49215	1.49215	1.49215	1.49215	1.49215	1.49215	1.49215	1.49215	1.49215	1.49215	1.49215	1.49215	1.49215	1.49215	1.49215	1.49215	1.49215	1.49215	1.49215	1.49215	1.49215	1.49215	
1.59215	1.59215	1.59215	1.59215	1.59215	1.59215	1.59215	1.59215	1.59215	1.59215	1.59215	1.59215	1.59215	1.59215	1.59215	1.59215	1.59215	1.59215	1.59215	1.59215	1.59215	1.59215	1.59215	1.59215	
1.69215	1.69215	1.69215	1.69215	1.69215	1.69215	1.69215	1.69215	1.69215	1.69215	1.69215	1.69215	1.69215	1.69215	1.69215	1.69215	1.69215	1.69215	1.69215	1.69215	1.69215	1.69215	1.69215	1.69215	
1.79215	1.79215	1.79215	1.79215	1.79215	1.79215	1.79215	1.79215	1.79215	1.79215	1.79215	1.79215	1.79215	1.79215	1.79215	1.79215	1.79215	1.79215	1.79215	1.79215	1.79215	1.79215	1.79215	1.79215	
1.89215	1.89215	1.89215	1.89215	1.89215	1.89215	1.89215	1.89215	1.89215	1.89215	1.89215	1.89215	1.89215	1.89215	1.89215	1.89215	1.89215	1.89215	1.89215	1.89215	1.89215	1.89215	1.89215	1.89215	
1.99215	1.99215	1.99215	1.99215	1.99215	1.99215	1.99215	1.99215	1.99215	1.99215	1.99215	1.99215	1.99215	1.99215	1.99215	1.99215	1.99215	1.99215	1.99215	1.99215	1.99215	1.99215	1.99215	1.99215	
2.09215	2.09215	2.09215	2.09215	2.09215	2.09215	2.09215	2.09215	2.09215	2.09215	2.09215	2.09215	2.09215	2.09215	2.09215	2.09215	2.09215	2.09215	2.09215	2.09215	2.09215	2.09215	2.09215	2.09215	
2.19215	2.19215	2.19215	2.19215	2.19215	2.19215	2.19215	2.19215	2.19215	2.19215	2.19215	2.19215	2.19215	2.19215	2.19215	2.19215	2.19215	2.19215	2.19215	2.19215	2.19215	2.19215	2.19215	2.19215	
2.29215	2.29215	2.29215	2.29215	2.29215	2.29215	2.29215	2.29215	2.29215	2.29215	2.29215	2.29215	2.29215	2.29215	2.29215	2.29215	2.29215	2.29215	2.29215	2.29215	2.29215	2.29215	2.29215	2.29215	
2.39215	2.39215	2.39215	2.39215	2.39215	2.39215	2.39215	2.39215	2.39215	2.39215	2.39215	2.39215	2.39215	2.39215	2.39215	2.39215	2.39215	2.39215	2.39215	2.39215	2.39215	2.39215	2.39215	2.39215	
2.49215	2.49215	2.49215	2.49215	2.49215	2.49215	2.49215	2.49215	2.49215	2.49215	2.49215	2.49215	2.49215	2.49215	2.49215	2.49215	2.49215	2.49215	2.49215	2.49215	2.49215	2.49215	2.49215	2.49215	
2.59215	2.59215	2.59215	2.59215	2.59215	2.59215	2.59215	2.59215	2.59215	2.59215	2.59215	2.59215	2.59215	2.59215	2.59215	2.59215	2.59215	2.59215	2.59215	2.59215	2.59215	2.59215	2.59215	2.59215	
2.69215	2.69215	2.69215	2.69215	2.69215	2.69215	2.69215	2.69215	2.69215	2.69215	2.69215	2.69215	2.69215	2.69215	2.69215	2.69215	2.69215	2.69215	2.69215	2.69215	2.69215	2.69215	2.69215	2.69215	
2.79215	2.79215	2.79215	2.79215	2.79215	2.79215	2.79215	2.79215	2.79215	2.79215	2.79215	2.79215	2.79215	2.79215	2.79215	2.79215	2.79215	2.79215	2.79215	2.79215	2.79215	2.79215	2.79215	2.79215	
2.89215	2.89215	2.89215	2.89215	2.89215	2.89215	2.89215	2.89215	2.89215	2.89215	2.89215	2.89215	2.89215	2.89215	2.89215	2.89215	2.89215	2.89215	2.89215	2.89215	2.89215	2.89215	2.89215	2.89215	
2.99215	2.99215	2.99215	2.99215	2.99215	2.99215	2.99215	2.99215	2.99215	2.99215	2.99215	2.99215	2.99215	2.99215	2.99215	2.99215	2.99215	2.99215	2.99215	2.99215	2.99215	2.99215	2.99215	2.99215	
3.09215	3.09215	3.09215	3.09215	3.09215	3.09215	3.09215	3.09215	3.09215	3.09215	3.09215	3.09215	3.09215	3.09215	3.09215	3.09215	3.09215	3.09215	3.09215	3.09215	3.09215	3.09215	3.09215	3.09215	
3.19215	3.19215	3.19215	3.19215	3.19215	3.19215	3.19215	3.19215	3.19215	3.19215	3.19215	3.19215	3.19215	3.19215	3.19215	3.19215	3.19215	3.19215	3.19215	3.19215	3.19215	3.19215	3.19215	3.19215	
3.29215	3.29215	3.29215	3.29215	3.29215	3.29215	3.29215	3.29215	3.29215	3.29215	3.29215	3.29215	3.29215	3.29215	3.29215	3.29215	3.29215	3.29215	3.29215	3.29215	3.29215	3.29215	3.29215	3.29215	
3.39215	3.39215	3.39215	3.39215	3.39215	3.39215	3.39215	3.39215	3.39215	3.39215	3.39215	3.39215	3.39215	3.39215	3.39215	3.39215	3.39215	3.39215	3.39215	3.39215	3.39215	3.39215	3.39215	3.39215	
3.49215	3.49215	3.49215	3.49215	3.49215	3.49215	3.49215	3.49215	3.49215	3.49215	3.49215	3.49215	3.49215	3.49215	3.49215	3.49215	3.49215	3.49215	3.49215	3.49215	3.49215	3.49215	3.49215	3.49215	
1.98953	1.98953	1.98953	1.98953	1.98953	1.98953	1.98953	1.98953	1.98953	1.98953	1.98953	1.98953	1.98953	1.98953	1.98953	1.98953	1.98953	1.98953	1.98953	1.98953	1.98953	1.98953	1.98953	1.98953	
2.08953	2.08953	2.08953	2.08953	2.08953	2.08953	2.08953	2.08953	2.08953	2.08953	2.08953	2.08953	2.08953	2.08953	2.08953	2.08953	2.08953	2.08953	2.08953	2.08953	2.08953	2.08953	2.08953	2.08953	
2.18953	2.18953	2.18953	2.18953	2.18953	2.18953	2.18953	2.18953	2.18953	2.18953	2.18953	2.18953	2.18953	2.18953	2.18953	2.18953	2.18953	2.18953	2.18953	2.18953	2.18953	2.18953	2.18953	2.18953	
2.28953	2.28953	2.28953	2.28953	2.28953	2.28953	2.28953	2.28953	2.28953	2.28953	2.28953	2.28953	2.28953	2.28953	2.28953	2.28953	2.28953	2.28953	2.28953	2.28953	2.28953	2.28953	2.28953	2.28953	
2.38953	2.38953	2.38953	2.38953	2.38953	2.38953	2.38953	2.38953	2.38953	2.38953	2.38953	2.38953	2.38953	2.38953	2.38953	2.38953	2.38953	2.38953	2.38953	2.38953	2.38953	2.38953	2.38953	2.38953	
2.48953	2.48953	2.48953	2.48953	2.48953	2.48953	2.48953	2.48953	2.48953	2.48953	2.48953	2.48953	2.48953	2.48953	2.48953	2.48953	2.48953	2.48953	2.48953	2.48953	2.48953	2.48953	2.48953	2.48953	
2.58953	2.58953	2.58953	2.58953	2.58953	2.58953	2.58953	2.58953	2.58953	2.58953	2.58953	2.58953	2.58953	2.58953	2.58953	2.58953	2.58953	2.58953	2.58953	2.58953	2.58953	2.58953	2.58953	2.58953	
2.68953	2.68953	2.68953	2.68953	2.68953	2.68953	2.68953	2.68953	2.68953	2.68953	2.68953	2.68953	2.68953	2.68953	2.68953	2.68953	2.68953	2.68953	2.68953	2.68953	2.68953	2.68953	2.68953	2.68953	
2.78953	2.78953	2.78953	2.78953	2.78953	2.78953	2.78953	2.78953	2.78953	2.78953	2.78953	2.78953	2.78953	2.78953	2.78953	2.78953	2.78953	2.78953	2.78953	2.78953	2.78953	2.78953	2.78953	2.78953	
2.88953	2.88953	2.88953	2.88953	2.88953	2.88953	2.88953	2.88953	2.88953	2.88953	2.88953	2.88953	2.88953	2.88953	2.88953	2.88953	2.88953	2.88953	2.88953	2.88953	2.88953	2.88953	2.88953	2.88953	
2.98953	2.98953	2.98953	2.98953	2.98953	2.98953	2.98953	2.98953	2.98953	2.98953	2.98953	2.98953	2.98953	2.98953	2.98953	2.98953	2.98953	2.98953	2.98953	2.98953	2.98953	2.98953	2.98953	2.98953	
3.08953	3.08953	3.08953	3.08953	3.08953	3.08953	3.08953	3.08953	3.08953	3.08953	3.08953	3.08953	3.08953	3.08953	3.08953	3.08953	3.08953	3.08953	3.08953	3.08953	3.08953	3.08953	3.08953	3.08953	
3.18953	3.18953	3.18953	3.18953	3.18953	3.18953	3.18953	3.18953	3.18953	3.18953	3.18953	3.18953	3.18953	3.18953	3.18953	3.18953	3.18953	3.18953	3.18953	3.18953	3.18953	3.18953	3.18953	3.18953	
3.28953	3.28953	3.28953	3.28953	3.28953	3.28953	3.28953	3.28953	3.28953	3.28953	3.28953	3.28953	3.28953	3.28953	3.28953	3.28953	3.28953	3.28953	3.28953	3.28953	3.28953	3.28953	3.28953	3.28953	
3.38953	3.38953	3.38953	3.38953	3.38953	3.38953	3.38953	3.38953	3.38953	3.38953	3.38953	3.38953	3.38953	3.38953	3.38953	3.38953	3.38953	3.38953	3.38953	3.38953	3.38953	3.38953	3.38953	3.38953	
3.48953	3.48953	3.48953	3.48953	3.48953	3.48953	3.48953	3.48953	3.48953	3.48953	3.48953	3.48953	3.48953	3.48953	3.48953	3.48953	3.48953	3.48953	3.48953	3.48953	3.48953	3.48953	3.48953	3.48953	
3.58953	3.58953	3.58953	3.58953	3.58953	3.58953	3.58953	3.58953	3.58953	3.58953	3.58953	3.58953	3.58953	3.58953	3.58953	3.58953	3.58953	3.58953	3.58953	3.58953	3.58953	3.58953	3.58953	3.58953	
3.68953	3.68953	3.68953	3.68953	3.68953	3.68953	3.68953	3.68953	3.68953	3.68953	3.68953	3.68953	3.68953	3.68953	3.68953	3.68953	3.68953	3.68953	3.68953	3.68953	3.68953	3.68953	3.68953	3.68953	
3.78953	3.78953	3.78953	3.78953	3.78953	3.78953	3.78953	3.78953	3.78953	3.78953	3.78953	3.78953	3.78953	3.78953	3.78953	3.78953	3.78953	3.78953	3.78953	3.78953	3.78953	3.78953	3.78953	3.78953	
3.88953	3.88953	3.88953	3.88953	3.88953	3.88953	3.88953	3.88953	3.88953	3.88953	3.88953	3.88953	3.88953	3.88953	3.88953	3.88953	3.88953	3.88953	3.88953	3.88953	3.88953	3.88953	3.88953	3.88953	
3.98953	3.98953	3.98953	3.98953	3.98953	3.98953	3.98953	3.98953	3.98953	3.98953	3.98953	3.98953	3.98953	3.98953	3.98953	3.98953	3.98953	3.98953	3.98953	3.98953	3.98953	3.98953	3.98953	3.98953	
2.48691	2.48691	2.48691	2.48691	2.48691	2.48691	2.48691	2.48691	2.48691	2.48691	2.48691	2.48691	2.48691	2.48691	2.48691	2.48691	2.48691	2.48691	2.48691	2.48691	2.48691	2.48691	2.48691	2.48691	
2.58691	2.58691	2.58691	2.58691	2.58691	2.58691	2.58691	2.58691	2.58691	2.58691	2.58691	2.58691	2.58691	2.58691	2.58691	2.58691	2.58691	2.58691	2.58691	2.58691	2.58691	2.58691	2.58691	2.58691	
2.68691	2.68691	2.68691	2.68691	2.68691	2.68691	2.68691	2.68691	2.68691	2.68691	2.68691	2.68691	2.68691	2.68691	2.68691	2.68691	2.68691	2.68691	2.68691	2.68691	2.68691	2.68691	2.68691	2.68691	
2.78691	2.78691	2.78691	2.78691	2.78691	2.78691	2.78691	2.78691	2.78691	2.78691	2.78691	2.78691	2.78691	2.78691	2.78691	2.78691	2.78691	2.78691	2.78691	2.78691	2.78691	2.78691	2.78691	2.78691	
2.88691	2.88691	2.88691	2.88691	2.88691	2.88691	2.88691	2.88691	2.88691	2.88691	2.88691	2.88691	2.88691	2.88691	2.88691	2.88691	2.88691	2.88691	2.88691	2.88691	2.88691	2.88691	2.88691	2.88691	
2.98691	2.98691	2.98691	2.98691	2.98691	2.98691	2.98691	2.98691	2.98691	2.98691	2.98691	2.98691	2.98691	2.98691	2.98691	2.98691	2.98691	2.98691	2.98691	2.98691	2.98691	2.98691	2.98691	2.98691	
3.08691	3.08691	3.08691	3.08691	3.08691	3.08691	3.08691	3.08691	3.08691	3.08691	3.08691	3.08691	3.08691	3.08691	3.08691	3.08691	3.08691	3.08691	3.08691	3.08691	3.08691	3.08691	3.08691	3.08691	
3.18691	3.18691	3.18691	3.18691	3.18691	3.18691	3.18691	3.18691	3.18691	3.18691	3.18691	3.18691	3.18691	3.18691	3.18691	3.18691	3.18691	3.18691	3.18691	3.18691	3.18691	3.18691	3.18691	3.18691	
3.28691	3.28691	3.28691	3.28691	3.28691	3.28691	3.28691	3.28691	3.28691	3.28691	3.28691	3.28691	3.28691	3.28691	3.28691	3.28691	3.28691	3.28691	3.28691	3.28691	3.28691	3.28691	3.28691	3.28691	
3.38691	3.38691	3.38691	3.38691	3.38691	3.38691	3.38691	3.38691	3.38691	3.38691	3.38691	3.38691	3.38691	3.38691	3.38691	3.38691	3.38691	3.38691	3.38691	3.38691	3.38691	3.38691	3.38691	3.38691	
3.48691	3.48691	3.48691	3.48691	3.48691	3.48691	3.48691	3.48691	3.48691	3.48691	3.48691	3.48691	3.48691	3.48691	3.48691	3.48691	3.48691	3.48691	3.48691	3.48691	3.48691	3.48691	3.48691	3.48691	
3.58691	3.58691	3.58691	3.58691	3.58691	3.58691	3.58691	3.58691	3.58691	3.58691	3.58691	3.58691	3.58691	3.58691	3.58691	3.58691	3.58691	3.58691	3.58691	3.58691	3.58691	3.58691	3.58691	3.58691	
3.68691	3.68691	3.68691	3.68691	3.68691	3.68691	3.68691	3.68691	3.68691	3.68691	3.68691	3.68691	3.68691	3.68691	3.68691	3.68691	3.68691	3.68691	3.68691	3.68691	3.68691	3.68691	3.68691	3.68691	
3.78691	3.78691	3.78691	3.78691	3.78691	3.78691	3.78691	3.78691	3.78691	3.78691	3.78691	3.78691	3.78691	3.78691	3.78691	3.78691	3.78691	3.78691	3.78691	3.78691	3.78691	3.78691	3.78691	3.78691	
3.88691	3.88691	3.88691	3.88691	3.88691	3.88691	3.88691	3.88691	3.88691	3.88691	3.88691	3.88691	3.88691	3.88691	3.88691	3.88691	3.88691	3.88691	3.88691	3.88691	3.88691	3.88691	3.88691	3.88691	
3.98691	3.98691	3.98691	3.98691	3.98691	3.98691	3.98691	3.98691	3.98691	3.98691	3.98691	3.98691	3.98691	3.98691	3.98691	3.98691	3.98691	3.98691	3.98691	3.98691	3.98691	3.98691	3.98691	3.98691	
4.08691	4.08691	4.08691	4.08691	4.08691	4.08691	4.08691	4.08691	4.08691	4.08691	4.08691	4.08691	4.08691	4.08691	4.08691	4.08691	4.08691	4.08691	4.08691	4.08691	4.08691	4.08691	4.08691	4.08691	
4.18691	4.18691	4.18691	4.18691	4.18691	4.18691	4.18691	4.18691	4.18691	4.18691	4.18691	4.18691	4.18691	4.18691	4.18691	4.18691	4.18691	4.18691	4.18691	4.18691	4.18691	4.18691	4.18691	4.18691	
4.28691	4.28691	4.28691	4.28691	4.28691	4.28691	4.28691	4.28691	4.28691	4.28691	4.28691	4.28691	4.28691	4.28691	4.28691	4.28691	4.28691	4.28691	4.28691	4.28691	4.28691	4.28691	4.28691	4.28691	
4.38691	4.38691	4.38691	4.38691	4.38691	4.38691	4.38691	4.38691	4.38691	4.38691	4.38691	4.38691	4.38691	4.38691	4.38691	4.38691	4.38691	4.38691	4.38691	4.38691	4.38691	4.38691	4.38691	4.38691	
4.48691	4.48691	4.48691	4.48691	4.48691	4.48691	4.48691	4.48691	4.48691	4.48691	4.48691	4.48691	4.48691	4.48691	4.48691	4.48691	4.48691	4.48691	4.48691	4.48691	4.48691	4.48691	4.48691	4.48691	
2.98429	2.98429	2.98429	2.98429	2.98429	2.98429	2.98429	2.98429	2.98429	2.98429	2.98429	2.98429	2.98429	2.98429	2.98429	2.98429	2.98429	2.98429	2.98429	2.98429	2.98429	2.98429	2.98429	2.98429	
3.08429	3.08429	3.08429	3.08429	3.08429	3.08429	3.08429	3.08429	3.08429	3.08429	3.08429	3.08429	3.08429	3.08429	3.08429	3.08429	3.08429	3.08429	3.08429	3.08429	3.08429	3.08429	3.08429	3.08429	
3.18429	3.18429	3.18429	3.18429	3.18429	3.18429	3.18429	3.18429	3.18429	3.18429	3.18429	3.18429	3.18429	3.18429	3.18429	3.18429	3.18429	3.18429	3.18429	3.18429	3.18429	3.18429	3.18429	3.18429	
3.28429	3.28429	3.28429	3.28429	3.28429	3.28429	3.28429	3.28429	3.28429	3.28429	3.28429	3.28429	3.28429	3.28429	3.28429	3.28429	3.28429	3.28429	3.28429	3.28429	3.28429	3.28429	3.28429	3.28429	
3.38429	3.38429	3.38429	3.38429	3.38429	3.38429	3.38429	3.38429	3.38429	3.38429	3.38429	3.38429	3.38429	3.38429	3.38429	3.38429	3.38429	3.38429	3.38429	3.38429	3.38429	3.38429	3.38429	3.38429	
3.48429	3.48429	3.48429	3.48429	3.48429	3.48429	3.48429	3.48429	3.48429	3.48429	3.48429	3.48429	3.48429	3.48429	3.48429	3.48429	3.48429	3.48429	3.48429	3.48429	3.48429	3.48429	3.48429	3.48429	
3.58429	3.58429	3.58429	3.58429	3.58429	3.58429	3.58429	3.58429	3.58429	3.58429	3.58429	3.58429	3.58429	3.58429	3.58429	3.58429	3.58429	3.58429	3.58429	3.58429	3.58429	3.58429	3.58429	3.58429	
3.68429	3.68429	3.68429	3.68429	3.68429	3.68429	3.68429	3.68429	3.68429	3.68429	3.68429	3.68429	3.68429	3.68429	3.68429	3.68429	3.68429	3.68429	3.68429	3.68429	3.68429	3.68429	3.68429	3.68429	
3.78429	3.78429	3.78429	3.78429	3.78429	3.78429	3.78429	3.78429	3.78429	3.78429	3.78429	3.78429	3.78429	3.78429	3.78429	3.78429	3.78429	3.78429	3.78429	3.78429	3.78429	3.78429	3.78429	3.78429	
3.88429	3.88429	3.88429	3.88429	3.88429	3.88429	3.88429	3.88429	3.88429	3.88429	3.88429	3.88429	3.88429	3.88429	3.88429	3.88429	3.88429	3.88429	3.88429	3.88429	3.88429	3.88429	3.88429	3.88429	
3.98429	3.98429	3.98429	3.98429	3.98429	3.98429	3.98429	3.98429	3.98429	3.98429	3.98429	3.98429	3.98429	3.98429	3.98429	3.98429	3.98429	3.98429	3.98429	3.98429	3.98429	3.98429	3.98429	3.98429	
4.08429	4.08429	4.08429	4.08429	4.08429	4.08429	4.08429	4.08429	4.08429	4.08429	4.08429	4.08429	4.08429	4.08429	4.08429	4.08429	4.08429	4.08429	4.08429	4.08429	4.08429	4.08429	4.08429	4.08429	
4.18429	4.18429	4.18429	4.18429	4.18429	4.18429	4.18429	4.18429	4.18429	4.18429	4.18429	4.18429	4.18429	4.18429	4.18429	4.18429	4.18429	4.18429	4.18429	4.18429	4.18429	4.18429	4.18429	4.18429	
4.28429	4.28429	4.28429	4.28429	4.28429	4.28429	4.28429	4.28429	4.28429	4.28429	4.28429	4.28429	4.28429	4.28429	4.28429	4.28429	4.28429	4.28429	4.28429	4.28429	4.28429	4.28429	4.28429	4.28429	
4.38429	4.38429	4.38429	4.38429	4.38429	4.38429	4.38429	4.38429	4.38429	4.38429	4.38429	4.38429	4.38429	4.38429	4.38429	4.38429	4.38429	4.38429	4.38429	4.38429	4.38429	4.38429	4.38429	4.38429	
4.48429	4.48429	4.48429	4.48429	4.48429	4.48429	4.48429	4.48429	4.48429	4.48429	4.48429	4.48429	4.48429	4.48429	4.48429	4.48429	4.48429	4.48429	4.48429	4.48429	4.48429	4.48429	4.48429	4.48429	
4.58429	4.58429	4.58429	4.58429	4.58429	4.58429	4.58429	4.58429	4.58429	4.58429	4.58429	4.58429	4.58429	4.58429	4.58429	4.58429	4.58429	4.58429	4.58429	4.58429	4.58429	4.58429	4.58429	4.58429	
4.68429	4.68429	4.68429	4.68429	4.68429	4.68429	4.68429	4.68429	4.68429	4.68429	4.68429	4.68429	4.68429	4.68429	4.68429	4.68429	4.68429	4.68429	4.68429	4.68429	4.68429	4.68429	4.68429	4.68429	
4.78429	4.78429	4.78429	4.78429	4.78429	4.78429	4.78429	4.78429	4.78429	4.78429	4.78429	4.78429	4.78429	4.78429	4.78429	4.78429	4.78429	4.78429	4.78429	4.78429	4.78429	4.78429	4.78429	4.78429	
4.88429	4.88429	4.88429	4.88429	4.88429	4.88429	4.88429	4.88429	4.88429	4.88429	4.88429	4.88429	4.88429	4.88429	4.88429	4.88429	4.88429	4.88429	4.88429	4.88429	4.88429	4.88429	4.88429	4.88429	
4.98429	4.98429	4.98429	4.98429	4.98429	4.98429	4.98429	4.98429	4.98429	4.98429	4.98429	4.98429	4.98429	4.98429	4.98429	4.98429	4.98429	4.98429	4.98429	4.98429	4.98429	4.98429	4.98429	4.98429	
3.48167	3.48167	3.48167	3.48167	3.48167	3.48167	3.48167	3.48167	3.48167	3.48167	3.48167	3.48167	3.48167	3.48167	3.48167	3.48167	3.48167	3.48167	3.48167	3.48167	3.48167	3.48167	3.48167	3.48167	
3.58167	3.58167	3.58167	3.58167	3.58167	3.58167	3.58167	3.58167	3.58167	3.58167	3.58167	3.58167	3.58167	3.58167	3.58167	3.58167	3.58167	3.58167	3.58167	3.58167	3.58167	3.58167	3.58167	3.58167	
3.68167	3.68167	3.68167	3.68167	3.68167	3.68167	3.68167	3.68167	3.68167	3.68167	3.68167	3.68167	3.68167	3.68167	3.68167	3.68167	3.68167	3.68167	3.68167	3.68167	3.68167	3.68167	3.68167	3.68167	
3.78167	3.78167	3.78167	3.78167	3.78167	3.78167	3.78167	3.78167	3.78167	3.78167	3.78167	3.78167	3.78167	3.78167	3.78167	3.78167	3.78167	3.78167	3.78167	3.78167	3.78167	3.78167	3.78167	3.78167	
3.88167	3.88167	3.88167	3.88167	3.88167	3.88167	3.88167	3.88167	3.88167	3.88167	3.88167	3.88167	3.88167	3.88167	3.88167	3.88167	3.88167	3.88167	3.88167	3.88167	3.88167	3.88167	3.88167	3.88167	
3.98167	3.98167	3.98167	3.98167	3.98167	3.98167	3.98167	3.98167	3.98167	3.98167	3.98167	3.98167	3.98167	3.98167	3.98167	3.98167	3.98167	3.98167	3.98167	3.98167	3.98167	3.98167	3.98167	3.98167	
4.08167	4.08167	4.08167	4.08167	4.08167	4.08167	4.08167	4.08167	4.08167	4.08167	4.08167	4.08167	4.08167	4.08167	4.08167	4.08167	4.08167	4.08167	4.08167	4.08167	4.08167	4.08167	4.08167	4.08167	
4.18167	4.18167	4.18167	4.18167	4.18167	4.18167	4.18167	4.18167	4.18167	4.18167	4.18167	4.18167	4.18167	4.18167	4.18167	4.18167	4.18167	4.18167	4.18167	4.18167	4.18167	4.18167	4.18167	4.18167	
4.28167	4.28167	4.28167	4.28167	4.28167	4.28167	4.28167	4.28167	4.28167	4.28167	4.28167	4.28167	4.28167	4.28167	4.28167	4.28167	4.28167	4.28167	4.28167	4.28167	4.28167	4.28167	4.28167	4.28167	
4.38167	4.38167	4.38167	4.38167	4.38167	4.38167	4.38167	4.38167	4.38167	4.38167	4.38167	4.38167	4.38167	4.38167	4.38167	4.38167	4.38167	4.38167	4.38167	4.38167	4.38167	4.38167	4.38167	4.38167	
4.48167	4.48167	4.48167	4.48167	4.48167	4.48167	4.48167	4.48167	4.48167	4.48167	4.48167	4.48167	4.48167	4.48167	4.48167	4.48167	4.48167	4.48167	4.48167	4.48167	4.48167	4.48167	4.48167	4.48167	
4.58167	4.58167	4.58167	4.58167	4.58167	4.58167	4.58167	4.58167	4.58167	4.58167	4.58167	4.58167	4.58167	4.58167	4.58167	4.58167	4.58167	4.58167	4.58167	4.58167	4.58167	4.58167	4.58167	4.58167	
4.68167	4.68167	4.68167	4.68167	4.68167	4.68167	4.68167	4.68167	4.68167	4.68167	4.68167	4.68167	4.68167	4.68167	4.68167	4.68167	4.68167	4.68167	4.68167	4.68167	4.68167	4.68167	4.68167	4.68167	
4.78167	4.78167	4.78167	4.78167	4.78167	4.78167	4.78167	4.78167	4.78167	4.78167	4.78167	4.78167	4.78167	4.78167	4.78167	4.78167	4.78167	4.78167	4.78167	4.78167	4.78167	4.78167	4.78167	4.78167	
4.88167	4.88167	4.88167	4.88167	4.88167	4.88167	4.88167	4.88167	4.88167	4.88167	4.88167	4.88167	4.88167	4.88167	4.88167	4.88167	4.88167	4.88167	4.88167	4.88167	4.88167	4.88167	4.88167	4.88167	
4.98167	4.98167	4.98167	4.98167	4.98167	4.98167	4.98167	4.98167	4.98167	4.98167	4.98167	4.98167	4.98167	4.98167	4.98167	4.98167	4.98167	4.98167	4.98167	4.98167	4.98167	4.98167	4.98167	4.98167	
5.08167	5.08167	5.08167	5.08167	5.08167	5.08167	5.08167	5.08167	5.08167	5.08167	5.08167	5.08167	5.08167	5.08167	5.08167	5.08167	5.08167	5.08167	5.08167	5.08167	5.08167	5.08167	5.08167	5.08167	
5.18167	5.18167	5.18167	5.18167	5.18167	5.18167	5.18167	5.18167	5.18167	5.18167	5.18167	5.18167	5.18167	5.18167	5.18167	5.18167	5.18167	5.18167	5.18167	5.18167	5.18167	5.18167	5.18167	5.18167	
5.28167	5.28167	5.28167	5.28167	5.28167	5.28167	5.28167	5.28167	5.28167	5.28167	5.28167	5.28167	5.28167	5.28167	5.28167	5.28167	5.28167	5.28167	5.28167	5.28167	5.28167	5.28167	5.28167	5.28167	
5.38167	5.38167	5.38167	5.38167	5.38167	5.38167	5.38167	5.38167	5.38167	5.38167	5.38167	5.38167	5.38167	5.38167	5.38167	5.38167	5.38167	5.38167	5.38167	5.38167	5.38167	5.38167	5.38167	5.38167	
5.48167	5.48167	5.48167	5.48167	5.48167	5.48167	5.48167	5.48167	5.48167	5.48167	5.48167	5.48167	5.48167	5.48167	5.48167	5.48167	5.48167	5.48167	5.48167	5.48167	5.48167	5.48167	5.48167	5.48167	
3.97906	3.97906	3.97906	3.97906	3.97906	3.97906	3.97906	3.97906	3.97906	3.97906	3.97906	3.97906	3.97906	3.97906	3.97906	3.97906	3.97906	3.97906	3.97906	3.97906	3.97906	3.97906	3.97906	3.97906	
4.07906	4.07906	4.07906	4.07906	4.07906	4.07906	4.07906	4.07906	4.07906	4.07906	4.07906	4.07906	4.07906	4.07906	4.07906	4.07906	4.07906	4.07906	4.07906	4.07906	4.07906	4.07906	4.07906	4.07906	
4.17906	4.17906	4.17906	4.17906	4.17906	4.17906	4.17906	4.17906	4.17906	4.17906	4.17906	4.17906	4.17906	4.17906	4.17906	4.17906	4.17906	4.17906	4.17906	4.17906	4.17906	4.17906	4.17906	4.17906	
4.27906	4.27906	4.27906	4.27906	4.27906	4.27906	4.27906	4.27906	4.27906	4.27906	4.27906	4.27906	4.27906	4.27906	4.27906	4.27906	4.27906	4.27906	4.27906	4.27906	4.27906	4.27906	4.27906	4.27906	
4.37906	4.37906	4.37906	4.37906	4.37906	4.37906	4.37906	4.37906	4.37906	4.37906	4.37906	4.37906	4.37906	4.37906	4.37906	4.37906	4.37906	4.37906	4.37906	4.37906	4.37906	4.37906	4.37906	4.37906	
4.47906	4.47906	4.47906	4.47906	4.47906	4.47906	4.47906	4.47906	4.47906	4.47906	4.47906	4.47906	4.47906	4.47906	4.47906	4.47906	4.47906	4.47906	4.47906	4.47906	4.47906	4.47906	4.47906	4.47906	
4.57906	4.57906	4.57906	4.57906	4.57906	4.57906	4.57906	4.57906	4.57906	4.57906	4.57906	4.57906	4.57906	4.57906	4.57906	4.57906	4.57906	4.57906	4.57906	4.57906	4.57906	4.57906	4.57906	4.57906	
4.67906	4.67906	4.67906	4.67906	4.67906	4.67906	4.67906	4.67906	4.67906	4.67906	4.67906	4.67906	4.67906	4.67906	4.67906	4.67906	4.67906	4.67906	4.67906	4.67906	4.67906	4.67906	4.67906	4.67906	
4.77906	4.77906	4.77906	4.77906	4.77906	4.77906	4.77906	4.77906	4.77906	4.77906	4.77906	4.77906	4.77906	4.77906	4.77906	4.77906	4.77906	4.77906	4.77906	4.77906	4.77906	4.77906	4.77906	4.77906	
4.87906	4.87906	4.87906	4.87906	4.87906	4.87906	4.87906	4.87906	4.87906	4.87906	4.87906	4.87906	4.87906	4.87906	4.87906	4.87906	4.87906	4.87906	4.87906	4.87906	4.87906	4.87906	4.87906	4.87906	
4.97906	4.97906	4.97906	4.97906	4.97906	4.97906	4.97906	4.97906	4.97906	4.97906	4.97906	4.97906	4.97906	4.97906	4.97906	4.97906	4.97906	4.97906	4.97906	4.97906	4.97906	4.97906	4.97906	4.97906	
5.07906	5.07906	5.07906	5.07906	5.07906	5.07906	5.07906	5.07906	5.07906	5.07906	5.07906	5.07906	5.07906	5.07906	5.07906	5.07906	5.07906	5.07906	5.07906	5.07906	5.07906	5.07906	5.07906	5.07906	
5.17906	5.17906	5.17906	5.17906	5.17906	5.17906	5.17906	5.17906	5.17906	5.17906	5.17906	5.17906	5.17906	5.17906	5.17906	5.17906	5.17906	5.17906	5.17906	5.17906	5.17906	5.17906	5.17906	5.17906	
5.27906	5.27906	5.27906	5.27906	5.27906	5.27906	5.27906	5.27906	5.27906	5.27906	5.27906	5.27906	5.27906	5.27906	5.27906	5.27906	5.27906	5.27906	5.27906	5.27906	5.27906	5.27906	5.27906	5.27906	
5.37906	5.37906	5.37906	5.37906	5.37906	5.37906	5.37906	5.37906	5.37906	5.37906	5.37906	5.37906	5.37906	5.37906	5.37906	5.37906	5.37906	5.37906	5.37906	5.37906	5.37906	5.37906	5.37906	5.37906	
5.47906	5.47906	5.47906	5.47906	5.47906	5.47906	5.47906	5.47906	5.47906	5.47906	5.47906	5.47906	5.47906	5.47906	5.47906	5.47906	5.47906	5.47906	5.47906	5.47906	5.47906	5.47906	5.47906	5.47906	
5.57906	5.57906	5.57906	5.57906	5.57906	5.57906	5.57906	5.57906	5.57906	5.57906	5.57906	5.57906	5.57906	5.57906	5.57906	5.57906	5.57906	5.57906	5.57906	5.57906	5.57906	5.57906	5.57906	5.57906	
5.67906	5.67906	5.67906	5.67906	5.67906	5.67906	5.67906	5.67906	5.67906	5.67906	5.67906	5.67906	5.67906	5.67906	5.67906	5.67906	5.67906	5.67906	5.67906	5.67906	5.67906	5.67906	5.67906	5.67906	
5.77906	5.77906	5.77906	5.77906	5.77906	5.77906	5.77906	5.77906	5.77906	5.77906	5.77906	5.77906	5.77906	5.77906	5.77906	5.77906	5.77906	5.77906	5.77906	5.77906	5.77906	5.77906	5.77906	5.77906	
5.87906	5.87906	5.87906	5.87906	5.87906	5.87906	5.87906	5.87906	5.87906	5.87906	5.87906	5.87906	5.87906	5.87906	5.87906	5.87906	5.87906	5.87906	5.87906	5.87906	5.87906	5.87906	5.87906	5.87906	
5.97906	5.97906	5.97906	5.97906	5.97906	5.97906	5.97906	5.97906	5.97906	5.97906	5.97906	5.97906	5.97906	5.97906	5.97906	5.97906	5.97906	5.97906	5.97906	5.97906	5.97906	5.97906	5.97906	5.97906	
4.47644	4.47644	4.47644	4.47644	4.47644	4.47644	4.47644	4.47644	4.47644	4.47644	4.47644	4.47644	4.47644	4.47644	4.47644	4.47644	4.47644	4.47644	4.47644	4.47644	4.47644	4.47644	4.47644	4.47644	
4.57644	4.57644	4.57644	4.57644	4.57644	4.57644	4.57644	4.57644	4.57644	4.57644	4.57644	4.57644	4.57644	4.57644	4.57644	4.57644	4.57644	4.57644	4.57644	4.57644	4.57644	4.57644	4.57644	4.57644	
4.67644	4.67644	4.67644	4.67644	4.67644	4.67644	4.67644	4.67644	4.67644	4.67644	4.67644	4.67644	4.67644	4.67644	4.67644	4.67644	4.67644	4.67644	4.67644	4.67644	4.67644	4.67644	4.67644	4.67644	
4.77644	4.77644	4.77644	4.77644	4.77644	4.77644	4.77644	4.77644	4.77644	4.77644	4.77644	4.77644	4.77644	4.77644	4.77644	4.77644	4.77644	4.77644	4.77644	4.77644	4.77644	4.77644	4.77644	4.77644	
4.87644	4.87644	4.87644	4.87644	4.87644	4.87644	4.87644	4.87644	4.87644	4.87644	4.87644	4.87644	4.87644	4.87644	4.87644	4.87644	4.87644	4.87644	4.87644	4.87644	4.87644	4.87644	4.87644	4.87644	
4.97644	4.97644	4.97644	4.97644	4.97644	4.97644	4.97644	4.97644	4.97644	4.97644	4.97644	4.97644	4.97644	4.97644	4.97644	4.97644	4.97644	4.97644	4.97644	4.97644	4.97644	4.97644	4.97644	4.97644	
5.07644	5.07644	5.07644	5.07644	5.07644	5.07644	5.07644	5.07644	5.07644	5.07644	5.07644	5.07644	5.07644	5.07644	5.07644	5.07644	5.07644	5.07644	5.07644	5.07644	5.07644	5.07644	5.07644	5.07644	
5.17644	5.17644	5.17644	5.17644	5.17644	5.17644	5.17644	5.17644	5.17644	5.17644	5.17644	5.17644	5.17644	5.17644	5.17644	5.17644	5.17644	5.17644	5.17644	5.17644	5.17644	5.17644	5.17644	5.17644	
5.27644	5.27644	5.27644	5.27644	5.27644	5.27644	5.27644	5.27644	5.27644	5.27644	5.27644	5.27644	5.27644	5.27644	5.27644	5.27644	5.27644	5.27644	5.27644	5.27644	5.27644	5.27644	5.27644	5.27644	
5.37644	5.37644	5.37644	5.37644	5.37644	5.37644	5.37644	5.37644	5.37644	5.37644	5.37644	5.37644	5.37644	5.37644	5.37644	5.37644	5.37644	5.37644	5.37644	5.37644	5.37644	5.37644	5.37644	5.37644	
5.47644	5.47644	5.47644	5.47644	5.47644	5.47644	5.47644	5.47644	5.47644	5.47644	5.47644	5.47644	5.47644	5.47644	5.47644	5.47644	5.47644	5.47644	5.47644	5.47644	5.47644	5.47644	5.47644	5.47644	
5.57644	5.57644	5.57644	5.57644	5.57644	5.57644	5.57644	5.57644	5.57644	5.57644	5.57644	5.57644	5.57644	5.57644	5.57644	5.57644	5.57644	5.57644	5.57644	5.57644	5.57644	5.57644	5.57644	5.57644	
5.67644	5.67644	5.67644	5.67644	5.67644	5.67644	5.67644	5.67644	5.67644	5.67644	5.67644	5.67644	5.67644	5.67644	5.67644	5.67644	5.67644	5.67644	5.67644	5.67644	5.67644	5.67644	5.67644	5.67644	
5.77644	5.77644	5.77644	5.77644	5.77644	5.77644	5.77644	5.77644	5.77644	5.77644	5.77644	5.77644	5.77644	5.77644	5.77644	5.77644	5.77644	5.77644	5.77644	5.77644	5.77644	5.77644	5.77644	5.77644	
5.87644	5.87644	5.87644	5.87644	5.87644	5.87644	5.87644	5.87644	5.87644	5.87644	5.87644	5.87644	5.87644	5.87644	5.87644	5.87644	5.87644	5.87644	5.87644	5.87644	5.87644	5.87644	5.87644	5.87644	
5.97644	5.97644	5.97644	5.97644	5.97644	5.97644	5.97644	5.97644	5.97644	5.97644	5.97644	5.97644	5.97644	5.97644	5.97644	5.97644	5.97644	5.97644	5.97644	5.97644	5.97644	5.97644	5.97644	5.97644	
6.07644	6.07644	6.07644	6.07644	6.07644	6.07644	6.07644	6.07644	6.07644	6.07644	6.07644	6.07644	6.07644	6.07644	6.07644	6.07644	6.07644	6.07644	6.07644	6.07644	6.07644	6.07644	6.07644	6.07644	
6.17644	6.17644	6.17644	6.17644	6.17644	6.17644	6.17644	6.17644	6.17644	6.17644	6.17644	6.17644	6.17644	6.17644	6.17644	6.17644	6.17644	6.17644	6.17644	6.17644	6.17644	6.17644	6.17644	6.17644	
6.27644	6.27644	6.27644	6.27644	6.27644	6.27644	6.27644	6.27644	6.27644	6.27644	6.27644	6.27644	6.27644	6.27644	6.27644	6.27644	6.27644	6.27644	6.27644	6.27644	6.27644	6.27644	6.27644	6.27644	
6.37644	6.37644	6.37644	6.37644	6.37644	6.37644	6.37644	6.37644	6.37644	6.37644	6.37644	6.37644	6.37644	6.37644	6.37644	6.37644	6.37644	6.37644	6.37644	6.37644	6.37644	6.37644	6.37644	6.37644	
6.47644	6.47644	6.47644	6.47644	6.47644	6.47644	6.47644	6.47644	6.47644	6.47644	6.47644	6.47644	6.47644	6.47644	6.47644	6.47644	6.47644	6.47644	6.47644	6.47644	6.47644	6.47644	6.47644	6.47644	
4.97382	4.97382	4.97382	4.97382	4.97382	4.97382	4.97382	4.97382	4.97382	4.97382	4.97382	4.97382	4.97382	4.97382	4.97382	4.97382	4.97382	4.97382	4.97382	4.97382	4.97382	4.97382	4.97382	4.97382	
5.07382	5.07382	5.07382	5.07382	5.07382	5.07382	5.07382	5.07382	5.07382	5.07382	5.07382	5.07382	5.07382	5.07382	5.07382	5.07382	5.07382	5.07382	5.07382	5.07382	5.07382	5.07382	5.07382	5.07382	
5.17382	5.17382	5.17382	5.17382	5.17382	5.17382	5.17382	5.17382	5.17382	5.17382	5.17382	5.17382	5.17382	5.17382	5.17382	5.17382	5.17382	5.17382	5.17382	5.17382	5.17382	5.17382	5.17382	5.17382	
5.27382	5.27382	5.27382	5.27382	5.27382	5.27382	5.27382	5.27382	5.27382	5.27382	5.27382	5.27382	5.27382	5.27382	5.27382	5.27382	5.27382	5.27382	5.27382	5.27382	5.27382	5.27382	5.27382	5.27382	
5.37382	5.37382	5.37382	5.37382	5.37382	5.37382	5.37382	5.37382	5.37382	5.37382	5.37382	5.37382	5.37382	5.37382	5.37382	5.37382	5.37382	5.37382	5.37382	5.37382	5.37382	5.37382	5.37382	5.37382	
5.47382	5.47382	5.47382	5.47382	5.47382	5.47382	5.47382	5.47382	5.47382	5.47382	5.47382	5.47382	5.47382	5.47382	5.47382	5.47382	5.47382	5.47382	5.47382	5.47382	5.47382	5.47382	5.47382	5.47382	
5.57382	5.57382	5.57382	5.57382	5.57382	5.57382	5.57382	5.57382	5.57382	5.57382	5.57382	5.57382	5.57382	5.57382	5.57382	5.57382	5.57382	5.57382	5.57382	5.57382	5.57382	5.57382	5.57382	5.57382	
5.67382	5.67382	5.67382	5.67382	5.67382	5.67382	5.67382	5.67382	5.67382	5.67382	5.67382	5.67382	5.67382	5.67382	5.67382	5.67382	5.67382	5.67382	5.67382	5.67382	5.67382	5.67382	5.67382	5.67382	
5.77382	5.77382	5.77382	5.77382	5.77382	5.77382	5.77382	5.77382	5.77382	5.77382	5.77382	5.77382	5.77382	5.77382	5.77382	5.77382	5.77382	5.77382	5.77382	5.77382	5.77382	5.77382	5.77382	5.77382	
5.87382	5.87382	5.87382	5.87382	5.87382	5.87382	5.87382	5.87382	5.87382	5.87382	5.87382	5.87382	5.87382	5.87382	5.87382	5.87382	5.87382	5.87382	5.87382	5.87382	5.87382	5.87382	5.87382	5.87382	
5.97382	5.97382	5.97382	5.97382	5.97382	5.97382	5.97382	5.97382	5.97382	5.97382	5.97382	5.97382	5.97382	5.97382	5.97382	5.97382	5.97382	5.97382	5.97382	5.97382	5.97382	5.97382	5.97382	5.97382	
6.07382	6.07382	6.07382	6.07382	6.07382	6.07382	6.07382	6.07382	6.07382	6.07382	6.07382	6.07382	6.07382	6.07382	6.07382	6.07382	6.07382	6.07382	6.07382	6.07382	6.07382	6.07382	6.07382	6.07382	
6.17382	6.17382	6.17382	6.17382	6.17382	6.17382	6.17382	6.17382	6.17382	6.17382	6.17382	6.17382	6.17382	6.17382	6.17382	6.17382	6.17382	6.17382	6.17382	6.17382	6.17382	6.17382	6.17382	6.17382	
6.27382	6.27382	6.27382	6.27382	6.27382	6.27382	6.27382	6.27382	6.27382	6.27382	6.27382	6.27382	6.27382	6.27382	6.27382	6.27382	6.27382	6.27382	6.27382	6.27382	6.27382	6.27382	6.27382	6.27382	
6.37382	6.37382	6.37382	6.37382	6.37382	6.37382	6.37382	6.37382	6.37382	6.37382	6.37382	6.37382	6.37382	6.37382	6.37382	6.37382	6.37382	6.37382	6.37382	6.37382	6.37382	6.37382	6.37382	6.37382	
6.47382	6.47382	6.47382	6.47382	6.47382	6.47382	6.47382	6.47382	6.47382	6.47382	6.47382	6.47382	6.47382	6.47382	6.47382	6.47382	6.47382	6.47382	6.47382	6.47382	6.47382	6.47382	6.47382	6.47382	
6.57382	6.57382	6.57382	6.57382	6.57382	6.57382	6.57382	6.57382	6.57382	6.57382	6.57382	6.57382	6.57382	6.57382	6.57382	6.57382	6.57382	6.57382	6.57382	6.57382	6.57382	6.57382	6.57382	6.57382	
6.67382	6.67382	6.67382	6.67382	6.67382	6.67382	6.67382	6.67382	6.67382	6.67382	6.67382	6.67382	6.67382	6.67382	6.67382	6.67382	6.67382	6.67382	6.67382	6.67382	6.67382	6.67382	6.67382	6.67382	
6.77382	6.77382	6.77382	6.77382	6.77382	6.77382	6.77382	6.77382	6.77382	6.77382	6.77382	6.77382	6.77382	6.77382	6.77382	6.77382	6.77382	6.77382	6.77382	6.77382	6.77382	6.77382	6.77382	6.77382	
6.87382	6.87382	6.87382	6.87382	6.87382	6.87382	6.87382	6.87382	6.87382	6.87382	6.87382	6.87382	6.87382	6.87382	6.87382	6.87382	6.87382	6.87382	6.87382	6.87382	6.87382	6.87382	6.87382	6.87382	
6.97382	6.97382	6.97382	6.97382	6.97382	6.97382	6.97382	6.97382	6.97382	6.97382	6.97382	6.97382	6.97382	6.97382	6.97382	6.97382	6.97382	6.97382	6.97382	6.97382	6.97382	6.97382	6.97382	6.97382	
