2.1853	2.1853	2.1853	2.1853	2.1853	2.1853	2.1853	2.1853	2.1853	2.1853	2.1853	2.1853	2.1853	2.1853	2.1853	2.1853	2.1853	2.1853	2.1853	2.1853	2.1853	2.1853	2.1853	2.1853	
2.0667	2.0667	2.0667	2.0667	2.0667	2.0667	2.0667	2.0667	2.0667	2.0667	2.0667	2.0667	2.0667	2.0667	2.0667	2.0667	2.0667	2.0667	2.0667	2.0667	2.0667	2.0667	2.0667	2.0667	
1.9482	1.9482	1.9482	1.9482	1.9482	1.9482	1.9482	1.9482	1.9482	1.9482	1.9482	1.9482	1.9482	1.9482	1.9482	1.9482	1.9482	1.9482	1.9482	1.9482	1.9482	1.9482	1.9482	1.9482	
1.8297	1.8297	1.8297	1.8297	1.8297	1.8297	1.8297	1.8297	1.8297	1.8297	1.8297	1.8297	1.8297	1.8297	1.8297	1.8297	1.8297	1.8297	1.8297	1.8297	1.8297	1.8297	1.8297	1.8297	
1.7112	1.7112	1.7112	1.7112	1.7112	1.7112	1.7112	1.7112	1.7112	1.7112	1.7112	1.7112	1.7112	1.7112	1.7112	1.7112	1.7112	1.7112	1.7112	1.7112	1.7112	1.7112	1.7112	1.7112	
1.5926	1.5926	1.5926	1.5926	1.5926	1.5926	1.5926	1.5926	1.5926	1.5926	1.5926	1.5926	1.5926	1.5926	1.5926	1.5926	1.5926	1.5926	1.5926	1.5926	1.5926	1.5926	1.5926	1.5926	
1.4741	1.4741	1.4741	1.4741	1.4741	1.4741	1.4741	1.4741	1.4741	1.4741	1.4741	1.4741	1.4741	1.4741	1.4741	1.4741	1.4741	1.4741	1.4741	1.4741	1.4741	1.4741	1.4741	1.4741	
1.3556	1.3556	1.3556	1.3556	1.3556	1.3556	1.3556	1.3556	1.3556	1.3556	1.3556	1.3556	1.3556	1.3556	1.3556	1.3556	1.3556	1.3556	1.3556	1.3556	1.3556	1.3556	1.3556	1.3556	
1.2371	1.2371	1.2371	1.2371	1.2371	1.2371	1.2371	1.2371	1.2371	1.2371	1.2371	1.2371	1.2371	1.2371	1.2371	1.2371	1.2371	1.2371	1.2371	1.2371	1.2371	1.2371	1.2371	1.2371	
1.1185	1.1185	1.1185	1.1185	1.1185	1.1185	1.1185	1.1185	1.1185	1.1185	1.1185	1.1185	1.1185	1.1185	1.1185	1.1185	1.1185	1.1185	1.1185	1.1185	1.1185	1.1185	1.1185	1.1185	
1.0000	1.0000	1.0000	1.0000	1.0000	1.0000	1.0000	1.0000	1.0000	1.0000	1.0000	1.0000	1.0000	1.0000	1.0000	1.0000	1.0000	1.0000	1.0000	1.0000	1.0000	1.0000	1.0000	1.0000	
0.8815	0.8815	0.8815	0.8815	0.8815	0.8815	0.8815	0.8815	0.8815	0.8815	0.8815	0.8815	0.8815	0.8815	0.8815	0.8815	0.8815	0.8815	0.8815	0.8815	0.8815	0.8815	0.8815	0.8815	
0.7629	0.7629	0.7629	0.7629	0.7629	0.7629	0.7629	0.7629	0.7629	0.7629	0.7629	0.7629	0.7629	0.7629	0.7629	0.7629	0.7629	0.7629	0.7629	0.7629	0.7629	0.7629	0.7629	0.7629	
0.6444	0.6444	0.6444	0.6444	0.6444	0.6444	0.6444	0.6444	0.6444	0.6444	0.6444	0.6444	0.6444	0.6444	0.6444	0.6444	0.6444	0.6444	0.6444	0.6444	0.6444	0.6444	0.6444	0.6444	
0.5259	0.5259	0.5259	0.5259	0.5259	0.5259	0.5259	0.5259	0.5259	0.5259	0.5259	0.5259	0.5259	0.5259	0.5259	0.5259	0.5259	0.5259	0.5259	0.5259	0.5259	0.5259	0.5259	0.5259	
0.4074	0.4074	0.4074	0.4074	0.4074	0.4074	0.4074	0.4074	0.4074	0.4074	0.4074	0.4074	0.4074	0.4074	0.4074	0.4074	0.4074	0.4074	0.4074	0.4074	0.4074	0.4074	0.4074	0.4074	
0.2888	0.2888	0.2888	0.2888	0.2888	0.2888	0.2888	0.2888	0.2888	0.2888	0.2888	0.2888	0.2888	0.2888	0.2888	0.2888	0.2888	0.2888	0.2888	0.2888	0.2888	0.2888	0.2888	0.2888	
0.1703	0.1703	0.1703	0.1703	0.1703	0.1703	0.1703	0.1703	0.1703	0.1703	0.1703	0.1703	0.1703	0.1703	0.1703	0.1703	0.1703	0.1703	0.1703	0.1703	0.1703	0.1703	0.1703	0.1703	
0.0518	0.0518	0.0518	0.0518	0.0518	0.0518	0.0518	0.0518	0.0518	0.0518	0.0518	0.0518	0.0518	0.0518	0.0518	0.0518	0.0518	0.0518	0.0518	0.0518	0.0518	0.0518	0.0518	0.0518	
-0.0667	-0.0667	-0.0667	-0.0667	-0.0667	-0.0667	-0.0667	-0.0667	-0.0667	-0.0667	-0.0667	-0.0667	-0.0667	-0.0667	-0.0667	-0.0667	-0.0667	-0.0667	-0.0667	-0.0667	-0.0667	-0.0667	-0.0667	-0.0667	
-0.1853	-0.1853	-0.1853	-0.1853	-0.1853	-0.1853	-0.1853	-0.1853	-0.1853	-0.1853	-0.1853	-0.1853	-0.1853	-0.1853	-0.1853	-0.1853	-0.1853	-0.1853	-0.1853	-0.1853	-0.1853	-0.1853	-0.1853	-0.1853	
2.1667	2.1667	2.1667	2.1667	2.1667	2.1667	2.1667	2.1667	2.1667	2.1667	2.1667	2.1667	2.1667	2.1667	2.1667	2.1667	2.1667	2.1667	2.1667	2.1667	2.1667	2.1667	2.1667	2.1667	
2.0853	2.0841	2.0805	2.0749	2.0677	2.0592	2.0501	2.0409	2.0325	2.0252	2.0196	2.0161	2.0149	2.0161	2.0196	2.0252	2.0325	2.0409	2.0501	2.0592	2.0677	2.0749	2.0805	2.0841	
1.9818	1.9802	1.9753	1.9676	1.9576	1.9459	1.9334	1.9208	1.9092	1.8991	1.8914	1.8866	1.8849	1.8866	1.8914	1.8991	1.9092	1.9208	1.9334	1.9459	1.9576	1.9676	1.9753	1.9802	
1.8744	1.8724	1.8667	1.8575	1.8455	1.8316	1.8167	1.8018	1.7879	1.7759	1.7668	1.7610	1.7590	1.7610	1.7668	1.7759	1.7879	1.8018	1.8167	1.8316	1.8455	1.8575	1.8667	1.8724	
1.7646	1.7624	1.7560	1.7457	1.7323	1.7168	1.7000	1.6833	1.6677	1.6544	1.6441	1.6376	1.6354	1.6376	1.6441	1.6544	1.6677	1.6833	1.7000	1.7168	1.7323	1.7457	1.7560	1.7624	
1.6533	1.6509	1.6439	1.6328	1.6183	1.6015	1.5834	1.5653	1.5484	1.5339	1.5228	1.5158	1.5134	1.5158	1.5228	1.5339	1.5484	1.5653	1.5834	1.6015	1.6183	1.6328	1.6439	1.6509	
1.5407	1.5382	1.5308	1.5190	1.5037	1.4858	1.4667	1.4475	1.4297	1.4144	1.4026	1.3952	1.3927	1.3952	1.4026	1.4144	1.4297	1.4475	1.4667	1.4858	1.5037	1.5190	1.5308	1.5382	
1.4271	1.4244	1.4167	1.4045	1.3885	1.3700	1.3500	1.3301	1.3115	1.2955	1.2833	1.2756	1.2730	1.2756	1.2833	1.2955	1.3115	1.3301	1.3500	1.3700	1.3885	1.4045	1.4167	1.4244	
1.3125	1.3098	1.3019	1.2893	1.2729	1.2538	1.2333	1.2129	1.1938	1.1774	1.1648	1.1569	1.1542	1.1569	1.1648	1.1774	1.1938	1.2129	1.2333	1.2538	1.2729	1.2893	1.3019	1.3098	
1.1970	1.1943	1.1863	1.1735	1.1568	1.1375	1.1167	1.0959	1.0765	1.0599	1.0471	1.0391	1.0363	1.0391	1.0471	1.0599	1.0765	1.0959	1.1167	1.1375	1.1568	1.1735	1.1863	1.1943	
1.0808	1.0780	1.0699	1.0571	1.0404	1.0209	1.0000	0.9791	0.9596	0.9429	0.9301	0.9220	0.9192	0.9220	0.9301	0.9429	0.9596	0.9791	1.0000	1.0209	1.0404	1.0571	1.0699	1.0780	
0.9637	0.9609	0.9529	0.9401	0.9235	0.9041	0.8833	0.8625	0.8432	0.8265	0.8137	0.8057	0.8030	0.8057	0.8137	0.8265	0.8432	0.8625	0.8833	0.9041	0.9235	0.9401	0.9529	0.9609	
0.8458	0.8431	0.8352	0.8226	0.8062	0.7871	0.7667	0.7462	0.7271	0.7107	0.6981	0.6902	0.6875	0.6902	0.6981	0.7107	0.7271	0.7462	0.7667	0.7871	0.8062	0.8226	0.8352	0.8431	
0.7270	0.7244	0.7167	0.7045	0.6885	0.6699	0.6500	0.6300	0.6115	0.5955	0.5833	0.5756	0.5729	0.5756	0.5833	0.5955	0.6115	0.6300	0.6500	0.6699	0.6885	0.7045	0.7167	0.7244	
0.6073	0.6048	0.5974	0.5856	0.5703	0.5525	0.5333	0.5142	0.4963	0.4810	0.4692	0.4618	0.4593	0.4618	0.4692	0.4810	0.4963	0.5142	0.5333	0.5525	0.5703	0.5856	0.5974	0.6048	
0.4866	0.4842	0.4772	0.4661	0.4516	0.4347	0.4166	0.3985	0.3817	0.3672	0.3561	0.3491	0.3467	0.3491	0.3561	0.3672	0.3817	0.3985	0.4166	0.4347	0.4516	0.4661	0.4772	0.4842	
0.3646	0.3624	0.3559	0.3456	0.3323	0.3167	0.3000	0.2832	0.2677	0.2543	0.2440	0.2376	0.2354	0.2376	0.2440	0.2543	0.2677	0.2832	0.3000	0.3167	0.3323	0.3456	0.3559	0.3624	
0.2410	0.2390	0.2332	0.2241	0.2121	0.1982	0.1833	0.1684	0.1545	0.1425	0.1333	0.1276	0.1256	0.1276	0.1333	0.1425	0.1545	0.1684	0.1833	0.1982	0.2121	0.2241	0.2332	0.2390	
0.1151	0.1134	0.1086	0.1009	0.0908	0.0792	0.0666	0.0541	0.0424	0.0324	0.0247	0.0198	0.0182	0.0198	0.0247	0.0324	0.0424	0.0541	0.0666	0.0792	0.0908	0.1009	0.1086	0.1134	
-0.0149	-0.0161	-0.0196	-0.0252	-0.0325	-0.0409	-0.0501	-0.0592	-0.0677	-0.0749	-0.0805	-0.0841	-0.0853	-0.0841	-0.0805	-0.0749	-0.0677	-0.0592	-0.0501	-0.0409	-0.0325	-0.0252	-0.0196	-0.0161	
-0.1667	-0.1667	-0.1667	-0.1667	-0.1667	-0.1667	-0.1667	-0.1667	-0.1667	-0.1667	-0.1667	-0.1667	-0.1667	-0.1667	-0.1667	-0.1667	-0.1667	-0.1667	-0.1667	-0.1667	-0.1667	-0.1667	-0.1667	-0.1667	
2.1482	2.1482	2.1482	2.1482	2.1482	2.1482	2.1482	2.1482	2.1482	2.1482	2.1482	2.1482	2.1482	2.1482	2.1482	2.1482	2.1482	2.1482	2.1482	2.1482	2.1482	2.1482	2.1482	2.1482	
2.0818	2.0802	2.0753	2.0676	2.0576	2.0459	2.0334	2.0208	2.0092	1.9991	1.9914	1.9866	1.9849	1.9866	1.9914	1.9991	2.0092	2.0208	2.0334	2.0459	2.0576	2.0676	2.0753	2.0802	
1.9853	1.9830	1.9763	1.9657	1.9519	1.9358	1.9186	1.9013	1.8852	1.8714	1.8608	1.8541	1.8519	1.8541	1.8608	1.8714	1.8852	1.9013	1.9186	1.9358	1.9519	1.9657	1.9763	1.9830	
1.8831	1.8804	1.8725	1.8599	1.8434	1.8243	1.8037	1.7832	1.7641	1.7476	1.7350	1.7271	1.7244	1.7271	1.7350	1.7476	1.7641	1.7832	1.8037	1.8243	1.8434	1.8599	1.8725	1.8804	
1.7778	1.7748	1.7659	1.7518	1.7334	1.7119	1.6889	1.6659	1.6445	1.6260	1.6119	1.6030	1.6000	1.6030	1.6119	1.6260	1.6445	1.6659	1.6889	1.7119	1.7334	1.7518	1.7659	1.7748	
1.6704	1.6671	1.6575	1.6422	1.6222	1.5990	1.5741	1.5492	1.5260	1.5060	1.4907	1.4811	1.4778	1.4811	1.4907	1.5060	1.5260	1.5492	1.5741	1.5990	1.6222	1.6422	1.6575	1.6671	
1.5612	1.5577	1.5475	1.5313	1.5102	1.4856	1.4593	1.4329	1.4083	1.3872	1.3711	1.3609	1.3574	1.3609	1.3711	1.3872	1.4083	1.4329	1.4593	1.4856	1.5102	1.5313	1.5475	1.5577	
1.4505	1.4469	1.4363	1.4194	1.3975	1.3719	1.3445	1.3170	1.2914	1.2695	1.2526	1.2420	1.2384	1.2420	1.2526	1.2695	1.2914	1.3170	1.3445	1.3719	1.3975	1.4194	1.4363	1.4469	
1.3385	1.3348	1.3240	1.3067	1.2841	1.2578	1.2296	1.2015	1.1752	1.1526	1.1353	1.1244	1.1207	1.1244	1.1353	1.1526	1.1752	1.2015	1.2296	1.2578	1.2841	1.3067	1.3240	1.3348	
1.2254	1.2216	1.2106	1.1930	1.1701	1.1434	1.1148	1.0862	1.0595	1.0366	1.0190	1.0080	1.0042	1.0080	1.0190	1.0366	1.0595	1.0862	1.1148	1.1434	1.1701	1.1930	1.2106	1.2216	
1.1112	1.1074	1.0963	1.0786	1.0556	1.0288	1.0000	0.9712	0.9444	0.9214	0.9037	0.8926	0.8888	0.8926	0.9037	0.9214	0.9444	0.9712	1.0000	1.0288	1.0556	1.0786	1.0963	1.1074	
0.9958	0.9920	0.9810	0.9634	0.9405	0.9138	0.8852	0.8566	0.8299	0.8070	0.7894	0.7784	0.7746	0.7784	0.7894	0.8070	0.8299	0.8566	0.8852	0.9138	0.9405	0.9634	0.9810	0.9920	
0.8793	0.8756	0.8647	0.8474	0.8248	0.7985	0.7704	0.7422	0.7159	0.6933	0.6760	0.6652	0.6615	0.6652	0.6760	0.6933	0.7159	0.7422	0.7704	0.7985	0.8248	0.8474	0.8647	0.8756	
0.7616	0.7580	0.7474	0.7305	0.7086	0.6830	0.6555	0.6281	0.6025	0.5806	0.5637	0.5531	0.5495	0.5531	0.5637	0.5806	0.6025	0.6281	0.6555	0.6830	0.7086	0.7305	0.7474	0.7580	
0.6426	0.6391	0.6289	0.6128	0.5917	0.5671	0.5407	0.5144	0.4898	0.4687	0.4525	0.4423	0.4388	0.4423	0.4525	0.4687	0.4898	0.5144	0.5407	0.5671	0.5917	0.6128	0.6289	0.6391	
0.5222	0.5189	0.5093	0.4940	0.4740	0.4508	0.4259	0.4010	0.3778	0.3578	0.3425	0.3329	0.3296	0.3329	0.3425	0.3578	0.3778	0.4010	0.4259	0.4508	0.4740	0.4940	0.5093	0.5189	
0.4000	0.3970	0.3881	0.3740	0.3555	0.3341	0.3111	0.2881	0.2666	0.2482	0.2341	0.2252	0.2222	0.2252	0.2341	0.2482	0.2666	0.2881	0.3111	0.3341	0.3555	0.3740	0.3881	0.3970	
0.2756	0.2729	0.2650	0.2524	0.2359	0.2168	0.1963	0.1757	0.1566	0.1401	0.1275	0.1196	0.1169	0.1196	0.1275	0.1401	0.1566	0.1757	0.1963	0.2168	0.2359	0.2524	0.2650	0.2729	
0.1481	0.1459	0.1392	0.1286	0.1148	0.0987	0.0814	0.0642	0.0481	0.0343	0.0237	0.0170	0.0147	0.0170	0.0237	0.0343	0.0481	0.0642	0.0814	0.0987	0.1148	0.1286	0.1392	0.1459	
0.0151	0.0134	0.0086	0.0009	-0.0092	-0.0208	-0.0334	-0.0459	-0.0576	-0.0676	-0.0753	-0.0802	-0.0818	-0.0802	-0.0753	-0.0676	-0.0576	-0.0459	-0.0334	-0.0208	-0.0092	0.0009	0.0086	0.0134	
-0.1482	-0.1482	-0.1482	-0.1482	-0.1482	-0.1482	-0.1482	-0.1482	-0.1482	-0.1482	-0.1482	-0.1482	-0.1482	-0.1482	-0.1482	-0.1482	-0.1482	-0.1482	-0.1482	-0.1482	-0.1482	-0.1482	-0.1482	-0.1482	
2.1297	2.1297	2.1297	2.1297	2.1297	2.1297	2.1297	2.1297	2.1297	2.1297	2.1297	2.1297	2.1297	2.1297	2.1297	2.1297	2.1297	2.1297	2.1297	2.1297	2.1297	2.1297	2.1297	2.1297	
2.0744	2.0724	2.0667	2.0575	2.0455	2.0316	2.0167	2.0018	1.9879	1.9759	1.9668	1.9610	1.9590	1.9610	1.9668	1.9759	1.9879	2.0018	2.0167	2.0316	2.0455	2.0575	2.0667	2.0724	
1.9831	1.9804	1.9725	1.9599	1.9434	1.9243	1.9037	1.8832	1.8641	1.8476	1.8350	1.8271	1.8244	1.8271	1.8350	1.8476	1.8641	1.8832	1.9037	1.9243	1.9434	1.9599	1.9725	1.9804	
1.8853	1.8820	1.8726	1.8576	1.8380	1.8152	1.7908	1.7663	1.7435	1.7240	1.7090	1.6995	1.6963	1.6995	1.7090	1.7240	1.7435	1.7663	1.7908	1.8152	1.8380	1.8576	1.8726	1.8820	
1.7836	1.7800	1.7695	1.7526	1.7307	1.7052	1.6778	1.6504	1.6249	1.6030	1.5861	1.5756	1.5720	1.5756	1.5861	1.6030	1.6249	1.6504	1.6778	1.7052	1.7307	1.7526	1.7695	1.7800	
1.6794	1.6755	1.6641	1.6459	1.6221	1.5945	1.5648	1.5352	1.5076	1.4838	1.4656	1.4542	1.4503	1.4542	1.4656	1.4838	1.5076	1.5352	1.5648	1.5945	1.6221	1.6459	1.6641	1.6755	
1.5731	1.5690	1.5569	1.5376	1.5125	1.4833	1.4519	1.4205	1.3912	1.3661	1.3469	1.3347	1.3306	1.3347	1.3469	1.3661	1.3912	1.4205	1.4519	1.4833	1.5125	1.5376	1.5569	1.5690	
1.4651	1.4608	1.4482	1.4281	1.4020	1.3716	1.3389	1.3062	1.2758	1.2497	1.2296	1.2170	1.2127	1.2170	1.2296	1.2497	1.2758	1.3062	1.3389	1.3716	1.4020	1.4281	1.4482	1.4608	
1.3556	1.3511	1.3382	1.3176	1.2907	1.2595	1.2259	1.1924	1.1611	1.1343	1.1137	1.1007	1.0963	1.1007	1.1137	1.1343	1.1611	1.1924	1.2259	1.2595	1.2907	1.3176	1.3382	1.3511	
1.2446	1.2401	1.2270	1.2060	1.1788	1.1470	1.1130	1.0789	1.0471	1.0199	0.9990	0.9858	0.9813	0.9858	0.9990	1.0199	1.0471	1.0789	1.1130	1.1470	1.1788	1.2060	1.2270	1.2401	
1.1323	1.1278	1.1146	1.0935	1.0661	1.0342	1.0000	0.9658	0.9339	0.9065	0.8854	0.8722	0.8677	0.8722	0.8854	0.9065	0.9339	0.9658	1.0000	1.0342	1.0661	1.0935	1.1146	1.1278	
1.0187	1.0142	1.0010	0.9801	0.9529	0.9211	0.8870	0.8530	0.8212	0.7940	0.7730	0.7599	0.7554	0.7599	0.7730	0.7940	0.8212	0.8530	0.8870	0.9211	0.9529	0.9801	1.0010	1.0142	
0.9037	0.8993	0.8863	0.8657	0.8389	0.8076	0.7741	0.7405	0.7093	0.6824	0.6618	0.6489	0.6444	0.6489	0.6618	0.6824	0.7093	0.7405	0.7741	0.8076	0.8389	0.8657	0.8863	0.8993	
0.7873	0.7830	0.7704	0.7503	0.7242	0.6938	0.6611	0.6284	0.5980	0.5719	0.5518	0.5392	0.5349	0.5392	0.5518	0.5719	0.5980	0.6284	0.6611	0.6938	0.7242	0.7503	0.7704	0.7830	
0.6694	0.6653	0.6531	0.6339	0.6088	0.5795	0.5481	0.5167	0.4875	0.4624	0.4431	0.4310	0.4269	0.4310	0.4431	0.4624	0.4875	0.5167	0.5481	0.5795	0.6088	0.6339	0.6531	0.6653	
0.5497	0.5458	0.5344	0.5162	0.4924	0.4648	0.4352	0.4055	0.3779	0.3541	0.3359	0.3245	0.3206	0.3245	0.3359	0.3541	0.3779	0.4055	0.4352	0.4648	0.4924	0.5162	0.5344	0.5458	
0.4280	0.4244	0.4139	0.3970	0.3751	0.3496	0.3222	0.2948	0.2693	0.2474	0.2305	0.2200	0.2164	0.2200	0.2305	0.2474	0.2693	0.2948	0.3222	0.3496	0.3751	0.3970	0.4139	0.4244	
0.3037	0.3005	0.2910	0.2760	0.2565	0.2337	0.2092	0.1848	0.1620	0.1424	0.1274	0.1180	0.1147	0.1180	0.1274	0.1424	0.1620	0.1848	0.2092	0.2337	0.2565	0.2760	0.2910	0.3005	
0.1756	0.1729	0.1650	0.1524	0.1359	0.1168	0.0963	0.0757	0.0566	0.0401	0.0275	0.0196	0.0169	0.0196	0.0275	0.0401	0.0566	0.0757	0.0963	0.1168	0.1359	0.1524	0.1650	0.1729	
0.0410	0.0390	0.0332	0.0241	0.0121	-0.0018	-0.0167	-0.0316	-0.0455	-0.0575	-0.0667	-0.0724	-0.0744	-0.0724	-0.0667	-0.0575	-0.0455	-0.0316	-0.0167	-0.0018	0.0121	0.0241	0.0332	0.0390	
-0.1297	-0.1297	-0.1297	-0.1297	-0.1297	-0.1297	-0.1297	-0.1297	-0.1297	-0.1297	-0.1297	-0.1297	-0.1297	-0.1297	-0.1297	-0.1297	-0.1297	-0.1297	-0.1297	-0.1297	-0.1297	-0.1297	-0.1297	-0.1297	
2.1112	2.1112	2.1112	2.1112	2.1112	2.1112	2.1112	2.1112	2.1112	2.1112	2.1112	2.1112	2.1112	2.1112	2.1112	2.1112	2.1112	2.1112	2.1112	2.1112	2.1112	2.1112	2.1112	2.1112	
2.0646	2.0624	2.0560	2.0457	2.0323	2.0168	2.0000	1.9833	1.9677	1.9544	1.9441	1.9376	1.9354	1.9376	1.9441	1.9544	1.9677	1.9833	2.0000	2.0168	2.0323	2.0457	2.0560	2.0624	
1.9778	1.9748	1.9659	1.9518	1.9334	1.9119	1.8889	1.8659	1.8445	1.8260	1.8119	1.8030	1.8000	1.8030	1.8119	1.8260	1.8445	1.8659	1.8889	1.9119	1.9334	1.9518	1.9659	1.9748	
1.8836	1.8800	1.8695	1.8526	1.8307	1.8052	1.7778	1.7504	1.7249	1.7030	1.6861	1.6756	1.6720	1.6756	1.6861	1.7030	1.7249	1.7504	1.7778	1.8052	1.8307	1.8526	1.8695	1.8800	
1.7853	1.7812	1.7694	1.7505	1.7260	1.6974	1.6667	1.6360	1.6074	1.5829	1.5640	1.5522	1.5481	1.5522	1.5640	1.5829	1.6074	1.6360	1.6667	1.6974	1.7260	1.7505	1.7694	1.7812	
1.6839	1.6796	1.6667	1.6463	1.6198	1.5888	1.5556	1.5224	1.4914	1.4648	1.4444	1.4316	1.4272	1.4316	1.4444	1.4648	1.4914	1.5224	1.5556	1.5888	1.6198	1.6463	1.6667	1.6796	
1.5803	1.5757	1.5621	1.5405	1.5124	1.4796	1.4445	1.4093	1.3765	1.3484	1.3268	1.3133	1.3086	1.3133	1.3268	1.3484	1.3765	1.4093	1.4445	1.4796	1.5124	1.5405	1.5621	1.5757	
1.4747	1.4699	1.4558	1.4333	1.4040	1.3699	1.3333	1.2968	1.2627	1.2334	1.2109	1.1968	1.1920	1.1968	1.2109	1.2334	1.2627	1.2968	1.3333	1.3699	1.4040	1.4333	1.4558	1.4699	
1.3674	1.3625	1.3480	1.3249	1.2948	1.2598	1.2222	1.1846	1.1496	1.1196	1.0965	1.0820	1.0770	1.0820	1.0965	1.1196	1.1496	1.1846	1.2222	1.2598	1.2948	1.3249	1.3480	1.3625	
1.2586	1.2536	1.2388	1.2154	1.1848	1.1493	1.1111	1.0729	1.0374	1.0068	0.9834	0.9687	0.9637	0.9687	0.9834	1.0068	1.0374	1.0729	1.1111	1.1493	1.1848	1.2154	1.2388	1.2536	
1.1482	1.1432	1.1283	1.1048	1.0741	1.0384	1.0000	0.9616	0.9259	0.8952	0.8717	0.8568	0.8518	0.8568	0.8717	0.8952	0.9259	0.9616	1.0000	1.0384	1.0741	1.1048	1.1283	1.1432	
1.0363	1.0313	1.0166	0.9932	0.9626	0.9271	0.8889	0.8507	0.8152	0.7846	0.7612	0.7464	0.7414	0.7464	0.7612	0.7846	0.8152	0.8507	0.8889	0.9271	0.9626	0.9932	1.0166	1.0313	
0.9230	0.9180	0.9035	0.8804	0.8504	0.8154	0.7778	0.7402	0.7052	0.6751	0.6520	0.6375	0.6326	0.6375	0.6520	0.6751	0.7052	0.7402	0.7778	0.8154	0.8504	0.8804	0.9035	0.9180	
0.8080	0.8032	0.7891	0.7666	0.7373	0.7032	0.6667	0.6301	0.5960	0.5667	0.5442	0.5301	0.5253	0.5301	0.5442	0.5667	0.5960	0.6301	0.6667	0.7032	0.7373	0.7666	0.7891	0.8032	
0.6914	0.6867	0.6732	0.6516	0.6235	0.5907	0.5555	0.5204	0.4876	0.4595	0.4379	0.4243	0.4197	0.4243	0.4379	0.4595	0.4876	0.5204	0.5555	0.5907	0.6235	0.6516	0.6732	0.6867	
0.5728	0.5684	0.5556	0.5352	0.5086	0.4776	0.4444	0.4112	0.3802	0.3537	0.3333	0.3204	0.3161	0.3204	0.3333	0.3537	0.3802	0.4112	0.4444	0.4776	0.5086	0.5352	0.5556	0.5684	
0.4519	0.4478	0.4360	0.4171	0.3926	0.3640	0.3333	0.3026	0.2740	0.2495	0.2306	0.2188	0.2147	0.2188	0.2306	0.2495	0.2740	0.3026	0.3333	0.3640	0.3926	0.4171	0.4360	0.4478	
0.3280	0.3244	0.3139	0.2970	0.2751	0.2496	0.2222	0.1948	0.1693	0.1474	0.1305	0.1200	0.1164	0.1200	0.1305	0.1474	0.1693	0.1948	0.2222	0.2496	0.2751	0.2970	0.3139	0.3244	
0.2000	0.1970	0.1881	0.1740	0.1555	0.1341	0.1111	0.0881	0.0666	0.0482	0.0341	0.0252	0.0222	0.0252	0.0341	0.0482	0.0666	0.0881	0.1111	0.1341	0.1555	0.1740	0.1881	0.1970	
0.0646	0.0624	0.0559	0.0456	0.0323	0.0167	0.0000	-0.0168	-0.0323	-0.0457	-0.0560	-0.0624	-0.0646	-0.0624	-0.0560	-0.0457	-0.0323	-0.0168	0.0000	0.0167	0.0323	0.0456	0.0559	0.0624	
-0.1112	-0.1112	-0.1112	-0.1112	-0.1112	-0.1112	-0.1112	-0.1112	-0.1112	-0.1112	-0.1112	-0.1112	-0.1112	-0.1112	-0.1112	-0.1112	-0.1112	-0.1112	-0.1112	-0.1112	-0.1112	-0.1112	-0.1112	-0.1112	
2.0926	2.0926	2.0926	2.0926	2.0926	2.0926	2.0926	2.0926	2.0926	2.0926	2.0926	2.0926	2.0926	2.0926	2.0926	2.0926	2.0926	2.0926	2.0926	2.0926	2.0926	2.0926	2.0926	2.0926	
2.0533	2.0509	2.0439	2.0328	2.0183	2.0015	1.9834	1.9653	1.9484	1.9339	1.9228	1.9158	1.9134	1.9158	1.9228	1.9339	1.9484	1.9653	1.9834	2.0015	2.0183	2.0328	2.0439	2.0509	
1.9704	1.9671	1.9575	1.9422	1.9222	1.8990	1.8741	1.8492	1.8260	1.8060	1.7907	1.7811	1.7778	1.7811	1.7907	1.8060	1.8260	1.8492	1.8741	1.8990	1.9222	1.9422	1.9575	1.9671	
1.8794	1.8755	1.8641	1.8459	1.8221	1.7945	1.7648	1.7352	1.7076	1.6838	1.6656	1.6542	1.6503	1.6542	1.6656	1.6838	1.7076	1.7352	1.7648	1.7945	1.8221	1.8459	1.8641	1.8755	
1.7839	1.7796	1.7667	1.7463	1.7198	1.6888	1.6556	1.6224	1.5914	1.5648	1.5444	1.5316	1.5272	1.5316	1.5444	1.5648	1.5914	1.6224	1.6556	1.6888	1.7198	1.7463	1.7667	1.7796	
1.6853	1.6805	1.6666	1.6446	1.6158	1.5823	1.5463	1.5104	1.4768	1.4481	1.4260	1.4121	1.4074	1.4121	1.4260	1.4481	1.4768	1.5104	1.5463	1.5823	1.6158	1.6446	1.6666	1.6805	
1.5841	1.5791	1.5644	1.5410	1.5106	1.4751	1.4371	1.3990	1.3635	1.3331	1.3097	1.2950	1.2900	1.2950	1.3097	1.3331	1.3635	1.3990	1.4371	1.4751	1.5106	1.5410	1.5644	1.5791	
1.4808	1.4756	1.4603	1.4360	1.4043	1.3674	1.3278	1.2882	1.2513	1.2196	1.1952	1.1800	1.1747	1.1800	1.1952	1.2196	1.2513	1.2882	1.3278	1.3674	1.4043	1.4360	1.4603	1.4756	
1.3757	1.3704	1.3547	1.3297	1.2971	1.2592	1.2185	1.1778	1.1399	1.1074	1.0824	1.0667	1.0613	1.0667	1.0824	1.1074	1.1399	1.1778	1.2185	1.2592	1.2971	1.3297	1.3547	1.3704	
1.2689	1.2635	1.2475	1.2221	1.1891	1.1506	1.1093	1.0679	1.0294	0.9964	0.9710	0.9551	0.9496	0.9551	0.9710	0.9964	1.0294	1.0679	1.1093	1.1506	1.1891	1.2221	1.2475	1.2635	
1.1604	1.1550	1.1389	1.1134	1.0802	1.0415	1.0000	0.9585	0.9198	0.8866	0.8611	0.8450	0.8396	0.8450	0.8611	0.8866	0.9198	0.9585	1.0000	1.0415	1.0802	1.1134	1.1389	1.1550	
1.0504	1.0449	1.0290	1.0036	0.9706	0.9321	0.8907	0.8494	0.8109	0.7779	0.7525	0.7365	0.7311	0.7365	0.7525	0.7779	0.8109	0.8494	0.8907	0.9321	0.9706	1.0036	1.0290	1.0449	
0.9387	0.9333	0.9176	0.8926	0.8601	0.8222	0.7815	0.7408	0.7029	0.6703	0.6453	0.6296	0.6243	0.6296	0.6453	0.6703	0.7029	0.7408	0.7815	0.8222	0.8601	0.8926	0.9176	0.9333	
0.8253	0.8200	0.8048	0.7804	0.7487	0.7118	0.6722	0.6326	0.5957	0.5640	0.5397	0.5244	0.5192	0.5244	0.5397	0.5640	0.5957	0.6326	0.6722	0.7118	0.7487	0.7804	0.8048	0.8200	
0.7100	0.7050	0.6903	0.6669	0.6365	0.6010	0.5629	0.5249	0.4894	0.4590	0.4356	0.4209	0.4159	0.4209	0.4356	0.4590	0.4894	0.5249	0.5629	0.6010	0.6365	0.6669	0.6903	0.7050	
0.5926	0.5879	0.5740	0.5519	0.5232	0.4896	0.4537	0.4177	0.3842	0.3554	0.3334	0.3195	0.3147	0.3195	0.3334	0.3554	0.3842	0.4177	0.4537	0.4896	0.5232	0.5519	0.5740	0.5879	
0.4728	0.4684	0.4556	0.4352	0.4086	0.3776	0.3444	0.3112	0.2802	0.2537	0.2333	0.2204	0.2161	0.2204	0.2333	0.2537	0.2802	0.3112	0.3444	0.3776	0.4086	0.4352	0.4556	0.4684	
0.3497	0.3458	0.3344	0.3162	0.2924	0.2648	0.2352	0.2055	0.1779	0.1541	0.1359	0.1245	0.1206	0.1245	0.1359	0.1541	0.1779	0.2055	0.2352	0.2648	0.2924	0.3162	0.3344	0.3458	
0.2222	0.2189	0.2093	0.1940	0.1740	0.1508	0.1259	0.1010	0.0778	0.0578	0.0425	0.0329	0.0296	0.0329	0.0425	0.0578	0.0778	0.1010	0.1259	0.1508	0.1740	0.1940	0.2093	0.2189	
0.0866	0.0842	0.0772	0.0661	0.0516	0.0347	0.0166	-0.0015	-0.0183	-0.0328	-0.0439	-0.0509	-0.0533	-0.0509	-0.0439	-0.0328	-0.0183	-0.0015	0.0166	0.0347	0.0516	0.0661	0.0772	0.0842	
-0.0926	-0.0926	-0.0926	-0.0926	-0.0926	-0.0926	-0.0926	-0.0926	-0.0926	-0.0926	-0.0926	-0.0926	-0.0926	-0.0926	-0.0926	-0.0926	-0.0926	-0.0926	-0.0926	-0.0926	-0.0926	-0.0926	-0.0926	-0.0926	
2.0741	2.0741	2.0741	2.0741	2.0741	2.0741	2.0741	2.0741	2.0741	2.0741	2.0741	2.0741	2.0741	2.0741	2.0741	2.0741	2.0741	2.0741	2.0741	2.0741	2.0741	2.0741	2.0741	2.0741	
2.0407	2.0382	2.0308	2.0190	2.0037	1.9858	1.9667	1.9475	1.9297	1.9144	1.9026	1.8952	1.8927	1.8952	1.9026	1.9144	1.9297	1.9475	1.9667	1.9858	2.0037	2.0190	2.0308	2.0382	
1.9612	1.9577	1.9475	1.9313	1.9102	1.8856	1.8593	1.8329	1.8083	1.7872	1.7711	1.7609	1.7574	1.7609	1.7711	1.7872	1.8083	1.8329	1.8593	1.8856	1.9102	1.9313	1.9475	1.9577	
1.8731	1.8690	1.8569	1.8376	1.8125	1.7833	1.7519	1.7205	1.6912	1.6661	1.6469	1.6347	1.6306	1.6347	1.6469	1.6661	1.6912	1.7205	1.7519	1.7833	1.8125	1.8376	1.8569	1.8690	
1.7803	1.7757	1.7621	1.7405	1.7124	1.6796	1.6445	1.6093	1.5765	1.5484	1.5268	1.5133	1.5086	1.5133	1.5268	1.5484	1.5765	1.6093	1.6445	1.6796	1.7124	1.7405	1.7621	1.7757	
1.6841	1.6791	1.6644	1.6410	1.6106	1.5751	1.5371	1.4990	1.4635	1.4331	1.4097	1.3950	1.3900	1.3950	1.4097	1.4331	1.4635	1.4990	1.5371	1.5751	1.6106	1.6410	1.6644	1.6791	
1.5853	1.5800	1.5644	1.5397	1.5074	1.4699	1.4296	1.3894	1.3518	1.3196	1.2949	1.2793	1.2740	1.2793	1.2949	1.3196	1.3518	1.3894	1.4296	1.4699	1.5074	1.5397	1.5644	1.5800	
1.4842	1.4787	1.4625	1.4368	1.4032	1.3642	1.3222	1.2803	1.2412	1.2077	1.1820	1.1658	1.1603	1.1658	1.1820	1.2077	1.2412	1.2803	1.3222	1.3642	1.4032	1.4368	1.4625	1.4787	
1.3812	1.3755	1.3589	1.3325	1.2980	1.2579	1.2148	1.1718	1.1316	1.0972	1.0707	1.0541	1.0485	1.0541	1.0707	1.0972	1.1316	1.1718	1.2148	1.2579	1.2980	1.3325	1.3589	1.3755	
1.2763	1.2706	1.2537	1.2269	1.1919	1.1511	1.1074	1.0637	1.0229	0.9880	0.9611	0.9442	0.9385	0.9442	0.9611	0.9880	1.0229	1.0637	1.1074	1.1511	1.1919	1.2269	1.2537	1.2706	
1.1698	1.1640	1.1470	1.1201	1.0849	1.0439	1.0000	0.9561	0.9151	0.8799	0.8530	0.8360	0.8302	0.8360	0.8530	0.8799	0.9151	0.9561	1.0000	1.0439	1.0849	1.1201	1.1470	1.1640	
1.0615	1.0558	1.0389	1.0120	0.9771	0.9363	0.8926	0.8489	0.8081	0.7731	0.7463	0.7294	0.7237	0.7294	0.7463	0.7731	0.8081	0.8489	0.8926	0.9363	0.9771	1.0120	1.0389	1.0558	
0.9515	0.9459	0.9293	0.9028	0.8684	0.8282	0.7852	0.7421	0.7020	0.6675	0.6411	0.6245	0.6188	0.6245	0.6411	0.6675	0.7020	0.7421	0.7852	0.8282	0.8684	0.9028	0.9293	0.9459	
0.8397	0.8342	0.8180	0.7923	0.7588	0.7197	0.6778	0.6358	0.5968	0.5632	0.5375	0.5213	0.5158	0.5213	0.5375	0.5632	0.5968	0.6358	0.6778	0.7197	0.7588	0.7923	0.8180	0.8342	
0.7260	0.7207	0.7051	0.6804	0.6482	0.6106	0.5704	0.5301	0.4926	0.4603	0.4356	0.4200	0.4147	0.4200	0.4356	0.4603	0.4926	0.5301	0.5704	0.6106	0.6482	0.6804	0.7051	0.7207	
0.6100	0.6050	0.5903	0.5669	0.5365	0.5010	0.4629	0.4249	0.3894	0.3590	0.3356	0.3209	0.3159	0.3209	0.3356	0.3590	0.3894	0.4249	0.4629	0.5010	0.5365	0.5669	0.5903	0.6050	
0.4914	0.4867	0.4732	0.4516	0.4235	0.3907	0.3555	0.3204	0.2876	0.2595	0.2379	0.2243	0.2197	0.2243	0.2379	0.2595	0.2876	0.3204	0.3555	0.3907	0.4235	0.4516	0.4732	0.4867	
0.3694	0.3653	0.3531	0.3339	0.3088	0.2795	0.2481	0.2167	0.1875	0.1624	0.1431	0.1310	0.1269	0.1310	0.1431	0.1624	0.1875	0.2167	0.2481	0.2795	0.3088	0.3339	0.3531	0.3653	
0.2426	0.2391	0.2289	0.2128	0.1917	0.1671	0.1407	0.1144	0.0898	0.0687	0.0525	0.0423	0.0388	0.0423	0.0525	0.0687	0.0898	0.1144	0.1407	0.1671	0.1917	0.2128	0.2289	0.2391	
0.1073	0.1048	0.0974	0.0856	0.0703	0.0525	0.0333	0.0142	-0.0037	-0.0190	-0.0308	-0.0382	-0.0407	-0.0382	-0.0308	-0.0190	-0.0037	0.0142	0.0333	0.0525	0.0703	0.0856	0.0974	0.1048	
-0.0741	-0.0741	-0.0741	-0.0741	-0.0741	-0.0741	-0.0741	-0.0741	-0.0741	-0.0741	-0.0741	-0.0741	-0.0741	-0.0741	-0.0741	-0.0741	-0.0741	-0.0741	-0.0741	-0.0741	-0.0741	-0.0741	-0.0741	-0.0741	
2.0556	2.0556	2.0556	2.0556	2.0556	2.0556	2.0556	2.0556	2.0556	2.0556	2.0556	2.0556	2.0556	2.0556	2.0556	2.0556	2.0556	2.0556	2.0556	2.0556	2.0556	2.0556	2.0556	2.0556	
2.0271	2.0244	2.0167	2.0045	1.9885	1.9700	1.9500	1.9301	1.9115	1.8955	1.8833	1.8756	1.8730	1.8756	1.8833	1.8955	1.9115	1.9301	1.9500	1.9700	1.9885	2.0045	2.0167	2.0244	
1.9505	1.9469	1.9363	1.9194	1.8975	1.8719	1.8445	1.8170	1.7914	1.7695	1.7526	1.7420	1.7384	1.7420	1.7526	1.7695	1.7914	1.8170	1.8445	1.8719	1.8975	1.9194	1.9363	1.9469	
1.8651	1.8608	1.8482	1.8281	1.8020	1.7716	1.7389	1.7062	1.6758	1.6497	1.6296	1.6170	1.6127	1.6170	1.6296	1.6497	1.6758	1.7062	1.7389	1.7716	1.8020	1.8281	1.8482	1.8608	
1.7747	1.7699	1.7558	1.7333	1.7040	1.6699	1.6333	1.5968	1.5627	1.5334	1.5109	1.4968	1.4920	1.4968	1.5109	1.5334	1.5627	1.5968	1.6333	1.6699	1.7040	1.7333	1.7558	1.7699	
1.6808	1.6756	1.6603	1.6360	1.6043	1.5674	1.5278	1.4882	1.4513	1.4196	1.3952	1.3800	1.3747	1.3800	1.3952	1.4196	1.4513	1.4882	1.5278	1.5674	1.6043	1.6360	1.6603	1.6756	
1.5842	1.5787	1.5625	1.5368	1.5032	1.4642	1.4222	1.3803	1.3412	1.3077	1.2820	1.2658	1.2603	1.2658	1.2820	1.3077	1.3412	1.3803	1.4222	1.4642	1.5032	1.5368	1.5625	1.5787	
1.4853	1.4795	1.4627	1.4359	1.4010	1.3603	1.3167	1.2730	1.2324	1.1975	1.1707	1.1538	1.1481	1.1538	1.1707	1.1975	1.2324	1.2730	1.3167	1.3603	1.4010	1.4359	1.4627	1.4795	
1.3843	1.3784	1.3611	1.3336	1.2977	1.2559	1.2111	1.1663	1.1245	1.0887	1.0612	1.0439	1.0380	1.0439	1.0612	1.0887	1.1245	1.1663	1.2111	1.2559	1.2977	1.3336	1.3611	1.3784	
1.2814	1.2754	1.2578	1.2299	1.1935	1.1511	1.1056	1.0600	1.0176	0.9812	0.9533	0.9357	0.9297	0.9357	0.9533	0.9812	1.0176	1.0600	1.1056	1.1511	1.1935	1.2299	1.2578	1.2754	
1.1767	1.1707	1.1530	1.1250	1.0884	1.0457	1.0000	0.9543	0.9116	0.8750	0.8470	0.8293	0.8233	0.8293	0.8470	0.8750	0.9116	0.9543	1.0000	1.0457	1.0884	1.1250	1.1530	1.1707	
1.0703	1.0643	1.0467	1.0188	0.9824	0.9400	0.8944	0.8489	0.8065	0.7701	0.7422	0.7246	0.7186	0.7246	0.7422	0.7701	0.8065	0.8489	0.8944	0.9400	0.9824	1.0188	1.0467	1.0643	
0.9620	0.9561	0.9388	0.9113	0.8755	0.8337	0.7889	0.7441	0.7023	0.6664	0.6389	0.6216	0.6157	0.6216	0.6389	0.6664	0.7023	0.7441	0.7889	0.8337	0.8755	0.9113	0.9388	0.9561	
0.8519	0.8462	0.8293	0.8025	0.7676	0.7270	0.6833	0.6397	0.5990	0.5641	0.5373	0.5205	0.5147	0.5205	0.5373	0.5641	0.5990	0.6397	0.6833	0.7270	0.7676	0.8025	0.8293	0.8462	
0.7397	0.7342	0.7180	0.6923	0.6588	0.6197	0.5778	0.5358	0.4968	0.4632	0.4375	0.4213	0.4158	0.4213	0.4375	0.4632	0.4968	0.5358	0.5778	0.6197	0.6588	0.6923	0.7180	0.7342	
0.6253	0.6200	0.6048	0.5804	0.5487	0.5118	0.4722	0.4326	0.3957	0.3640	0.3397	0.3244	0.3192	0.3244	0.3397	0.3640	0.3957	0.4326	0.4722	0.5118	0.5487	0.5804	0.6048	0.6200	
0.5080	0.5032	0.4891	0.4666	0.4373	0.4032	0.3667	0.3301	0.2960	0.2667	0.2442	0.2301	0.2253	0.2301	0.2442	0.2667	0.2960	0.3301	0.3667	0.4032	0.4373	0.4666	0.4891	0.5032	
0.3873	0.3830	0.3704	0.3503	0.3242	0.2938	0.2611	0.2284	0.1980	0.1719	0.1518	0.1392	0.1349	0.1392	0.1518	0.1719	0.1980	0.2284	0.2611	0.2938	0.3242	0.3503	0.3704	0.3830	
0.2616	0.2580	0.2474	0.2305	0.2086	0.1830	0.1555	0.1281	0.1025	0.0806	0.0637	0.0531	0.0495	0.0531	0.0637	0.0806	0.1025	0.1281	0.1555	0.1830	0.2086	0.2305	0.2474	0.2580	
0.1270	0.1244	0.1167	0.1045	0.0885	0.0699	0.0500	0.0300	0.0115	-0.0045	-0.0167	-0.0244	-0.0271	-0.0244	-0.0167	-0.0045	0.0115	0.0300	0.0500	0.0699	0.0885	0.1045	0.1167	0.1244	
-0.0556	-0.0556	-0.0556	-0.0556	-0.0556	-0.0556	-0.0556	-0.0556	-0.0556	-0.0556	-0.0556	-0.0556	-0.0556	-0.0556	-0.0556	-0.0556	-0.0556	-0.0556	-0.0556	-0.0556	-0.0556	-0.0556	-0.0556	-0.0556	
2.0371	2.0371	2.0371	2.0371	2.0371	2.0371	2.0371	2.0371	2.0371	2.0371	2.0371	2.0371	2.0371	2.0371	2.0371	2.0371	2.0371	2.0371	2.0371	2.0371	2.0371	2.0371	2.0371	2.0371	
2.0125	2.0098	2.0019	1.9893	1.9729	1.9538	1.9333	1.9129	1.8938	1.8774	1.8648	1.8569	1.8542	1.8569	1.8648	1.8774	1.8938	1.9129	1.9333	1.9538	1.9729	1.9893	2.0019	2.0098	
1.9385	1.9348	1.9240	1.9067	1.8841	1.8578	1.8296	1.8015	1.7752	1.7526	1.7353	1.7244	1.7207	1.7244	1.7353	1.7526	1.7752	1.8015	1.8296	1.8578	1.8841	1.9067	1.9240	1.9348	
1.8556	1.8511	1.8382	1.8176	1.7907	1.7595	1.7259	1.6924	1.6611	1.6343	1.6137	1.6007	1.5963	1.6007	1.6137	1.6343	1.6611	1.6924	1.7259	1.7595	1.7907	1.8176	1.8382	1.8511	
1.7674	1.7625	1.7480	1.7249	1.6948	1.6598	1.6222	1.5846	1.5496	1.5196	1.4965	1.4820	1.4770	1.4820	1.4965	1.5196	1.5496	1.5846	1.6222	1.6598	1.6948	1.7249	1.7480	1.7625	
1.6757	1.6704	1.6547	1.6297	1.5971	1.5592	1.5185	1.4778	1.4399	1.4074	1.3824	1.3667	1.3613	1.3667	1.3824	1.4074	1.4399	1.4778	1.5185	1.5592	1.5971	1.6297	1.6547	1.6704	
1.5812	1.5755	1.5589	1.5325	1.4980	1.4579	1.4148	1.3718	1.3316	1.2972	1.2707	1.2541	1.2485	1.2541	1.2707	1.2972	1.3316	1.3718	1.4148	1.4579	1.4980	1.5325	1.5589	1.5755	
1.4843	1.4784	1.4611	1.4336	1.3977	1.3559	1.3111	1.2663	1.2245	1.1887	1.1612	1.1439	1.1380	1.1439	1.1612	1.1887	1.2245	1.2663	1.3111	1.3559	1.3977	1.4336	1.4611	1.4784	
1.3853	1.3792	1.3614	1.3332	1.2963	1.2534	1.2074	1.1614	1.1185	1.0817	1.0534	1.0356	1.0296	1.0356	1.0534	1.0817	1.1185	1.1614	1.2074	1.2534	1.2963	1.3332	1.3614	1.3792	
1.2843	1.2782	1.2601	1.2314	1.1940	1.1504	1.1037	1.0570	1.0134	0.9760	0.9473	0.9293	0.9231	0.9293	0.9473	0.9760	1.0134	1.0570	1.1037	1.1504	1.1940	1.2314	1.2601	1.2782	
1.1815	1.1753	1.1572	1.1283	1.0908	1.0470	1.0000	0.9530	0.9092	0.8717	0.8428	0.8247	0.8185	0.8247	0.8428	0.8717	0.9092	0.9530	1.0000	1.0470	1.0908	1.1283	1.1572	1.1753	
1.0769	1.0707	1.0527	1.0240	0.9866	0.9430	0.8963	0.8496	0.8060	0.7686	0.7399	0.7218	0.7157	0.7218	0.7399	0.7686	0.8060	0.8496	0.8963	0.9430	0.9866	1.0240	1.0527	1.0707	
0.9704	0.9644	0.9466	0.9183	0.8815	0.8386	0.7926	0.7466	0.7037	0.6668	0.6386	0.6208	0.6147	0.6208	0.6386	0.6668	0.7037	0.7466	0.7926	0.8386	0.8815	0.9183	0.9466	0.9644	
0.8620	0.8561	0.8388	0.8113	0.7755	0.7337	0.6889	0.6441	0.6023	0.5664	0.5389	0.5216	0.5157	0.5216	0.5389	0.5664	0.6023	0.6441	0.6889	0.7337	0.7755	0.8113	0.8388	0.8561	
0.7515	0.7459	0.7293	0.7028	0.6684	0.6282	0.5852	0.5421	0.5020	0.4675	0.4411	0.4245	0.4188	0.4245	0.4411	0.4675	0.5020	0.5421	0.5852	0.6282	0.6684	0.7028	0.7293	0.7459	
0.6387	0.6333	0.6176	0.5926	0.5601	0.5222	0.4815	0.4408	0.4029	0.3703	0.3453	0.3296	0.3243	0.3296	0.3453	0.3703	0.4029	0.4408	0.4815	0.5222	0.5601	0.5926	0.6176	0.6333	
0.5230	0.5180	0.5035	0.4804	0.4504	0.4154	0.3778	0.3402	0.3052	0.2751	0.2520	0.2375	0.2326	0.2375	0.2520	0.2751	0.3052	0.3402	0.3778	0.4154	0.4504	0.4804	0.5035	0.5180	
0.4037	0.3993	0.3863	0.3657	0.3389	0.3076	0.2741	0.2405	0.2093	0.1824	0.1618	0.1489	0.1444	0.1489	0.1618	0.1824	0.2093	0.2405	0.2741	0.3076	0.3389	0.3657	0.3863	0.3993	
0.2793	0.2756	0.2647	0.2474	0.2248	0.1985	0.1704	0.1422	0.1159	0.0933	0.0760	0.0652	0.0615	0.0652	0.0760	0.0933	0.1159	0.1422	0.1704	0.1985	0.2248	0.2474	0.2647	0.2756	
0.1458	0.1431	0.1352	0.1226	0.1062	0.0871	0.0667	0.0462	0.0271	0.0107	-0.0019	-0.0098	-0.0125	-0.0098	-0.0019	0.0107	0.0271	0.0462	0.0667	0.0871	0.1062	0.1226	0.1352	0.1431	
-0.0371	-0.0371	-0.0371	-0.0371	-0.0371	-0.0371	-0.0371	-0.0371	-0.0371	-0.0371	-0.0371	-0.0371	-0.0371	-0.0371	-0.0371	-0.0371	-0.0371	-0.0371	-0.0371	-0.0371	-0.0371	-0.0371	-0.0371	-0.0371	
2.0185	2.0185	2.0185	2.0185	2.0185	2.0185	2.0185	2.0185	2.0185	2.0185	2.0185	2.0185	2.0185	2.0185	2.0185	2.0185	2.0185	2.0185	2.0185	2.0185	2.0185	2.0185	2.0185	2.0185	
1.9970	1.9943	1.9863	1.9735	1.9568	1.9375	1.9167	1.8959	1.8765	1.8599	1.8471	1.8391	1.8363	1.8391	1.8471	1.8599	1.8765	1.8959	1.9167	1.9375	1.9568	1.9735	1.9863	1.9943	
1.9254	1.9216	1.9106	1.8930	1.8701	1.8434	1.8148	1.7862	1.7595	1.7366	1.7190	1.7080	1.7042	1.7080	1.7190	1.7366	1.7595	1.7862	1.8148	1.8434	1.8701	1.8930	1.9106	1.9216	
1.8446	1.8401	1.8270	1.8060	1.7788	1.7470	1.7130	1.6789	1.6471	1.6199	1.5990	1.5858	1.5813	1.5858	1.5990	1.6199	1.6471	1.6789	1.7130	1.7470	1.7788	1.8060	1.8270	1.8401	
1.7586	1.7536	1.7388	1.7154	1.6848	1.6493	1.6111	1.5729	1.5374	1.5068	1.4834	1.4687	1.4637	1.4687	1.4834	1.5068	1.5374	1.5729	1.6111	1.6493	1.6848	1.7154	1.7388	1.7536	
1.6689	1.6635	1.6475	1.6221	1.5891	1.5506	1.5093	1.4679	1.4294	1.3964	1.3710	1.3551	1.3496	1.3551	1.3710	1.3964	1.4294	1.4679	1.5093	1.5506	1.5891	1.6221	1.6475	1.6635	
1.5763	1.5706	1.5537	1.5269	1.4919	1.4511	1.4074	1.3637	1.3229	1.2880	1.2611	1.2442	1.2385	1.2442	1.2611	1.2880	1.3229	1.3637	1.4074	1.4511	1.4919	1.5269	1.5537	1.5706	
1.4814	1.4754	1.4578	1.4299	1.3935	1.3511	1.3056	1.2600	1.2176	1.1812	1.1533	1.1357	1.1297	1.1357	1.1533	1.1812	1.2176	1.2600	1.3056	1.3511	1.3935	1.4299	1.4578	1.4754	
1.3843	1.3782	1.3601	1.3314	1.2940	1.2504	1.2037	1.1570	1.1134	1.0760	1.0473	1.0293	1.0231	1.0293	1.0473	1.0760	1.1134	1.1570	1.2037	1.2504	1.2940	1.3314	1.3601	1.3782	
1.2853	1.2790	1.2607	1.2315	1.1936	1.1493	1.1019	1.0544	1.0102	0.9722	0.9430	0.9247	0.9184	0.9247	0.9430	0.9722	1.0102	1.0544	1.1019	1.1493	1.1936	1.2315	1.2607	1.2790	
1.1843	1.1780	1.1596	1.1303	1.0922	1.0477	1.0000	0.9523	0.9078	0.8697	0.8404	0.8220	0.8157	0.8220	0.8404	0.8697	0.9078	0.9523	1.0000	1.0477	1.0922	1.1303	1.1596	1.1780	
1.0816	1.0753	1.0570	1.0278	0.9898	0.9456	0.8981	0.8507	0.8064	0.7685	0.7393	0.7210	0.7147	0.7210	0.7393	0.7685	0.8064	0.8507	0.8981	0.9456	0.9898	1.0278	1.0570	1.0753	
0.9769	0.9707	0.9527	0.9240	0.8866	0.8430	0.7963	0.7496	0.7060	0.6686	0.6399	0.6218	0.6157	0.6218	0.6399	0.6686	0.7060	0.7496	0.7963	0.8430	0.8866	0.9240	0.9527	0.9707	
0.8703	0.8643	0.8467	0.8188	0.7824	0.7400	0.6944	0.6489	0.6065	0.5701	0.5422	0.5246	0.5186	0.5246	0.5422	0.5701	0.6065	0.6489	0.6944	0.7400	0.7824	0.8188	0.8467	0.8643	
0.7615	0.7558	0.7389	0.7120	0.6771	0.6363	0.5926	0.5489	0.5081	0.4731	0.4463	0.4294	0.4237	0.4294	0.4463	0.4731	0.5081	0.5489	0.5926	0.6363	0.6771	0.7120	0.7389	0.7558	
0.6504	0.6449	0.6290	0.6036	0.5706	0.5321	0.4907	0.4494	0.4109	0.3779	0.3525	0.3365	0.3311	0.3365	0.3525	0.3779	0.4109	0.4494	0.4907	0.5321	0.5706	0.6036	0.6290	0.6449	
0.5363	0.5313	0.5166	0.4932	0.4626	0.4271	0.3889	0.3507	0.3152	0.2846	0.2612	0.2464	0.2414	0.2464	0.2612	0.2846	0.3152	0.3507	0.3889	0.4271	0.4626	0.4932	0.5166	0.5313	
0.4187	0.4142	0.4010	0.3801	0.3529	0.3211	0.2870	0.2530	0.2212	0.1940	0.1730	0.1599	0.1554	0.1599	0.1730	0.1940	0.2212	0.2530	0.2870	0.3211	0.3529	0.3801	0.4010	0.4142	
0.2958	0.2920	0.2810	0.2634	0.2405	0.2138	0.1852	0.1566	0.1299	0.1070	0.0894	0.0784	0.0746	0.0784	0.0894	0.1070	0.1299	0.1566	0.1852	0.2138	0.2405	0.2634	0.2810	0.2920	
0.1637	0.1609	0.1529	0.1401	0.1235	0.1041	0.0833	0.0625	0.0432	0.0265	0.0137	0.0057	0.0030	0.0057	0.0137	0.0265	0.0432	0.0625	0.0833	0.1041	0.1235	0.1401	0.1529	0.1609	
-0.0185	-0.0185	-0.0185	-0.0185	-0.0185	-0.0185	-0.0185	-0.0185	-0.0185	-0.0185	-0.0185	-0.0185	-0.0185	-0.0185	-0.0185	-0.0185	-0.0185	-0.0185	-0.0185	-0.0185	-0.0185	-0.0185	-0.0185	-0.0185	
2.0000	2.0000	2.0000	2.0000	2.0000	2.0000	2.0000	2.0000	2.0000	2.0000	2.0000	2.0000	2.0000	2.0000	2.0000	2.0000	2.0000	2.0000	2.0000	2.0000	2.0000	2.0000	2.0000	2.0000	
1.9808	1.9780	1.9699	1.9571	1.9404	1.9209	1.9000	1.8791	1.8596	1.8429	1.8301	1.8220	1.8192	1.8220	1.8301	1.8429	1.8596	1.8791	1.9000	1.9209	1.9404	1.9571	1.9699	1.9780	
1.9112	1.9074	1.8963	1.8786	1.8556	1.8288	1.8000	1.7712	1.7444	1.7214	1.7037	1.6926	1.6888	1.6926	1.7037	1.7214	1.7444	1.7712	1.8000	1.8288	1.8556	1.8786	1.8963	1.9074	
1.8323	1.8278	1.8146	1.7935	1.7661	1.7342	1.7000	1.6658	1.6339	1.6065	1.5854	1.5722	1.5677	1.5722	1.5854	1.6065	1.6339	1.6658	1.7000	1.7342	1.7661	1.7935	1.8146	1.8278	
1.7482	1.7432	1.7283	1.7048	1.6741	1.6384	1.6000	1.5616	1.5259	1.4952	1.4717	1.4568	1.4518	1.4568	1.4717	1.4952	1.5259	1.5616	1.6000	1.6384	1.6741	1.7048	1.7283	1.7432	
1.6604	1.6550	1.6389	1.6134	1.5802	1.5415	1.5000	1.4585	1.4198	1.3866	1.3611	1.3450	1.3396	1.3450	1.3611	1.3866	1.4198	1.4585	1.5000	1.5415	1.5802	1.6134	1.6389	1.6550	
1.5698	1.5640	1.5470	1.5201	1.4849	1.4439	1.4000	1.3561	1.3151	1.2799	1.2530	1.2360	1.2302	1.2360	1.2530	1.2799	1.3151	1.3561	1.4000	1.4439	1.4849	1.5201	1.5470	1.5640	
1.4767	1.4707	1.4530	1.4250	1.3884	1.3457	1.3000	1.2543	1.2116	1.1750	1.1470	1.1293	1.1233	1.1293	1.1470	1.1750	1.2116	1.2543	1.3000	1.3457	1.3884	1.4250	1.4530	1.4707	
1.3815	1.3753	1.3572	1.3283	1.2908	1.2470	1.2000	1.1530	1.1092	1.0717	1.0428	1.0247	1.0185	1.0247	1.0428	1.0717	1.1092	1.1530	1.2000	1.2470	1.2908	1.3283	1.3572	1.3753	
1.2843	1.2780	1.2596	1.2303	1.1922	1.1477	1.1000	1.0523	1.0078	0.9697	0.9404	0.9220	0.9157	0.9220	0.9404	0.9697	1.0078	1.0523	1.1000	1.1477	1.1922	1.2303	1.2596	1.2780	
1.1853	1.1789	1.1604	1.1310	1.0926	1.0479	1.0000	0.9521	0.9074	0.8690	0.8396	0.8211	0.8147	0.8211	0.8396	0.8690	0.9074	0.9521	1.0000	1.0479	1.0926	1.1310	1.1604	1.1789	
1.0843	1.0780	1.0596	1.0303	0.9922	0.9477	0.9000	0.8523	0.8078	0.7697	0.7404	0.7220	0.7157	0.7220	0.7404	0.7697	0.8078	0.8523	0.9000	0.9477	0.9922	1.0303	1.0596	1.0780	
0.9815	0.9753	0.9572	0.9283	0.8908	0.8470	0.8000	0.7530	0.7092	0.6717	0.6428	0.6247	0.6185	0.6247	0.6428	0.6717	0.7092	0.7530	0.8000	0.8470	0.8908	0.9283	0.9572	0.9753	
0.8767	0.8707	0.8530	0.8250	0.7884	0.7457	0.7000	0.6543	0.6116	0.5750	0.5470	0.5293	0.5233	0.5293	0.5470	0.5750	0.6116	0.6543	0.7000	0.7457	0.7884	0.8250	0.8530	0.8707	
0.7698	0.7640	0.7470	0.7201	0.6849	0.6439	0.6000	0.5561	0.5151	0.4799	0.4530	0.4360	0.4302	0.4360	0.4530	0.4799	0.5151	0.5561	0.6000	0.6439	0.6849	0.7201	0.7470	0.7640	
0.6604	0.6550	0.6389	0.6134	0.5802	0.5415	0.5000	0.4585	0.4198	0.3866	0.3611	0.3450	0.3396	0.3450	0.3611	0.3866	0.4198	0.4585	0.5000	0.5415	0.5802	0.6134	0.6389	0.6550	
0.5482	0.5432	0.5283	0.5048	0.4741	0.4384	0.4000	0.3616	0.3259	0.2952	0.2717	0.2568	0.2518	0.2568	0.2717	0.2952	0.3259	0.3616	0.4000	0.4384	0.4741	0.5048	0.5283	0.5432	
0.4323	0.4278	0.4146	0.3935	0.3661	0.3342	0.3000	0.2658	0.2339	0.2065	0.1854	0.1722	0.1677	0.1722	0.1854	0.2065	0.2339	0.2658	0.3000	0.3342	0.3661	0.3935	0.4146	0.4278	
0.3112	0.3074	0.2963	0.2786	0.2556	0.2288	0.2000	0.1712	0.1444	0.1214	0.1037	0.0926	0.0888	0.0926	0.1037	0.1214	0.1444	0.1712	0.2000	0.2288	0.2556	0.2786	0.2963	0.3074	
0.1808	0.1780	0.1699	0.1571	0.1404	0.1209	0.1000	0.0791	0.0596	0.0429	0.0301	0.0220	0.0192	0.0220	0.0301	0.0429	0.0596	0.0791	0.1000	0.1209	0.1404	0.1571	0.1699	0.1780	
0.0000	0.0000	0.0000	0.0000	0.0000	0.0000	0.0000	0.0000	0.0000	0.0000	0.0000	0.0000	0.0000	0.0000	0.0000	0.0000	0.0000	0.0000	0.0000	0.0000	0.0000	0.0000	0.0000	0.0000	
1.9815	1.9815	1.9815	1.9815	1.9815	1.9815	1.9815	1.9815	1.9815	1.9815	1.9815	1.9815	1.9815	1.9815	1.9815	1.9815	1.9815	1.9815	1.9815	1.9815	1.9815	1.9815	1.9815	1.9815	
1.9637	1.9609	1.9529	1.9401	1.9235	1.9041	1.8833	1.8625	1.8432	1.8265	1.8137	1.8057	1.8030	1.8057	1.8137	1.8265	1.8432	1.8625	1.8833	1.9041	1.9235	1.9401	1.9529	1.9609	
1.8958	1.8920	1.8810	1.8634	1.8405	1.8138	1.7852	1.7566	1.7299	1.7070	1.6894	1.6784	1.6746	1.6784	1.6894	1.7070	1.7299	1.7566	1.7852	1.8138	1.8405	1.8634	1.8810	1.8920	
1.8187	1.8142	1.8010	1.7801	1.7529	1.7211	1.6870	1.6530	1.6212	1.5940	1.5730	1.5599	1.5554	1.5599	1.5730	1.5940	1.6212	1.6530	1.6870	1.7211	1.7529	1.7801	1.8010	1.8142	
1.7363	1.7313	1.7166	1.6932	1.6626	1.6271	1.5889	1.5507	1.5152	1.4846	1.4612	1.4464	1.4414	1.4464	1.4612	1.4846	1.5152	1.5507	1.5889	1.6271	1.6626	1.6932	1.7166	1.7313	
1.6504	1.6449	1.6290	1.6036	1.5706	1.5321	1.4907	1.4494	1.4109	1.3779	1.3525	1.3365	1.3311	1.3365	1.3525	1.3779	1.4109	1.4494	1.4907	1.5321	1.5706	1.6036	1.6290	1.6449	
1.5615	1.5558	1.5389	1.5120	1.4771	1.4363	1.3926	1.3489	1.3081	1.2731	1.2463	1.2294	1.2237	1.2294	1.2463	1.2731	1.3081	1.3489	1.3926	1.4363	1.4771	1.5120	1.5389	1.5558	
1.4703	1.4643	1.4467	1.4188	1.3824	1.3400	1.2944	1.2489	1.2065	1.1701	1.1422	1.1246	1.1186	1.1246	1.1422	1.1701	1.2065	1.2489	1.2944	1.3400	1.3824	1.4188	1.4467	1.4643	
1.3769	1.3707	1.3527	1.3240	1.2866	1.2430	1.1963	1.1496	1.1060	1.0686	1.0399	1.0218	1.0157	1.0218	1.0399	1.0686	1.1060	1.1496	1.1963	1.2430	1.2866	1.3240	1.3527	1.3707	
1.2816	1.2753	1.2570	1.2278	1.1898	1.1456	1.0981	1.0507	1.0064	0.9685	0.9393	0.9210	0.9147	0.9210	0.9393	0.9685	1.0064	1.0507	1.0981	1.1456	1.1898	1.2278	1.2570	1.2753	
1.1843	1.1780	1.1596	1.1303	1.0922	1.0477	1.0000	0.9523	0.9078	0.8697	0.8404	0.8220	0.8157	0.8220	0.8404	0.8697	0.9078	0.9523	1.0000	1.0477	1.0922	1.1303	1.1596	1.1780	
1.0853	1.0790	1.0607	1.0315	0.9936	0.9493	0.9019	0.8544	0.8102	0.7722	0.7430	0.7247	0.7184	0.7247	0.7430	0.7722	0.8102	0.8544	0.9019	0.9493	0.9936	1.0315	1.0607	1.0790	
0.9843	0.9782	0.9601	0.9314	0.8940	0.8504	0.8037	0.7570	0.7134	0.6760	0.6473	0.6293	0.6231	0.6293	0.6473	0.6760	0.7134	0.7570	0.8037	0.8504	0.8940	0.9314	0.9601	0.9782	
0.8814	0.8754	0.8578	0.8299	0.7935	0.7511	0.7056	0.6600	0.6176	0.5812	0.5533	0.5357	0.5297	0.5357	0.5533	0.5812	0.6176	0.6600	0.7056	0.7511	0.7935	0.8299	0.8578	0.8754	
0.7763	0.7706	0.7537	0.7269	0.6919	0.6511	0.6074	0.5637	0.5229	0.4880	0.4611	0.4442	0.4385	0.4442	0.4611	0.4880	0.5229	0.5637	0.6074	0.6511	0.6919	0.7269	0.7537	0.7706	
0.6689	0.6635	0.6475	0.6221	0.5891	0.5506	0.5093	0.4679	0.4294	0.3964	0.3710	0.3551	0.3496	0.3551	0.3710	0.3964	0.4294	0.4679	0.5093	0.5506	0.5891	0.6221	0.6475	0.6635	
0.5586	0.5536	0.5388	0.5154	0.4848	0.4493	0.4111	0.3729	0.3374	0.3068	0.2834	0.2687	0.2637	0.2687	0.2834	0.3068	0.3374	0.3729	0.4111	0.4493	0.4848	0.5154	0.5388	0.5536	
0.4446	0.4401	0.4270	0.4060	0.3788	0.3470	0.3130	0.2789	0.2471	0.2199	0.1990	0.1858	0.1813	0.1858	0.1990	0.2199	0.2471	0.2789	0.3130	0.3470	0.3788	0.4060	0.4270	0.4401	
0.3254	0.3216	0.3106	0.2930	0.2701	0.2434	0.2148	0.1862	0.1595	0.1366	0.1190	0.1080	0.1042	0.1080	0.1190	0.1366	0.1595	0.1862	0.2148	0.2434	0.2701	0.2930	0.3106	0.3216	
0.1970	0.1943	0.1863	0.1735	0.1568	0.1375	0.1167	0.0959	0.0765	0.0599	0.0471	0.0391	0.0363	0.0391	0.0471	0.0599	0.0765	0.0959	0.1167	0.1375	0.1568	0.1735	0.1863	0.1943	
0.0185	0.0185	0.0185	0.0185	0.0185	0.0185	0.0185	0.0185	0.0185	0.0185	0.0185	0.0185	0.0185	0.0185	0.0185	0.0185	0.0185	0.0185	0.0185	0.0185	0.0185	0.0185	0.0185	0.0185	
1.9629	1.9629	1.9629	1.9629	1.9629	1.9629	1.9629	1.9629	1.9629	1.9629	1.9629	1.9629	1.9629	1.9629	1.9629	1.9629	1.9629	1.9629	1.9629	1.9629	1.9629	1.9629	1.9629	1.9629	
1.9458	1.9431	1.9352	1.9226	1.9062	1.8871	1.8667	1.8462	1.8271	1.8107	1.7981	1.7902	1.7875	1.7902	1.7981	1.8107	1.8271	1.8462	1.8667	1.8871	1.9062	1.9226	1.9352	1.9431	
1.8793	1.8756	1.8647	1.8474	1.8248	1.7985	1.7704	1.7422	1.7159	1.6933	1.6760	1.6652	1.6615	1.6652	1.6760	1.6933	1.7159	1.7422	1.7704	1.7985	1.8248	1.8474	1.8647	1.8756	
1.8037	1.7993	1.7863	1.7657	1.7389	1.7076	1.6741	1.6405	1.6093	1.5824	1.5618	1.5489	1.5444	1.5489	1.5618	1.5824	1.6093	1.6405	1.6741	1.7076	1.7389	1.7657	1.7863	1.7993	
1.7230	1.7180	1.7035	1.6804	1.6504	1.6154	1.5778	1.5402	1.5052	1.4751	1.4520	1.4375	1.4326	1.4375	1.4520	1.4751	1.5052	1.5402	1.5778	1.6154	1.6504	1.6804	1.7035	1.7180	
1.6387	1.6333	1.6176	1.5926	1.5601	1.5222	1.4815	1.4408	1.4029	1.3703	1.3453	1.3296	1.3243	1.3296	1.3453	1.3703	1.4029	1.4408	1.4815	1.5222	1.5601	1.5926	1.6176	1.6333	
1.5515	1.5459	1.5293	1.5028	1.4684	1.4282	1.3852	1.3421	1.3020	1.2675	1.2411	1.2245	1.2188	1.2245	1.2411	1.2675	1.3020	1.3421	1.3852	1.4282	1.4684	1.5028	1.5293	1.5459	
1.4620	1.4561	1.4388	1.4113	1.3755	1.3337	1.2889	1.2441	1.2023	1.1664	1.1389	1.1216	1.1157	1.1216	1.1389	1.1664	1.2023	1.2441	1.2889	1.3337	1.3755	1.4113	1.4388	1.4561	
1.3704	1.3644	1.3466	1.3183	1.2815	1.2386	1.1926	1.1466	1.1037	1.0668	1.0386	1.0208	1.0147	1.0208	1.0386	1.0668	1.1037	1.1466	1.1926	1.2386	1.2815	1.3183	1.3466	1.3644	
1.2769	1.2707	1.2527	1.2240	1.1866	1.1430	1.0963	1.0496	1.0060	0.9686	0.9399	0.9218	0.9157	0.9218	0.9399	0.9686	1.0060	1.0496	1.0963	1.1430	1.1866	1.2240	1.2527	1.2707	
1.1815	1.1753	1.1572	1.1283	1.0908	1.0470	1.0000	0.9530	0.9092	0.8717	0.8428	0.8247	0.8185	0.8247	0.8428	0.8717	0.9092	0.9530	1.0000	1.0470	1.0908	1.1283	1.1572	1.1753	
1.0843	1.0782	1.0601	1.0314	0.9940	0.9504	0.9037	0.8570	0.8134	0.7760	0.7473	0.7293	0.7231	0.7293	0.7473	0.7760	0.8134	0.8570	0.9037	0.9504	0.9940	1.0314	1.0601	1.0782	
0.9853	0.9792	0.9614	0.9332	0.8963	0.8534	0.8074	0.7614	0.7185	0.6817	0.6534	0.6356	0.6296	0.6356	0.6534	0.6817	0.7185	0.7614	0.8074	0.8534	0.8963	0.9332	0.9614	0.9792	
0.8843	0.8784	0.8611	0.8336	0.7977	0.7559	0.7111	0.6663	0.6245	0.5887	0.5612	0.5439	0.5380	0.5439	0.5612	0.5887	0.6245	0.6663	0.7111	0.7559	0.7977	0.8336	0.8611	0.8784	
0.7812	0.7755	0.7589	0.7325	0.6980	0.6579	0.6148	0.5718	0.5316	0.4972	0.4707	0.4541	0.4485	0.4541	0.4707	0.4972	0.5316	0.5718	0.6148	0.6579	0.6980	0.7325	0.7589	0.7755	
0.6757	0.6704	0.6547	0.6297	0.5971	0.5592	0.5185	0.4778	0.4399	0.4074	0.3824	0.3667	0.3613	0.3667	0.3824	0.4074	0.4399	0.4778	0.5185	0.5592	0.5971	0.6297	0.6547	0.6704	
0.5674	0.5625	0.5480	0.5249	0.4948	0.4598	0.4222	0.3846	0.3496	0.3196	0.2965	0.2820	0.2770	0.2820	0.2965	0.3196	0.3496	0.3846	0.4222	0.4598	0.4948	0.5249	0.5480	0.5625	
0.4556	0.4511	0.4382	0.4176	0.3907	0.3595	0.3259	0.2924	0.2611	0.2343	0.2137	0.2007	0.1963	0.2007	0.2137	0.2343	0.2611	0.2924	0.3259	0.3595	0.3907	0.4176	0.4382	0.4511	
0.3385	0.3348	0.3240	0.3067	0.2841	0.2578	0.2296	0.2015	0.1752	0.1526	0.1353	0.1244	0.1207	0.1244	0.1353	0.1526	0.1752	0.2015	0.2296	0.2578	0.2841	0.3067	0.3240	0.3348	
0.2125	0.2098	0.2019	0.1893	0.1729	0.1538	0.1333	0.1129	0.0938	0.0774	0.0648	0.0569	0.0542	0.0569	0.0648	0.0774	0.0938	0.1129	0.1333	0.1538	0.1729	0.1893	0.2019	0.2098	
0.0371	0.0371	0.0371	0.0371	0.0371	0.0371	0.0371	0.0371	0.0371	0.0371	0.0371	0.0371	0.0371	0.0371	0.0371	0.0371	0.0371	0.0371	0.0371	0.0371	0.0371	0.0371	0.0371	0.0371	
1.9444	1.9444	1.9444	1.9444	1.9444	1.9444	1.9444	1.9444	1.9444	1.9444	1.9444	1.9444	1.9444	1.9444	1.9444	1.9444	1.9444	1.9444	1.9444	1.9444	1.9444	1.9444	1.9444	1.9444	
1.9270	1.9244	1.9167	1.9045	1.8885	1.8699	1.8500	1.8300	1.8115	1.7955	1.7833	1.7756	1.7729	1.7756	1.7833	1.7955	1.8115	1.8300	1.8500	1.8699	1.8885	1.9045	1.9167	1.9244	
1.8616	1.8580	1.8474	1.8305	1.8086	1.7830	1.7555	1.7281	1.7025	1.6806	1.6637	1.6531	1.6495	1.6531	1.6637	1.6806	1.7025	1.7281	1.7555	1.7830	1.8086	1.8305	1.8474	1.8580	
1.7873	1.7830	1.7704	1.7503	1.7242	1.6938	1.6611	1.6284	1.5980	1.5719	1.5518	1.5392	1.5349	1.5392	1.5518	1.5719	1.5980	1.6284	1.6611	1.6938	1.7242	1.7503	1.7704	1.7830	
1.7080	1.7032	1.6891	1.6666	1.6373	1.6032	1.5667	1.5301	1.4960	1.4667	1.4442	1.4301	1.4253	1.4301	1.4442	1.4667	1.4960	1.5301	1.5667	1.6032	1.6373	1.6666	1.6891	1.7032	
1.6253	1.6200	1.6048	1.5804	1.5487	1.5118	1.4722	1.4326	1.3957	1.3640	1.3397	1.3244	1.3192	1.3244	1.3397	1.3640	1.3957	1.4326	1.4722	1.5118	1.5487	1.5804	1.6048	1.6200	
1.5397	1.5342	1.5180	1.4923	1.4588	1.4197	1.3778	1.3358	1.2968	1.2632	1.2375	1.2213	1.2158	1.2213	1.2375	1.2632	1.2968	1.3358	1.3778	1.4197	1.4588	1.4923	1.5180	1.5342	
1.4519	1.4462	1.4293	1.4025	1.3676	1.3270	1.2833	1.2397	1.1990	1.1641	1.1373	1.1205	1.1147	1.1205	1.1373	1.1641	1.1990	1.2397	1.2833	1.3270	1.3676	1.4025	1.4293	1.4462	
1.3620	1.3561	1.3388	1.3113	1.2755	1.2337	1.1889	1.1441	1.1023	1.0664	1.0389	1.0216	1.0157	1.0216	1.0389	1.0664	1.1023	1.1441	1.1889	1.2337	1.2755	1.3113	1.3388	1.3561	
1.2703	1.2643	1.2467	1.2188	1.1824	1.1400	1.0944	1.0489	1.0065	0.9701	0.9422	0.9246	0.9186	0.9246	0.9422	0.9701	1.0065	1.0489	1.0944	1.1400	1.1824	1.2188	1.2467	1.2643	
1.1767	1.1707	1.1530	1.1250	1.0884	1.0457	1.0000	0.9543	0.9116	0.8750	0.8470	0.8293	0.8233	0.8293	0.8470	0.8750	0.9116	0.9543	1.0000	1.0457	1.0884	1.1250	1.1530	1.1707	
1.0814	1.0754	1.0578	1.0299	0.9935	0.9511	0.9056	0.8600	0.8176	0.7812	0.7533	0.7357	0.7297	0.7357	0.7533	0.7812	0.8176	0.8600	0.9056	0.9511	0.9935	1.0299	1.0578	1.0754	
0.9843	0.9784	0.9611	0.9336	0.8977	0.8559	0.8111	0.7663	0.7245	0.6887	0.6612	0.6439	0.6380	0.6439	0.6612	0.6887	0.7245	0.7663	0.8111	0.8559	0.8977	0.9336	0.9611	0.9784	
0.8853	0.8795	0.8627	0.8359	0.8010	0.7603	0.7167	0.6730	0.6324	0.5975	0.5707	0.5538	0.5481	0.5538	0.5707	0.5975	0.6324	0.6730	0.7167	0.7603	0.8010	0.8359	0.8627	0.8795	
0.7842	0.7787	0.7625	0.7368	0.7032	0.6642	0.6222	0.5803	0.5412	0.5077	0.4820	0.4658	0.4603	0.4658	0.4820	0.5077	0.5412	0.5803	0.6222	0.6642	0.7032	0.7368	0.7625	0.7787	
0.6808	0.6756	0.6603	0.6360	0.6043	0.5674	0.5278	0.4882	0.4513	0.4196	0.3952	0.3800	0.3747	0.3800	0.3952	0.4196	0.4513	0.4882	0.5278	0.5674	0.6043	0.6360	0.6603	0.6756	
0.5747	0.5699	0.5558	0.5333	0.5040	0.4699	0.4333	0.3968	0.3627	0.3334	0.3109	0.2968	0.2920	0.2968	0.3109	0.3334	0.3627	0.3968	0.4333	0.4699	0.5040	0.5333	0.5558	0.5699	
0.4651	0.4608	0.4482	0.4281	0.4020	0.3716	0.3389	0.3062	0.2758	0.2497	0.2296	0.2170	0.2127	0.2170	0.2296	0.2497	0.2758	0.3062	0.3389	0.3716	0.4020	0.4281	0.4482	0.4608	
0.3505	0.3469	0.3363	0.3194	0.2975	0.2719	0.2445	0.2170	0.1914	0.1695	0.1526	0.1420	0.1384	0.1420	0.1526	0.1695	0.1914	0.2170	0.2445	0.2719	0.2975	0.3194	0.3363	0.3469	
0.2271	0.2244	0.2167	0.2045	0.1885	0.1700	0.1500	0.1301	0.1115	0.0955	0.0833	0.0756	0.0730	0.0756	0.0833	0.0955	0.1115	0.1301	0.1500	0.1700	0.1885	0.2045	0.2167	0.2244	
0.0556	0.0556	0.0556	0.0556	0.0556	0.0556	0.0556	0.0556	0.0556	0.0556	0.0556	0.0556	0.0556	0.0556	0.0556	0.0556	0.0556	0.0556	0.0556	0.0556	0.0556	0.0556	0.0556	0.0556	
1.9259	1.9259	1.9259	1.9259	1.9259	1.9259	1.9259	1.9259	1.9259	1.9259	1.9259	1.9259	1.9259	1.9259	1.9259	1.9259	1.9259	1.9259	1.9259	1.9259	1.9259	1.9259	1.9259	1.9259	
1.9073	1.9048	1.8974	1.8856	1.8703	1.8525	1.8333	1.8142	1.7963	1.7810	1.7692	1.7618	1.7593	1.7618	1.7692	1.7810	1.7963	1.8142	1.8333	1.8525	1.8703	1.8856	1.8974	1.9048	
1.8426	1.8391	1.8289	1.8128	1.7917	1.7671	1.7407	1.7144	1.6898	1.6687	1.6525	1.6423	1.6388	1.6423	1.6525	1.6687	1.6898	1.7144	1.7407	1.7671	1.7917	1.8128	1.8289	1.8391	
1.7694	1.7653	1.7531	1.7339	1.7088	1.6795	1.6481	1.6167	1.5875	1.5624	1.5431	1.5310	1.5269	1.5310	1.5431	1.5624	1.5875	1.6167	1.6481	1.6795	1.7088	1.7339	1.7531	1.7653	
1.6914	1.6867	1.6732	1.6516	1.6235	1.5907	1.5555	1.5204	1.4876	1.4595	1.4379	1.4243	1.4197	1.4243	1.4379	1.4595	1.4876	1.5204	1.5555	1.5907	1.6235	1.6516	1.6732	1.6867	
1.6100	1.6050	1.5903	1.5669	1.5365	1.5010	1.4629	1.4249	1.3894	1.3590	1.3356	1.3209	1.3159	1.3209	1.3356	1.3590	1.3894	1.4249	1.4629	1.5010	1.5365	1.5669	1.5903	1.6050	
1.5260	1.5207	1.5051	1.4804	1.4482	1.4106	1.3704	1.3301	1.2926	1.2603	1.2356	1.2200	1.2147	1.2200	1.2356	1.2603	1.2926	1.3301	1.3704	1.4106	1.4482	1.4804	1.5051	1.5207	
1.4397	1.4342	1.4180	1.3923	1.3588	1.3197	1.2778	1.2358	1.1968	1.1632	1.1375	1.1213	1.1158	1.1213	1.1375	1.1632	1.1968	1.2358	1.2778	1.3197	1.3588	1.3923	1.4180	1.4342	
1.3515	1.3459	1.3293	1.3028	1.2684	1.2282	1.1852	1.1421	1.1020	1.0675	1.0411	1.0245	1.0188	1.0245	1.0411	1.0675	1.1020	1.1421	1.1852	1.2282	1.2684	1.3028	1.3293	1.3459	
1.2615	1.2558	1.2389	1.2120	1.1771	1.1363	1.0926	1.0489	1.0081	0.9731	0.9463	0.9294	0.9237	0.9294	0.9463	0.9731	1.0081	1.0489	1.0926	1.1363	1.1771	1.2120	1.2389	1.2558	
1.1698	1.1640	1.1470	1.1201	1.0849	1.0439	1.0000	0.9561	0.9151	0.8799	0.8530	0.8360	0.8302	0.8360	0.8530	0.8799	0.9151	0.9561	1.0000	1.0439	1.0849	1.1201	1.1470	1.1640	
1.0763	1.0706	1.0537	1.0269	0.9919	0.9511	0.9074	0.8637	0.8229	0.7880	0.7611	0.7442	0.7385	0.7442	0.7611	0.7880	0.8229	0.8637	0.9074	0.9511	0.9919	1.0269	1.0537	1.0706	
0.9812	0.9755	0.9589	0.9325	0.8980	0.8579	0.8148	0.7718	0.7316	0.6972	0.6707	0.6541	0.6485	0.6541	0.6707	0.6972	0.7316	0.7718	0.8148	0.8579	0.8980	0.9325	0.9589	0.9755	
0.8842	0.8787	0.8625	0.8368	0.8032	0.7642	0.7222	0.6803	0.6412	0.6077	0.5820	0.5658	0.5603	0.5658	0.5820	0.6077	0.6412	0.6803	0.7222	0.7642	0.8032	0.8368	0.8625	0.8787	
0.7853	0.7800	0.7644	0.7397	0.7074	0.6699	0.6296	0.5894	0.5518	0.5196	0.4949	0.4793	0.4740	0.4793	0.4949	0.5196	0.5518	0.5894	0.6296	0.6699	0.7074	0.7397	0.7644	0.7800	
0.6841	0.6791	0.6644	0.6410	0.6106	0.5751	0.5371	0.4990	0.4635	0.4331	0.4097	0.3950	0.3900	0.3950	0.4097	0.4331	0.4635	0.4990	0.5371	0.5751	0.6106	0.6410	0.6644	0.6791	
0.5803	0.5757	0.5621	0.5405	0.5124	0.4796	0.4445	0.4093	0.3765	0.3484	0.3268	0.3133	0.3086	0.3133	0.3268	0.3484	0.3765	0.4093	0.4445	0.4796	0.5124	0.5405	0.5621	0.5757	
0.4731	0.4690	0.4569	0.4376	0.4125	0.3833	0.3519	0.3205	0.2912	0.2661	0.2469	0.2347	0.2306	0.2347	0.2469	0.2661	0.2912	0.3205	0.3519	0.3833	0.4125	0.4376	0.4569	0.4690	
0.3612	0.3577	0.3475	0.3313	0.3102	0.2856	0.2593	0.2329	0.2083	0.1872	0.1711	0.1609	0.1574	0.1609	0.1711	0.1872	0.2083	0.2329	0.2593	0.2856	0.3102	0.3313	0.3475	0.3577	
0.2407	0.2382	0.2308	0.2190	0.2037	0.1858	0.1667	0.1475	0.1297	0.1144	0.1026	0.0952	0.0927	0.0952	0.1026	0.1144	0.1297	0.1475	0.1667	0.1858	0.2037	0.2190	0.2308	0.2382	
0.0741	0.0741	0.0741	0.0741	0.0741	0.0741	0.0741	0.0741	0.0741	0.0741	0.0741	0.0741	0.0741	0.0741	0.0741	0.0741	0.0741	0.0741	0.0741	0.0741	0.0741	0.0741	0.0741	0.0741	
1.9074	1.9074	1.9074	1.9074	1.9074	1.9074	1.9074	1.9074	1.9074	1.9074	1.9074	1.9074	1.9074	1.9074	1.9074	1.9074	1.9074	1.9074	1.9074	1.9074	1.9074	1.9074	1.9074	1.9074	
1.8866	1.8842	1.8772	1.8661	1.8516	1.8347	1.8166	1.7985	1.7817	1.7672	1.7561	1.7491	1.7467	1.7491	1.7561	1.7672	1.7817	1.7985	1.8166	1.8347	1.8516	1.8661	1.8772	1.8842	
1.8222	1.8189	1.8093	1.7940	1.7740	1.7508	1.7259	1.7010	1.6778	1.6578	1.6425	1.6329	1.6296	1.6329	1.6425	1.6578	1.6778	1.7010	1.7259	1.7508	1.7740	1.7940	1.8093	1.8189	
1.7497	1.7458	1.7344	1.7162	1.6924	1.6648	1.6352	1.6055	1.5779	1.5541	1.5359	1.5245	1.5206	1.5245	1.5359	1.5541	1.5779	1.6055	1.6352	1.6648	1.6924	1.7162	1.7344	1.7458	
1.6728	1.6684	1.6556	1.6352	1.6086	1.5776	1.5444	1.5112	1.4802	1.4537	1.4333	1.4204	1.4161	1.4204	1.4333	1.4537	1.4802	1.5112	1.5444	1.5776	1.6086	1.6352	1.6556	1.6684	
1.5926	1.5879	1.5740	1.5519	1.5232	1.4896	1.4537	1.4177	1.3842	1.3554	1.3334	1.3195	1.3147	1.3195	1.3334	1.3554	1.3842	1.4177	1.4537	1.4896	1.5232	1.5519	1.5740	1.5879	
1.5100	1.5050	1.4903	1.4669	1.4365	1.4010	1.3629	1.3249	1.2894	1.2590	1.2356	1.2209	1.2159	1.2209	1.2356	1.2590	1.2894	1.3249	1.3629	1.4010	1.4365	1.4669	1.4903	1.5050	
1.4253	1.4200	1.4048	1.3804	1.3487	1.3118	1.2722	1.2326	1.1957	1.1640	1.1397	1.1244	1.1192	1.1244	1.1397	1.1640	1.1957	1.2326	1.2722	1.3118	1.3487	1.3804	1.4048	1.4200	
1.3387	1.3333	1.3176	1.2926	1.2601	1.2222	1.1815	1.1408	1.1029	1.0703	1.0453	1.0296	1.0243	1.0296	1.0453	1.0703	1.1029	1.1408	1.1815	1.2222	1.2601	1.2926	1.3176	1.3333	
1.2504	1.2449	1.2290	1.2036	1.1706	1.1321	1.0907	1.0494	1.0109	0.9779	0.9525	0.9365	0.9311	0.9365	0.9525	0.9779	1.0109	1.0494	1.0907	1.1321	1.1706	1.2036	1.2290	1.2449	
1.1604	1.1550	1.1389	1.1134	1.0802	1.0415	1.0000	0.9585	0.9198	0.8866	0.8611	0.8450	0.8396	0.8450	0.8611	0.8866	0.9198	0.9585	1.0000	1.0415	1.0802	1.1134	1.1389	1.1550	
1.0689	1.0635	1.0475	1.0221	0.9891	0.9506	0.9093	0.8679	0.8294	0.7964	0.7710	0.7551	0.7496	0.7551	0.7710	0.7964	0.8294	0.8679	0.9093	0.9506	0.9891	1.0221	1.0475	1.0635	
0.9757	0.9704	0.9547	0.9297	0.8971	0.8592	0.8185	0.7778	0.7399	0.7074	0.6824	0.6667	0.6613	0.6667	0.6824	0.7074	0.7399	0.7778	0.8185	0.8592	0.8971	0.9297	0.9547	0.9704	
0.8808	0.8756	0.8603	0.8360	0.8043	0.7674	0.7278	0.6882	0.6513	0.6196	0.5952	0.5800	0.5747	0.5800	0.5952	0.6196	0.6513	0.6882	0.7278	0.7674	0.8043	0.8360	0.8603	0.8756	
0.7841	0.7791	0.7644	0.7410	0.7106	0.6751	0.6371	0.5990	0.5635	0.5331	0.5097	0.4950	0.4900	0.4950	0.5097	0.5331	0.5635	0.5990	0.6371	0.6751	0.7106	0.7410	0.7644	0.7791	
0.6853	0.6805	0.6666	0.6446	0.6158	0.5823	0.5463	0.5104	0.4768	0.4481	0.4260	0.4121	0.4074	0.4121	0.4260	0.4481	0.4768	0.5104	0.5463	0.5823	0.6158	0.6446	0.6666	0.6805	
0.5839	0.5796	0.5667	0.5463	0.5198	0.4888	0.4556	0.4224	0.3914	0.3648	0.3444	0.3316	0.3272	0.3316	0.3444	0.3648	0.3914	0.4224	0.4556	0.4888	0.5198	0.5463	0.5667	0.5796	
0.4794	0.4755	0.4641	0.4459	0.4221	0.3945	0.3648	0.3352	0.3076	0.2838	0.2656	0.2542	0.2503	0.2542	0.2656	0.2838	0.3076	0.3352	0.3648	0.3945	0.4221	0.4459	0.4641	0.4755	
0.3704	0.3671	0.3575	0.3422	0.3222	0.2990	0.2741	0.2492	0.2260	0.2060	0.1907	0.1811	0.1778	0.1811	0.1907	0.2060	0.2260	0.2492	0.2741	0.2990	0.3222	0.3422	0.3575	0.3671	
0.2533	0.2509	0.2439	0.2328	0.2183	0.2015	0.1834	0.1653	0.1484	0.1339	0.1228	0.1158	0.1134	0.1158	0.1228	0.1339	0.1484	0.1653	0.1834	0.2015	0.2183	0.2328	0.2439	0.2509	
0.0926	0.0926	0.0926	0.0926	0.0926	0.0926	0.0926	0.0926	0.0926	0.0926	0.0926	0.0926	0.0926	0.0926	0.0926	0.0926	0.0926	0.0926	0.0926	0.0926	0.0926	0.0926	0.0926	0.0926	
1.8888	1.8888	1.8888	1.8888	1.8888	1.8888	1.8888	1.8888	1.8888	1.8888	1.8888	1.8888	1.8888	1.8888	1.8888	1.8888	1.8888	1.8888	1.8888	1.8888	1.8888	1.8888	1.8888	1.8888	
1.8646	1.8624	1.8559	1.8456	1.8323	1.8167	1.8000	1.7832	1.7677	1.7543	1.7440	1.7376	1.7354	1.7376	1.7440	1.7543	1.7677	1.7832	1.8000	1.8167	1.8323	1.8456	1.8559	1.8624	
1.8000	1.7970	1.7881	1.7740	1.7555	1.7341	1.7111	1.6881	1.6666	1.6482	1.6341	1.6252	1.6222	1.6252	1.6341	1.6482	1.6666	1.6881	1.7111	1.7341	1.7555	1.7740	1.7881	1.7970	
1.7280	1.7244	1.7139	1.6970	1.6751	1.6496	1.6222	1.5948	1.5693	1.5474	1.5305	1.5200	1.5164	1.5200	1.5305	1.5474	1.5693	1.5948	1.6222	1.6496	1.6751	1.6970	1.7139	1.7244	
1.6519	1.6478	1.6360	1.6171	1.5926	1.5640	1.5333	1.5026	1.4740	1.4495	1.4306	1.4188	1.4147	1.4188	1.4306	1.4495	1.4740	1.5026	1.5333	1.5640	1.5926	1.6171	1.6360	1.6478	
1.5728	1.5684	1.5556	1.5352	1.5086	1.4776	1.4444	1.4112	1.3802	1.3537	1.3333	1.3204	1.3161	1.3204	1.3333	1.3537	1.3802	1.4112	1.4444	1.4776	1.5086	1.5352	1.5556	1.5684	
1.4914	1.4867	1.4732	1.4516	1.4235	1.3907	1.3555	1.3204	1.2876	1.2595	1.2379	1.2243	1.2197	1.2243	1.2379	1.2595	1.2876	1.3204	1.3555	1.3907	1.4235	1.4516	1.4732	1.4867	
1.4080	1.4032	1.3891	1.3666	1.3373	1.3032	1.2667	1.2301	1.1960	1.1667	1.1442	1.1301	1.1253	1.1301	1.1442	1.1667	1.1960	1.2301	1.2667	1.3032	1.3373	1.3666	1.3891	1.4032	
1.3230	1.3180	1.3035	1.2804	1.2504	1.2154	1.1778	1.1402	1.1052	1.0751	1.0520	1.0375	1.0326	1.0375	1.0520	1.0751	1.1052	1.1402	1.1778	1.2154	1.2504	1.2804	1.3035	1.3180	
1.2363	1.2313	1.2166	1.1932	1.1626	1.1271	1.0889	1.0507	1.0152	0.9846	0.9612	0.9464	0.9414	0.9464	0.9612	0.9846	1.0152	1.0507	1.0889	1.1271	1.1626	1.1932	1.2166	1.2313	
1.1482	1.1432	1.1283	1.1048	1.0741	1.0384	1.0000	0.9616	0.9259	0.8952	0.8717	0.8568	0.8518	0.8568	0.8717	0.8952	0.9259	0.9616	1.0000	1.0384	1.0741	1.1048	1.1283	1.1432	
1.0586	1.0536	1.0388	1.0154	0.9848	0.9493	0.9111	0.8729	0.8374	0.8068	0.7834	0.7687	0.7637	0.7687	0.7834	0.8068	0.8374	0.8729	0.9111	0.9493	0.9848	1.0154	1.0388	1.0536	
0.9674	0.9625	0.9480	0.9249	0.8948	0.8598	0.8222	0.7846	0.7496	0.7196	0.6965	0.6820	0.6770	0.6820	0.6965	0.7196	0.7496	0.7846	0.8222	0.8598	0.8948	0.9249	0.9480	0.9625	
0.8747	0.8699	0.8558	0.8333	0.8040	0.7699	0.7333	0.6968	0.6627	0.6334	0.6109	0.5968	0.5920	0.5968	0.6109	0.6334	0.6627	0.6968	0.7333	0.7699	0.8040	0.8333	0.8558	0.8699	
0.7803	0.7757	0.7621	0.7405	0.7124	0.6796	0.6445	0.6093	0.5765	0.5484	0.5268	0.5133	0.5086	0.5133	0.5268	0.5484	0.5765	0.6093	0.6445	0.6796	0.7124	0.7405	0.7621	0.7757	
0.6839	0.6796	0.6667	0.6463	0.6198	0.5888	0.5556	0.5224	0.4914	0.4648	0.4444	0.4316	0.4272	0.4316	0.4444	0.4648	0.4914	0.5224	0.5556	0.5888	0.6198	0.6463	0.6667	0.6796	
0.5853	0.5812	0.5694	0.5505	0.5260	0.4974	0.4667	0.4360	0.4074	0.3829	0.3640	0.3522	0.3481	0.3522	0.3640	0.3829	0.4074	0.4360	0.4667	0.4974	0.5260	0.5505	0.5694	0.5812	
0.4836	0.4800	0.4695	0.4526	0.4307	0.4052	0.3778	0.3504	0.3249	0.3030	0.2861	0.2756	0.2720	0.2756	0.2861	0.3030	0.3249	0.3504	0.3778	0.4052	0.4307	0.4526	0.4695	0.4800	
0.3778	0.3748	0.3659	0.3518	0.3334	0.3119	0.2889	0.2659	0.2445	0.2260	0.2119	0.2030	0.2000	0.2030	0.2119	0.2260	0.2445	0.2659	0.2889	0.3119	0.3334	0.3518	0.3659	0.3748	
0.2646	0.2624	0.2560	0.2457	0.2323	0.2168	0.2000	0.1833	0.1677	0.1544	0.1441	0.1376	0.1354	0.1376	0.1441	0.1544	0.1677	0.1833	0.2000	0.2168	0.2323	0.2457	0.2560	0.2624	
0.1112	0.1112	0.1112	0.1112	0.1112	0.1112	0.1112	0.1112	0.1112	0.1112	0.1112	0.1112	0.1112	0.1112	0.1112	0.1112	0.1112	0.1112	0.1112	0.1112	0.1112	0.1112	0.1112	0.1112	
1.8703	1.8703	1.8703	1.8703	1.8703	1.8703	1.8703	1.8703	1.8703	1.8703	1.8703	1.8703	1.8703	1.8703	1.8703	1.8703	1.8703	1.8703	1.8703	1.8703	1.8703	1.8703	1.8703	1.8703	
1.8410	1.8390	1.8332	1.8241	1.8121	1.7982	1.7833	1.7684	1.7545	1.7425	1.7333	1.7276	1.7256	1.7276	1.7333	1.7425	1.7545	1.7684	1.7833	1.7982	1.8121	1.8241	1.8332	1.8390	
1.7756	1.7729	1.7650	1.7524	1.7359	1.7168	1.6963	1.6757	1.6566	1.6401	1.6275	1.6196	1.6169	1.6196	1.6275	1.6401	1.6566	1.6757	1.6963	1.7168	1.7359	1.7524	1.7650	1.7729	
1.7037	1.7005	1.6910	1.6760	1.6565	1.6337	1.6092	1.5848	1.5620	1.5424	1.5274	1.5180	1.5147	1.5180	1.5274	1.5424	1.5620	1.5848	1.6092	1.6337	1.6565	1.6760	1.6910	1.7005	
1.6280	1.6244	1.6139	1.5970	1.5751	1.5496	1.5222	1.4948	1.4693	1.4474	1.4305	1.4200	1.4164	1.4200	1.4305	1.4474	1.4693	1.4948	1.5222	1.5496	1.5751	1.5970	1.6139	1.6244	
1.5497	1.5458	1.5344	1.5162	1.4924	1.4648	1.4352	1.4055	1.3779	1.3541	1.3359	1.3245	1.3206	1.3245	1.3359	1.3541	1.3779	1.4055	1.4352	1.4648	1.4924	1.5162	1.5344	1.5458	
1.4694	1.4653	1.4531	1.4339	1.4088	1.3795	1.3481	1.3167	1.2875	1.2624	1.2431	1.2310	1.2269	1.2310	1.2431	1.2624	1.2875	1.3167	1.3481	1.3795	1.4088	1.4339	1.4531	1.4653	
1.3873	1.3830	1.3704	1.3503	1.3242	1.2938	1.2611	1.2284	1.1980	1.1719	1.1518	1.1392	1.1349	1.1392	1.1518	1.1719	1.1980	1.2284	1.2611	1.2938	1.3242	1.3503	1.3704	1.3830	
1.3037	1.2993	1.2863	1.2657	1.2389	1.2076	1.1741	1.1405	1.1093	1.0824	1.0618	1.0489	1.0444	1.0489	1.0618	1.0824	1.1093	1.1405	1.1741	1.2076	1.2389	1.2657	1.2863	1.2993	
1.2187	1.2142	1.2010	1.1801	1.1529	1.1211	1.0870	1.0530	1.0212	0.9940	0.9730	0.9599	0.9554	0.9599	0.9730	0.9940	1.0212	1.0530	1.0870	1.1211	1.1529	1.1801	1.2010	1.2142	
1.1323	1.1278	1.1146	1.0935	1.0661	1.0342	1.0000	0.9658	0.9339	0.9065	0.8854	0.8722	0.8677	0.8722	0.8854	0.9065	0.9339	0.9658	1.0000	1.0342	1.0661	1.0935	1.1146	1.1278	
1.0446	1.0401	1.0270	1.0060	0.9788	0.9470	0.9130	0.8789	0.8471	0.8199	0.7990	0.7858	0.7813	0.7858	0.7990	0.8199	0.8471	0.8789	0.9130	0.9470	0.9788	1.0060	1.0270	1.0401	
0.9556	0.9511	0.9382	0.9176	0.8907	0.8595	0.8259	0.7924	0.7611	0.7343	0.7137	0.7007	0.6963	0.7007	0.7137	0.7343	0.7611	0.7924	0.8259	0.8595	0.8907	0.9176	0.9382	0.9511	
0.8651	0.8608	0.8482	0.8281	0.8020	0.7716	0.7389	0.7062	0.6758	0.6497	0.6296	0.6170	0.6127	0.6170	0.6296	0.6497	0.6758	0.7062	0.7389	0.7716	0.8020	0.8281	0.8482	0.8608	
0.7731	0.7690	0.7569	0.7376	0.7125	0.6833	0.6519	0.6205	0.5912	0.5661	0.5469	0.5347	0.5306	0.5347	0.5469	0.5661	0.5912	0.6205	0.6519	0.6833	0.7125	0.7376	0.7569	0.7690	
0.6794	0.6755	0.6641	0.6459	0.6221	0.5945	0.5648	0.5352	0.5076	0.4838	0.4656	0.4542	0.4503	0.4542	0.4656	0.4838	0.5076	0.5352	0.5648	0.5945	0.6221	0.6459	0.6641	0.6755	
0.5836	0.5800	0.5695	0.5526	0.5307	0.5052	0.4778	0.4504	0.4249	0.4030	0.3861	0.3756	0.3720	0.3756	0.3861	0.4030	0.4249	0.4504	0.4778	0.5052	0.5307	0.5526	0.5695	0.5800	
0.4853	0.4820	0.4726	0.4576	0.4380	0.4152	0.3908	0.3663	0.3435	0.3240	0.3090	0.2995	0.2963	0.2995	0.3090	0.3240	0.3435	0.3663	0.3908	0.4152	0.4380	0.4576	0.4726	0.4820	
0.3831	0.3804	0.3725	0.3599	0.3434	0.3243	0.3037	0.2832	0.2641	0.2476	0.2350	0.2271	0.2244	0.2271	0.2350	0.2476	0.2641	0.2832	0.3037	0.3243	0.3434	0.3599	0.3725	0.3804	
0.2744	0.2724	0.2667	0.2575	0.2455	0.2316	0.2167	0.2018	0.1879	0.1759	0.1668	0.1610	0.1590	0.1610	0.1668	0.1759	0.1879	0.2018	0.2167	0.2316	0.2455	0.2575	0.2667	0.2724	
0.1297	0.1297	0.1297	0.1297	0.1297	0.1297	0.1297	0.1297	0.1297	0.1297	0.1297	0.1297	0.1297	0.1297	0.1297	0.1297	0.1297	0.1297	0.1297	0.1297	0.1297	0.1297	0.1297	0.1297	
1.8518	1.8518	1.8518	1.8518	1.8518	1.8518	1.8518	1.8518	1.8518	1.8518	1.8518	1.8518	1.8518	1.8518	1.8518	1.8518	1.8518	1.8518	1.8518	1.8518	1.8518	1.8518	1.8518	1.8518	
1.8151	1.8134	1.8086	1.8009	1.7908	1.7792	1.7666	1.7541	1.7424	1.7324	1.7247	1.7198	1.7182	1.7198	1.7247	1.7324	1.7424	1.7541	1.7666	1.7792	1.7908	1.8009	1.8086	1.8134	
1.7481	1.7459	1.7392	1.7286	1.7148	1.6987	1.6814	1.6642	1.6481	1.6343	1.6237	1.6170	1.6147	1.6170	1.6237	1.6343	1.6481	1.6642	1.6814	1.6987	1.7148	1.7286	1.7392	1.7459	
1.6756	1.6729	1.6650	1.6524	1.6359	1.6168	1.5963	1.5757	1.5566	1.5401	1.5275	1.5196	1.5169	1.5196	1.5275	1.5401	1.5566	1.5757	1.5963	1.6168	1.6359	1.6524	1.6650	1.6729	
1.6000	1.5970	1.5881	1.5740	1.5555	1.5341	1.5111	1.4881	1.4666	1.4482	1.4341	1.4252	1.4222	1.4252	1.4341	1.4482	1.4666	1.4881	1.5111	1.5341	1.5555	1.5740	1.5881	1.5970	
1.5222	1.5189	1.5093	1.4940	1.4740	1.4508	1.4259	1.4010	1.3778	1.3578	1.3425	1.3329	1.3296	1.3329	1.3425	1.3578	1.3778	1.4010	1.4259	1.4508	1.4740	1.4940	1.5093	1.5189	
1.4426	1.4391	1.4289	1.4128	1.3917	1.3671	1.3407	1.3144	1.2898	1.2687	1.2525	1.2423	1.2388	1.2423	1.2525	1.2687	1.2898	1.3144	1.3407	1.3671	1.3917	1.4128	1.4289	1.4391	
1.3616	1.3580	1.3474	1.3305	1.3086	1.2830	1.2555	1.2281	1.2025	1.1806	1.1637	1.1531	1.1495	1.1531	1.1637	1.1806	1.2025	1.2281	1.2555	1.2830	1.3086	1.3305	1.3474	1.3580	
1.2793	1.2756	1.2647	1.2474	1.2248	1.1985	1.1704	1.1422	1.1159	1.0933	1.0760	1.0652	1.0615	1.0652	1.0760	1.0933	1.1159	1.1422	1.1704	1.1985	1.2248	1.2474	1.2647	1.2756	
1.1958	1.1920	1.1810	1.1634	1.1405	1.1138	1.0852	1.0566	1.0299	1.0070	0.9894	0.9784	0.9746	0.9784	0.9894	1.0070	1.0299	1.0566	1.0852	1.1138	1.1405	1.1634	1.1810	1.1920	
1.1112	1.1074	1.0963	1.0786	1.0556	1.0288	1.0000	0.9712	0.9444	0.9214	0.9037	0.8926	0.8888	0.8926	0.9037	0.9214	0.9444	0.9712	1.0000	1.0288	1.0556	1.0786	1.0963	1.1074	
1.0254	1.0216	1.0106	0.9930	0.9701	0.9434	0.9148	0.8862	0.8595	0.8366	0.8190	0.8080	0.8042	0.8080	0.8190	0.8366	0.8595	0.8862	0.9148	0.9434	0.9701	0.9930	1.0106	1.0216	
0.9385	0.9348	0.9240	0.9067	0.8841	0.8578	0.8296	0.8015	0.7752	0.7526	0.7353	0.7244	0.7207	0.7244	0.7353	0.7526	0.7752	0.8015	0.8296	0.8578	0.8841	0.9067	0.9240	0.9348	
0.8505	0.8469	0.8363	0.8194	0.7975	0.7719	0.7445	0.7170	0.6914	0.6695	0.6526	0.6420	0.6384	0.6420	0.6526	0.6695	0.6914	0.7170	0.7445	0.7719	0.7975	0.8194	0.8363	0.8469	
0.7612	0.7577	0.7475	0.7313	0.7102	0.6856	0.6593	0.6329	0.6083	0.5872	0.5711	0.5609	0.5574	0.5609	0.5711	0.5872	0.6083	0.6329	0.6593	0.6856	0.7102	0.7313	0.7475	0.7577	
0.6704	0.6671	0.6575	0.6422	0.6222	0.5990	0.5741	0.5492	0.5260	0.5060	0.4907	0.4811	0.4778	0.4811	0.4907	0.5060	0.5260	0.5492	0.5741	0.5990	0.6222	0.6422	0.6575	0.6671	
0.5778	0.5748	0.5659	0.5518	0.5334	0.5119	0.4889	0.4659	0.4445	0.4260	0.4119	0.4030	0.4000	0.4030	0.4119	0.4260	0.4445	0.4659	0.4889	0.5119	0.5334	0.5518	0.5659	0.5748	
0.4831	0.4804	0.4725	0.4599	0.4434	0.4243	0.4037	0.3832	0.3641	0.3476	0.3350	0.3271	0.3244	0.3271	0.3350	0.3476	0.3641	0.3832	0.4037	0.4243	0.4434	0.4599	0.4725	0.4804	
0.3853	0.3830	0.3763	0.3657	0.3519	0.3358	0.3186	0.3013	0.2852	0.2714	0.2608	0.2541	0.2519	0.2541	0.2608	0.2714	0.2852	0.3013	0.3186	0.3358	0.3519	0.3657	0.3763	0.3830	
0.2818	0.2802	0.2753	0.2676	0.2576	0.2459	0.2334	0.2208	0.2092	0.1991	0.1914	0.1866	0.1849	0.1866	0.1914	0.1991	0.2092	0.2208	0.2334	0.2459	0.2576	0.2676	0.2753	0.2802	
0.1482	0.1482	0.1482	0.1482	0.1482	0.1482	0.1482	0.1482	0.1482	0.1482	0.1482	0.1482	0.1482	0.1482	0.1482	0.1482	0.1482	0.1482	0.1482	0.1482	0.1482	0.1482	0.1482	0.1482	
1.8333	1.8333	1.8333	1.8333	1.8333	1.8333	1.8333	1.8333	1.8333	1.8333	1.8333	1.8333	1.8333	1.8333	1.8333	1.8333	1.8333	1.8333	1.8333	1.8333	1.8333	1.8333	1.8333	1.8333	
1.7851	1.7839	1.7804	1.7748	1.7675	1.7591	1.7499	1.7408	1.7323	1.7251	1.7195	1.7159	1.7147	1.7159	1.7195	1.7251	1.7323	1.7408	1.7499	1.7591	1.7675	1.7748	1.7804	1.7839	
1.7151	1.7134	1.7086	1.7009	1.6908	1.6792	1.6666	1.6541	1.6424	1.6324	1.6247	1.6198	1.6182	1.6198	1.6247	1.6324	1.6424	1.6541	1.6666	1.6792	1.6908	1.7009	1.7086	1.7134	
1.6410	1.6390	1.6332	1.6241	1.6121	1.5982	1.5833	1.5684	1.5545	1.5425	1.5333	1.5276	1.5256	1.5276	1.5333	1.5425	1.5545	1.5684	1.5833	1.5982	1.6121	1.6241	1.6332	1.6390	
1.5646	1.5624	1.5559	1.5456	1.5323	1.5167	1.5000	1.4832	1.4677	1.4543	1.4440	1.4376	1.4354	1.4376	1.4440	1.4543	1.4677	1.4832	1.5000	1.5167	1.5323	1.5456	1.5559	1.5624	
1.4866	1.4842	1.4772	1.4661	1.4516	1.4347	1.4166	1.3985	1.3817	1.3672	1.3561	1.3491	1.3467	1.3491	1.3561	1.3672	1.3817	1.3985	1.4166	1.4347	1.4516	1.4661	1.4772	1.4842	
1.4073	1.4048	1.3974	1.3856	1.3703	1.3525	1.3333	1.3142	1.2963	1.2810	1.2692	1.2618	1.2593	1.2618	1.2692	1.2810	1.2963	1.3142	1.3333	1.3525	1.3703	1.3856	1.3974	1.4048	
1.3270	1.3244	1.3167	1.3045	1.2885	1.2699	1.2500	1.2300	1.2115	1.1955	1.1833	1.1756	1.1729	1.1756	1.1833	1.1955	1.2115	1.2300	1.2500	1.2699	1.2885	1.3045	1.3167	1.3244	
1.2458	1.2431	1.2352	1.2226	1.2062	1.1871	1.1667	1.1462	1.1271	1.1107	1.0981	1.0902	1.0875	1.0902	1.0981	1.1107	1.1271	1.1462	1.1667	1.1871	1.2062	1.2226	1.2352	1.2431	
1.1637	1.1609	1.1529	1.1401	1.1235	1.1041	1.0833	1.0625	1.0432	1.0265	1.0137	1.0057	1.0030	1.0057	1.0137	1.0265	1.0432	1.0625	1.0833	1.1041	1.1235	1.1401	1.1529	1.1609	
1.0808	1.0780	1.0699	1.0571	1.0404	1.0209	1.0000	0.9791	0.9596	0.9429	0.9301	0.9220	0.9192	0.9220	0.9301	0.9429	0.9596	0.9791	1.0000	1.0209	1.0404	1.0571	1.0699	1.0780	
0.9970	0.9943	0.9863	0.9735	0.9568	0.9375	0.9167	0.8959	0.8765	0.8599	0.8471	0.8391	0.8363	0.8391	0.8471	0.8599	0.8765	0.8959	0.9167	0.9375	0.9568	0.9735	0.9863	0.9943	
0.9125	0.9098	0.9019	0.8893	0.8729	0.8538	0.8333	0.8129	0.7938	0.7774	0.7648	0.7569	0.7542	0.7569	0.7648	0.7774	0.7938	0.8129	0.8333	0.8538	0.8729	0.8893	0.9019	0.9098	
0.8271	0.8244	0.8167	0.8045	0.7885	0.7700	0.7500	0.7301	0.7115	0.6955	0.6833	0.6756	0.6730	0.6756	0.6833	0.6955	0.7115	0.7301	0.7500	0.7700	0.7885	0.8045	0.8167	0.8244	
0.7407	0.7382	0.7308	0.7190	0.7037	0.6858	0.6667	0.6475	0.6297	0.6144	0.6026	0.5952	0.5927	0.5952	0.6026	0.6144	0.6297	0.6475	0.6667	0.6858	0.7037	0.7190	0.7308	0.7382	
0.6533	0.6509	0.6439	0.6328	0.6183	0.6015	0.5834	0.5653	0.5484	0.5339	0.5228	0.5158	0.5134	0.5158	0.5228	0.5339	0.5484	0.5653	0.5834	0.6015	0.6183	0.6328	0.6439	0.6509	
0.5646	0.5624	0.5560	0.5457	0.5323	0.5168	0.5000	0.4833	0.4677	0.4544	0.4441	0.4376	0.4354	0.4376	0.4441	0.4544	0.4677	0.4833	0.5000	0.5168	0.5323	0.5457	0.5560	0.5624	
0.4744	0.4724	0.4667	0.4575	0.4455	0.4316	0.4167	0.4018	0.3879	0.3759	0.3668	0.3610	0.3590	0.3610	0.3668	0.3759	0.3879	0.4018	0.4167	0.4316	0.4455	0.4575	0.4667	0.4724	
0.3818	0.3802	0.3753	0.3676	0.3576	0.3459	0.3334	0.3208	0.3092	0.2991	0.2914	0.2866	0.2849	0.2866	0.2914	0.2991	0.3092	0.3208	0.3334	0.3459	0.3576	0.3676	0.3753	0.3802	
0.2853	0.2841	0.2805	0.2749	0.2677	0.2592	0.2501	0.2409	0.2325	0.2252	0.2196	0.2161	0.2149	0.2161	0.2196	0.2252	0.2325	0.2409	0.2501	0.2592	0.2677	0.2749	0.2805	0.2841	
0.1667	0.1667	0.1667	0.1667	0.1667	0.1667	0.1667	0.1667	0.1667	0.1667	0.1667	0.1667	0.1667	0.1667	0.1667	0.1667	0.1667	0.1667	0.1667	0.1667	0.1667	0.1667	0.1667	0.1667	
1.8147	1.8147	1.8147	1.8147	1.8147	1.8147	1.8147	1.8147	1.8147	1.8147	1.8147	1.8147	1.8147	1.8147	1.8147	1.8147	1.8147	1.8147	1.8147	1.8147	1.8147	1.8147	1.8147	1.8147	
1.7333	1.7333	1.7333	1.7333	1.7333	1.7333	1.7333	1.7333	1.7333	1.7333	1.7333	1.7333	1.7333	1.7333	1.7333	1.7333	1.7333	1.7333	1.7333	1.7333	1.7333	1.7333	1.7333	1.7333	
1.6518	1.6518	1.6518	1.6518	1.6518	1.6518	1.6518	1.6518	1.6518	1.6518	1.6518	1.6518	1.6518	1.6518	1.6518	1.6518	1.6518	1.6518	1.6518	1.6518	1.6518	1.6518	1.6518	1.6518	
1.5703	1.5703	1.5703	1.5703	1.5703	1.5703	1.5703	1.5703	1.5703	1.5703	1.5703	1.5703	1.5703	1.5703	1.5703	1.5703	1.5703	1.5703	1.5703	1.5703	1.5703	1.5703	1.5703	1.5703	
1.4888	1.4888	1.4888	1.4888	1.4888	1.4888	1.4888	1.4888	1.4888	1.4888	1.4888	1.4888	1.4888	1.4888	1.4888	1.4888	1.4888	1.4888	1.4888	1.4888	1.4888	1.4888	1.4888	1.4888	
1.4074	1.4074	1.4074	1.4074	1.4074	1.4074	1.4074	1.4074	1.4074	1.4074	1.4074	1.4074	1.4074	1.4074	1.4074	1.4074	1.4074	1.4074	1.4074	1.4074	1.4074	1.4074	1.4074	1.4074	
1.3259	1.3259	1.3259	1.3259	1.3259	1.3259	1.3259	1.3259	1.3259	1.3259	1.3259	1.3259	1.3259	1.3259	1.3259	1.3259	1.3259	1.3259	1.3259	1.3259	1.3259	1.3259	1.3259	1.3259	
1.2444	1.2444	1.2444	1.2444	1.2444	1.2444	1.2444	1.2444	1.2444	1.2444	1.2444	1.2444	1.2444	1.2444	1.2444	1.2444	1.2444	1.2444	1.2444	1.2444	1.2444	1.2444	1.2444	1.2444	
1.1629	1.1629	1.1629	1.1629	1.1629	1.1629	1.1629	1.1629	1.1629	1.1629	1.1629	1.1629	1.1629	1.1629	1.1629	1.1629	1.1629	1.1629	1.1629	1.1629	1.1629	1.1629	1.1629	1.1629	
1.0815	1.0815	1.0815	1.0815	1.0815	1.0815	1.0815	1.0815	1.0815	1.0815	1.0815	1.0815	1.0815	1.0815	1.0815	1.0815	1.0815	1.0815	1.0815	1.0815	1.0815	1.0815	1.0815	1.0815	
1.0000	1.0000	1.0000	1.0000	1.0000	1.0000	1.0000	1.0000	1.0000	1.0000	1.0000	1.0000	1.0000	1.0000	1.0000	1.0000	1.0000	1.0000	1.0000	1.0000	1.0000	1.0000	1.0000	1.0000	
0.9185	0.9185	0.9185	0.9185	0.9185	0.9185	0.9185	0.9185	0.9185	0.9185	0.9185	0.9185	0.9185	0.9185	0.9185	0.9185	0.9185	0.9185	0.9185	0.9185	0.9185	0.9185	0.9185	0.9185	
0.8371	0.8371	0.8371	0.8371	0.8371	0.8371	0.8371	0.8371	0.8371	0.8371	0.8371	0.8371	0.8371	0.8371	0.8371	0.8371	0.8371	0.8371	0.8371	0.8371	0.8371	0.8371	0.8371	0.8371	
0.7556	0.7556	0.7556	0.7556	0.7556	0.7556	0.7556	0.7556	0.7556	0.7556	0.7556	0.7556	0.7556	0.7556	0.7556	0.7556	0.7556	0.7556	0.7556	0.7556	0.7556	0.7556	0.7556	0.7556	
0.6741	0.6741	0.6741	0.6741	0.6741	0.6741	0.6741	0.6741	0.6741	0.6741	0.6741	0.6741	0.6741	0.6741	0.6741	0.6741	0.6741	0.6741	0.6741	0.6741	0.6741	0.6741	0.6741	0.6741	
0.5926	0.5926	0.5926	0.5926	0.5926	0.5926	0.5926	0.5926	0.5926	0.5926	0.5926	0.5926	0.5926	0.5926	0.5926	0.5926	0.5926	0.5926	0.5926	0.5926	0.5926	0.5926	0.5926	0.5926	
0.5112	0.5112	0.5112	0.5112	0.5112	0.5112	0.5112	0.5112	0.5112	0.5112	0.5112	0.5112	0.5112	0.5112	0.5112	0.5112	0.5112	0.5112	0.5112	0.5112	0.5112	0.5112	0.5112	0.5112	
0.4297	0.4297	0.4297	0.4297	0.4297	0.4297	0.4297	0.4297	0.4297	0.4297	0.4297	0.4297	0.4297	0.4297	0.4297	0.4297	0.4297	0.4297	0.4297	0.4297	0.4297	0.4297	0.4297	0.4297	
0.3482	0.3482	0.3482	0.3482	0.3482	0.3482	0.3482	0.3482	0.3482	0.3482	0.3482	0.3482	0.3482	0.3482	0.3482	0.3482	0.3482	0.3482	0.3482	0.3482	0.3482	0.3482	0.3482	0.3482	
0.2667	0.2667	0.2667	0.2667	0.2667	0.2667	0.2667	0.2667	0.2667	0.2667	0.2667	0.2667	0.2667	0.2667	0.2667	0.2667	0.2667	0.2667	0.2667	0.2667	0.2667	0.2667	0.2667	0.2667	
0.1853	0.1853	0.1853	0.1853	0.1853	0.1853	0.1853	0.1853	0.1853	0.1853	0.1853	0.1853	0.1853	0.1853	0.1853	0.1853	0.1853	0.1853	0.1853	0.1853	0.1853	0.1853	0.1853	0.1853	
