-0.86546	-0.86546	-0.86546	-0.86546	-0.86546	-0.86546	-0.86546	-0.86546	-0.86546	-0.86546	-0.86546	-0.86546	-0.86546	-0.86546	-0.86546	-0.86546	-0.86546	-0.86546	-0.86546	-0.86546	-0.86546	-0.86546	-0.86546	-0.86546	
-0.76546	-0.76546	-0.76546	-0.76546	-0.76546	-0.76546	-0.76546	-0.76546	-0.76546	-0.76546	-0.76546	-0.76546	-0.76546	-0.76546	-0.76546	-0.76546	-0.76546	-0.76546	-0.76546	-0.76546	-0.76546	-0.76546	-0.76546	-0.76546	
-0.66546	-0.66546	-0.66546	-0.66546	-0.66546	-0.66546	-0.66546	-0.66546	-0.66546	-0.66546	-0.66546	-0.66546	-0.66546	-0.66546	-0.66546	-0.66546	-0.66546	-0.66546	-0.66546	-0.66546	-0.66546	-0.66546	-0.66546	-0.66546	
-0.56546	-0.56546	-0.56546	-0.56546	-0.56546	-0.56546	-0.56546	-0.56546	-0.56546	-0.56546	-0.56546	-0.56546	-0.56546	-0.56546	-0.56546	-0.56546	-0.56546	-0.56546	-0.56546	-0.56546	-0.56546	-0.56546	-0.56546	-0.56546	
-0.46546	-0.46546	-0.46546	-0.46546	-0.46546	-0.46546	-0.46546	-0.46546	-0.46546	-0.46546	-0.46546	-0.46546	-0.46546	-0.46546	-0.46546	-0.46546	-0.46546	-0.46546	-0.46546	-0.46546	-0.46546	-0.46546	-0.46546	-0.46546	
-0.36546	-0.36546	-0.36546	-0.36546	-0.36546	-0.36546	-0.36546	-0.36546	-0.36546	-0.36546	-0.36546	-0.36546	-0.36546	-0.36546	-0.36546	-0.36546	-0.36546	-0.36546	-0.36546	-0.36546	-0.36546	-0.36546	-0.36546	-0.36546	
-0.26546	-0.26546	-0.26546	-0.26546	-0.26546	-0.26546	-0.26546	-0.26546	-0.26546	-0.26546	-0.26546	-0.26546	-0.26546	-0.26546	-0.26546	-0.26546	-0.26546	-0.26546	-0.26546	-0.26546	-0.26546	-0.26546	-0.26546	-0.26546	
-0.16546	-0.16546	-0.16546	-0.16546	-0.16546	-0.16546	-0.16546	-0.16546	-0.16546	-0.16546	-0.16546	-0.16546	-0.16546	-0.16546	-0.16546	-0.16546	-0.16546	-0.16546	-0.16546	-0.16546	-0.16546	-0.16546	-0.16546	-0.16546	
-0.06546	-0.06546	-0.06546	-0.06546	-0.06546	-0.06546	-0.06546	-0.06546	-0.06546	-0.06546	-0.06546	-0.06546	-0.06546	-0.06546	-0.06546	-0.06546	-0.06546	-0.06546	-0.06546	-0.06546	-0.06546	-0.06546	-0.06546	-0.06546	
0.03454	0.03454	0.03454	0.03454	0.03454	0.03454	0.03454	0.03454	0.03454	0.03454	0.03454	0.03454	0.03454	0.03454	0.03454	0.03454	0.03454	0.03454	0.03454	0.03454	0.03454	0.03454	0.03454	0.03454	
0.13454	0.13454	0.13454	0.13454	0.13454	0.13454	0.13454	0.13454	0.13454	0.13454	0.13454	0.13454	0.13454	0.13454	0.13454	0.13454	0.13454	0.13454	0.13454	0.13454	0.13454	0.13454	0.13454	0.13454	
0.23454	0.23454	0.23454	0.23454	0.23454	0.23454	0.23454	0.23454	0.23454	0.23454	0.23454	0.23454	0.23454	0.23454	0.23454	0.23454	0.23454	0.23454	0.23454	0.23454	0.23454	0.23454	0.23454	0.23454	
0.33454	0.33454	0.33454	0.33454	0.33454	0.33454	0.33454	0.33454	0.33454	0.33454	0.33454	0.33454	0.33454	0.33454	0.33454	0.33454	0.33454	0.33454	0.33454	0.33454	0.33454	0.33454	0.33454	0.33454	
0.43454	0.43454	0.43454	0.43454	0.43454	0.43454	0.43454	0.43454	0.43454	0.43454	0.43454	0.43454	0.43454	0.43454	0.43454	0.43454	0.43454	0.43454	0.43454	0.43454	0.43454	0.43454	0.43454	0.43454	
0.53454	0.53454	0.53454	0.53454	0.53454	0.53454	0.53454	0.53454	0.53454	0.53454	0.53454	0.53454	0.53454	0.53454	0.53454	0.53454	0.53454	0.53454	0.53454	0.53454	0.53454	0.53454	0.53454	0.53454	
0.63454	0.63454	0.63454	0.63454	0.63454	0.63454	0.63454	0.63454	0.63454	0.63454	0.63454	0.63454	0.63454	0.63454	0.63454	0.63454	0.63454	0.63454	0.63454	0.63454	0.63454	0.63454	0.63454	0.63454	
0.73454	0.73454	0.73454	0.73454	0.73454	0.73454	0.73454	0.73454	0.73454	0.73454	0.73454	0.73454	0.73454	0.73454	0.73454	0.73454	0.73454	0.73454	0.73454	0.73454	0.73454	0.73454	0.73454	0.73454	
0.83454	0.83454	0.83454	0.83454	0.83454	0.83454	0.83454	0.83454	0.83454	0.83454	0.83454	0.83454	0.83454	0.83454	0.83454	0.83454	0.83454	0.83454	0.83454	0.83454	0.83454	0.83454	0.83454	0.83454	
0.93454	0.93454	0.93454	0.93454	0.93454	0.93454	0.93454	0.93454	0.93454	0.93454	0.93454	0.93454	0.93454	0.93454	0.93454	0.93454	0.93454	0.93454	0.93454	0.93454	0.93454	0.93454	0.93454	0.93454	
1.03454	1.03454	1.03454	1.03454	1.03454	1.03454	1.03454	1.03454	1.03454	1.03454	1.03454	1.03454	1.03454	1.03454	1.03454	1.03454	1.03454	1.03454	1.03454	1.03454	1.03454	1.03454	1.03454	1.03454	
1.13454	1.13454	1.13454	1.13454	1.13454	1.13454	1.13454	1.13454	1.13454	1.13454	1.13454	1.13454	1.13454	1.13454	1.13454	1.13454	1.13454	1.13454	1.13454	1.13454	1.13454	1.13454	1.13454	1.13454	
-0.77891	-0.77891	-0.77891	-0.77891	-0.77891	-0.77891	-0.77891	-0.77891	-0.77891	-0.77891	-0.77891	-0.77891	-0.77891	-0.77891	-0.77891	-0.77891	-0.77891	-0.77891	-0.77891	-0.77891	-0.77891	-0.77891	-0.77891	-0.77891	
-0.67891	-0.67891	-0.67891	-0.67891	-0.67891	-0.67891	-0.67891	-0.67891	-0.67891	-0.67891	-0.67891	-0.67891	-0.67891	-0.67891	-0.67891	-0.67891	-0.67891	-0.67891	-0.67891	-0.67891	-0.67891	-0.67891	-0.67891	-0.67891	
-0.57891	-0.57891	-0.57891	-0.57891	-0.57891	-0.57891	-0.57891	-0.57891	-0.57891	-0.57891	-0.57891	-0.57891	-0.57891	-0.57891	-0.57891	-0.57891	-0.57891	-0.57891	-0.57891	-0.57891	-0.57891	-0.57891	-0.57891	-0.57891	
-0.47891	-0.47891	-0.47891	-0.47891	-0.47891	-0.47891	-0.47891	-0.47891	-0.47891	-0.47891	-0.47891	-0.47891	-0.47891	-0.47891	-0.47891	-0.47891	-0.47891	-0.47891	-0.47891	-0.47891	-0.47891	-0.47891	-0.47891	-0.47891	
-0.37891	-0.37891	-0.37891	-0.37891	-0.37891	-0.37891	-0.37891	-0.37891	-0.37891	-0.37891	-0.37891	-0.37891	-0.37891	-0.37891	-0.37891	-0.37891	-0.37891	-0.37891	-0.37891	-0.37891	-0.37891	-0.37891	-0.37891	-0.37891	
-0.27891	-0.27891	-0.27891	-0.27891	-0.27891	-0.27891	-0.27891	-0.27891	-0.27891	-0.27891	-0.27891	-0.27891	-0.27891	-0.27891	-0.27891	-0.27891	-0.27891	-0.27891	-0.27891	-0.27891	-0.27891	-0.27891	-0.27891	-0.27891	
-0.17891	-0.17891	-0.17891	-0.17891	-0.17891	-0.17891	-0.17891	-0.17891	-0.17891	-0.17891	-0.17891	-0.17891	-0.17891	-0.17891	-0.17891	-0.17891	-0.17891	-0.17891	-0.17891	-0.17891	-0.17891	-0.17891	-0.17891	-0.17891	
-0.07891	-0.07891	-0.07891	-0.07891	-0.07891	-0.07891	-0.07891	-0.07891	-0.07891	-0.07891	-0.07891	-0.07891	-0.07891	-0.07891	-0.07891	-0.07891	-0.07891	-0.07891	-0.07891	-0.07891	-0.07891	-0.07891	-0.07891	-0.07891	
0.02109	0.02109	0.02109	0.02109	0.02109	0.02109	0.02109	0.02109	0.02109	0.02109	0.02109	0.02109	0.02109	0.02109	0.02109	0.02109	0.02109	0.02109	0.02109	0.02109	0.02109	0.02109	0.02109	0.02109	
0.12109	0.12109	0.12109	0.12109	0.12109	0.12109	0.12109	0.12109	0.12109	0.12109	0.12109	0.12109	0.12109	0.12109	0.12109	0.12109	0.12109	0.12109	0.12109	0.12109	0.12109	0.12109	0.12109	0.12109	
0.22109	0.22109	0.22109	0.22109	0.22109	0.22109	0.22109	0.22109	0.22109	0.22109	0.22109	0.22109	0.22109	0.22109	0.22109	0.22109	0.22109	0.22109	0.22109	0.22109	0.22109	0.22109	0.22109	0.22109	
0.32109	0.32109	0.32109	0.32109	0.32109	0.32109	0.32109	0.32109	0.32109	0.32109	0.32109	0.32109	0.32109	0.32109	0.32109	0.32109	0.32109	0.32109	0.32109	0.32109	0.32109	0.32109	0.32109	0.32109	
0.42109	0.42109	0.42109	0.42109	0.42109	0.42109	0.42109	0.42109	0.42109	0.42109	0.42109	0.42109	0.42109	0.42109	0.42109	0.42109	0.42109	0.42109	0.42109	0.42109	0.42109	0.42109	0.42109	0.42109	
0.52109	0.52109	0.52109	0.52109	0.52109	0.52109	0.52109	0.52109	0.52109	0.52109	0.52109	0.52109	0.52109	0.52109	0.52109	0.52109	0.52109	0.52109	0.52109	0.52109	0.52109	0.52109	0.52109	0.52109	
0.62109	0.62109	0.62109	0.62109	0.62109	0.62109	0.62109	0.62109	0.62109	0.62109	0.62109	0.62109	0.62109	0.62109	0.62109	0.62109	0.62109	0.62109	0.62109	0.62109	0.62109	0.62109	0.62109	0.62109	
0.72109	0.72109	0.72109	0.72109	0.72109	0.72109	0.72109	0.72109	0.72109	0.72109	0.72109	0.72109	0.72109	0.72109	0.72109	0.72109	0.72109	0.72109	0.72109	0.72109	0.72109	0.72109	0.72109	0.72109	
0.82109	0.82109	0.82109	0.82109	0.82109	0.82109	0.82109	0.82109	0.82109	0.82109	0.82109	0.82109	0.82109	0.82109	0.82109	0.82109	0.82109	0.82109	0.82109	0.82109	0.82109	0.82109	0.82109	0.82109	
0.92109	0.92109	0.92109	0.92109	0.92109	0.92109	0.92109	0.92109	0.92109	0.92109	0.92109	0.92109	0.92109	0.92109	0.92109	0.92109	0.92109	0.92109	0.92109	0.92109	0.92109	0.92109	0.92109	0.92109	
1.02109	1.02109	1.02109	1.02109	1.02109	1.02109	1.02109	1.02109	1.02109	1.02109	1.02109	1.02109	1.02109	1.02109	1.02109	1.02109	1.02109	1.02109	1.02109	1.02109	1.02109	1.02109	1.02109	1.02109	
1.12109	1.12109	1.12109	1.12109	1.12109	1.12109	1.12109	1.12109	1.12109	1.12109	1.12109	1.12109	1.12109	1.12109	1.12109	1.12109	1.12109	1.12109	1.12109	1.12109	1.12109	1.12109	1.12109	1.12109	
1.22109	1.22109	1.22109	1.22109	1.22109	1.22109	1.22109	1.22109	1.22109	1.22109	1.22109	1.22109	1.22109	1.22109	1.22109	1.22109	1.22109	1.22109	1.22109	1.22109	1.22109	1.22109	1.22109	1.22109	
-0.69237	-0.69237	-0.69237	-0.69237	-0.69237	-0.69237	-0.69237	-0.69237	-0.69237	-0.69237	-0.69237	-0.69237	-0.69237	-0.69237	-0.69237	-0.69237	-0.69237	-0.69237	-0.69237	-0.69237	-0.69237	-0.69237	-0.69237	-0.69237	
-0.59237	-0.59237	-0.59237	-0.59237	-0.59237	-0.59237	-0.59237	-0.59237	-0.59237	-0.59237	-0.59237	-0.59237	-0.59237	-0.59237	-0.59237	-0.59237	-0.59237	-0.59237	-0.59237	-0.59237	-0.59237	-0.59237	-0.59237	-0.59237	
-0.49237	-0.49237	-0.49237	-0.49237	-0.49237	-0.49237	-0.49237	-0.49237	-0.49237	-0.49237	-0.49237	-0.49237	-0.49237	-0.49237	-0.49237	-0.49237	-0.49237	-0.49237	-0.49237	-0.49237	-0.49237	-0.49237	-0.49237	-0.49237	
-0.39237	-0.39237	-0.39237	-0.39237	-0.39237	-0.39237	-0.39237	-0.39237	-0.39237	-0.39237	-0.39237	-0.39237	-0.39237	-0.39237	-0.39237	-0.39237	-0.39237	-0.39237	-0.39237	-0.39237	-0.39237	-0.39237	-0.39237	-0.39237	
-0.29237	-0.29237	-0.29237	-0.29237	-0.29237	-0.29237	-0.29237	-0.29237	-0.29237	-0.29237	-0.29237	-0.29237	-0.29237	-0.29237	-0.29237	-0.29237	-0.29237	-0.29237	-0.29237	-0.29237	-0.29237	-0.29237	-0.29237	-0.29237	
-0.19237	-0.19237	-0.19237	-0.19237	-0.19237	-0.19237	-0.19237	-0.19237	-0.19237	-0.19237	-0.19237	-0.19237	-0.19237	-0.19237	-0.19237	-0.19237	-0.19237	-0.19237	-0.19237	-0.19237	-0.19237	-0.19237	-0.19237	-0.19237	
-0.09237	-0.09237	-0.09237	-0.09237	-0.09237	-0.09237	-0.09237	-0.09237	-0.09237	-0.09237	-0.09237	-0.09237	-0.09237	-0.09237	-0.09237	-0.09237	-0.09237	-0.09237	-0.09237	-0.09237	-0.09237	-0.09237	-0.09237	-0.09237	
0.00763	0.00763	0.00763	0.00763	0.00763	0.00763	0.00763	0.00763	0.00763	0.00763	0.00763	0.00763	0.00763	0.00763	0.00763	0.00763	0.00763	0.00763	0.00763	0.00763	0.00763	0.00763	0.00763	0.00763	
0.10763	0.10763	0.10763	0.10763	0.10763	0.10763	0.10763	0.10763	0.10763	0.10763	0.10763	0.10763	0.10763	0.10763	0.10763	0.10763	0.10763	0.10763	0.10763	0.10763	0.10763	0.10763	0.10763	0.10763	
0.20763	0.20763	0.20763	0.20763	0.20763	0.20763	0.20763	0.20763	0.20763	0.20763	0.20763	0.20763	0.20763	0.20763	0.20763	0.20763	0.20763	0.20763	0.20763	0.20763	0.20763	0.20763	0.20763	0.20763	
0.30763	0.30763	0.30763	0.30763	0.30763	0.30763	0.30763	0.30763	0.30763	0.30763	0.30763	0.30763	0.30763	0.30763	0.30763	0.30763	0.30763	0.30763	0.30763	0.30763	0.30763	0.30763	0.30763	0.30763	
0.40763	0.40763	0.40763	0.40763	0.40763	0.40763	0.40763	0.40763	0.40763	0.40763	0.40763	0.40763	0.40763	0.40763	0.40763	0.40763	0.40763	0.40763	0.40763	0.40763	0.40763	0.40763	0.40763	0.40763	
0.50763	0.50763	0.50763	0.50763	0.50763	0.50763	0.50763	0.50763	0.50763	0.50763	0.50763	0.50763	0.50763	0.50763	0.50763	0.50763	0.50763	0.50763	0.50763	0.50763	0.50763	0.50763	0.50763	0.50763	
0.60763	0.60763	0.60763	0.60763	0.60763	0.60763	0.60763	0.60763	0.60763	0.60763	0.60763	0.60763	0.60763	0.60763	0.60763	0.60763	0.60763	0.60763	0.60763	0.60763	0.60763	0.60763	0.60763	0.60763	
0.70763	0.70763	0.70763	0.70763	0.70763	0.70763	0.70763	0.70763	0.70763	0.70763	0.70763	0.70763	0.70763	0.70763	0.70763	0.70763	0.70763	0.70763	0.70763	0.70763	0.70763	0.70763	0.70763	0.70763	
0.80763	0.80763	0.80763	0.80763	0.80763	0.80763	0.80763	0.80763	0.80763	0.80763	0.80763	0.80763	0.80763	0.80763	0.80763	0.80763	0.80763	0.80763	0.80763	0.80763	0.80763	0.80763	0.80763	0.80763	
0.90763	0.90763	0.90763	0.90763	0.90763	0.90763	0.90763	0.90763	0.90763	0.90763	0.90763	0.90763	0.90763	0.90763	0.90763	0.90763	0.90763	0.90763	0.90763	0.90763	0.90763	0.90763	0.90763	0.90763	
1.00763	1.00763	1.00763	1.00763	1.00763	1.00763	1.00763	1.00763	1.00763	1.00763	1.00763	1.00763	1.00763	1.00763	1.00763	1.00763	1.00763	1.00763	1.00763	1.00763	1.00763	1.00763	1.00763	1.00763	
1.10763	1.10763	1.10763	1.10763	1.10763	1.10763	1.10763	1.10763	1.10763	1.10763	1.10763	1.10763	1.10763	1.10763	1.10763	1.10763	1.10763	1.10763	1.10763	1.10763	1.10763	1.10763	1.10763	1.10763	
1.20763	1.20763	1.20763	1.20763	1.20763	1.20763	1.20763	1.20763	1.20763	1.20763	1.20763	1.20763	1.20763	1.20763	1.20763	1.20763	1.20763	1.20763	1.20763	1.20763	1.20763	1.20763	1.20763	1.20763	
1.30763	1.30763	1.30763	1.30763	1.30763	1.30763	1.30763	1.30763	1.30763	1.30763	1.30763	1.30763	1.30763	1.30763	1.30763	1.30763	1.30763	1.30763	1.30763	1.30763	1.30763	1.30763	1.30763	1.30763	
-0.60582	-0.60582	-0.60582	-0.60582	-0.60582	-0.60582	-0.60582	-0.60582	-0.60582	-0.60582	-0.60582	-0.60582	-0.60582	-0.60582	-0.60582	-0.60582	-0.60582	-0.60582	-0.60582	-0.60582	-0.60582	-0.60582	-0.60582	-0.60582	
-0.50582	-0.50582	-0.50582	-0.50582	-0.50582	-0.50582	-0.50582	-0.50582	-0.50582	-0.50582	-0.50582	-0.50582	-0.50582	-0.50582	-0.50582	-0.50582	-0.50582	-0.50582	-0.50582	-0.50582	-0.50582	-0.50582	-0.50582	-0.50582	
-0.40582	-0.40582	-0.40582	-0.40582	-0.40582	-0.40582	-0.40582	-0.40582	-0.40582	-0.40582	-0.40582	-0.40582	-0.40582	-0.40582	-0.40582	-0.40582	-0.40582	-0.40582	-0.40582	-0.40582	-0.40582	-0.40582	-0.40582	-0.40582	
-0.30582	-0.30582	-0.30582	-0.30582	-0.30582	-0.30582	-0.30582	-0.30582	-0.30582	-0.30582	-0.30582	-0.30582	-0.30582	-0.30582	-0.30582	-0.30582	-0.30582	-0.30582	-0.30582	-0.30582	-0.30582	-0.30582	-0.30582	-0.30582	
-0.20582	-0.20582	-0.20582	-0.20582	-0.20582	-0.20582	-0.20582	-0.20582	-0.20582	-0.20582	-0.20582	-0.20582	-0.20582	-0.20582	-0.20582	-0.20582	-0.20582	-0.20582	-0.20582	-0.20582	-0.20582	-0.20582	-0.20582	-0.20582	
-0.10582	-0.10582	-0.10582	-0.10582	-0.10582	-0.10582	-0.10582	-0.10582	-0.10582	-0.10582	-0.10582	-0.10582	-0.10582	-0.10582	-0.10582	-0.10582	-0.10582	-0.10582	-0.10582	-0.10582	-0.10582	-0.10582	-0.10582	-0.10582	
-0.00582	-0.00582	-0.00582	-0.00582	-0.00582	-0.00582	-0.00582	-0.00582	-0.00582	-0.00582	-0.00582	-0.00582	-0.00582	-0.00582	-0.00582	-0.00582	-0.00582	-0.00582	-0.00582	-0.00582	-0.00582	-0.00582	-0.00582	-0.00582	
0.09418	0.09418	0.09418	0.09418	0.09418	0.09418	0.09418	0.09418	0.09418	0.09418	0.09418	0.09418	0.09418	0.09418	0.09418	0.09418	0.09418	0.09418	0.09418	0.09418	0.09418	0.09418	0.09418	0.09418	
0.19418	0.19418	0.19418	0.19418	0.19418	0.19418	0.19418	0.19418	0.19418	0.19418	0.19418	0.19418	0.19418	0.19418	0.19418	0.19418	0.19418	0.19418	0.19418	0.19418	0.19418	0.19418	0.19418	0.19418	
0.29418	0.29418	0.29418	0.29418	0.29418	0.29418	0.29418	0.29418	0.29418	0.29418	0.29418	0.29418	0.29418	0.29418	0.29418	0.29418	0.29418	0.29418	0.29418	0.29418	0.29418	0.29418	0.29418	0.29418	
0.39418	0.39418	0.39418	0.39418	0.39418	0.39418	0.39418	0.39418	0.39418	0.39418	0.39418	0.39418	0.39418	0.39418	0.39418	0.39418	0.39418	0.39418	0.39418	0.39418	0.39418	0.39418	0.39418	0.39418	
0.49418	0.49418	0.49418	0.49418	0.49418	0.49418	0.49418	0.49418	0.49418	0.49418	0.49418	0.49418	0.49418	0.49418	0.49418	0.49418	0.49418	0.49418	0.49418	0.49418	0.49418	0.49418	0.49418	0.49418	
0.59418	0.59418	0.59418	0.59418	0.59418	0.59418	0.59418	0.59418	0.59418	0.59418	0.59418	0.59418	0.59418	0.59418	0.59418	0.59418	0.59418	0.59418	0.59418	0.59418	0.59418	0.59418	0.59418	0.59418	
0.69418	0.69418	0.69418	0.69418	0.69418	0.69418	0.69418	0.69418	0.69418	0.69418	0.69418	0.69418	0.69418	0.69418	0.69418	0.69418	0.69418	0.69418	0.69418	0.69418	0.69418	0.69418	0.69418	0.69418	
0.79418	0.79418	0.79418	0.79418	0.79418	0.79418	0.79418	0.79418	0.79418	0.79418	0.79418	0.79418	0.79418	0.79418	0.79418	0.79418	0.79418	0.79418	0.79418	0.79418	0.79418	0.79418	0.79418	0.79418	
0.89418	0.89418	0.89418	0.89418	0.89418	0.89418	0.89418	0.89418	0.89418	0.89418	0.89418	0.89418	0.89418	0.89418	0.89418	0.89418	0.89418	0.89418	0.89418	0.89418	0.89418	0.89418	0.89418	0.89418	
0.99418	0.99418	0.99418	0.99418	0.99418	0.99418	0.99418	0.99418	0.99418	0.99418	0.99418	0.99418	0.99418	0.99418	0.99418	0.99418	0.99418	0.99418	0.99418	0.99418	0.99418	0.99418	0.99418	0.99418	
1.09418	1.09418	1.09418	1.09418	1.09418	1.09418	1.09418	1.09418	1.09418	1.09418	1.09418	1.09418	1.09418	1.09418	1.09418	1.09418	1.09418	1.09418	1.09418	1.09418	1.09418	1.09418	1.09418	1.09418	
1.19418	1.19418	1.19418	1.19418	1.19418	1.19418	1.19418	1.19418	1.19418	1.19418	1.19418	1.19418	1.19418	1.19418	1.19418	1.19418	1.19418	1.19418	1.19418	1.19418	1.19418	1.19418	1.19418	1.19418	
1.29418	1.29418	1.29418	1.29418	1.29418	1.29418	1.29418	1.29418	1.29418	1.29418	1.29418	1.29418	1.29418	1.29418	1.29418	1.29418	1.29418	1.29418	1.29418	1.29418	1.29418	1.29418	1.29418	1.29418	
1.39418	1.39418	1.39418	1.39418	1.39418	1.39418	1.39418	1.39418	1.39418	1.39418	1.39418	1.39418	1.39418	1.39418	1.39418	1.39418	1.39418	1.39418	1.39418	1.39418	1.39418	1.39418	1.39418	1.39418	
-0.51928	-0.51928	-0.51928	-0.51928	-0.51928	-0.51928	-0.51928	-0.51928	-0.51928	-0.51928	-0.51928	-0.51928	-0.51928	-0.51928	-0.51928	-0.51928	-0.51928	-0.51928	-0.51928	-0.51928	-0.51928	-0.51928	-0.51928	-0.51928	
-0.41928	-0.41928	-0.41928	-0.41928	-0.41928	-0.41928	-0.41928	-0.41928	-0.41928	-0.41928	-0.41928	-0.41928	-0.41928	-0.41928	-0.41928	-0.41928	-0.41928	-0.41928	-0.41928	-0.41928	-0.41928	-0.41928	-0.41928	-0.41928	
-0.31928	-0.31928	-0.31928	-0.31928	-0.31928	-0.31928	-0.31928	-0.31928	-0.31928	-0.31928	-0.31928	-0.31928	-0.31928	-0.31928	-0.31928	-0.31928	-0.31928	-0.31928	-0.31928	-0.31928	-0.31928	-0.31928	-0.31928	-0.31928	
-0.21928	-0.21928	-0.21928	-0.21928	-0.21928	-0.21928	-0.21928	-0.21928	-0.21928	-0.21928	-0.21928	-0.21928	-0.21928	-0.21928	-0.21928	-0.21928	-0.21928	-0.21928	-0.21928	-0.21928	-0.21928	-0.21928	-0.21928	-0.21928	
-0.11928	-0.11928	-0.11928	-0.11928	-0.11928	-0.11928	-0.11928	-0.11928	-0.11928	-0.11928	-0.11928	-0.11928	-0.11928	-0.11928	-0.11928	-0.11928	-0.11928	-0.11928	-0.11928	-0.11928	-0.11928	-0.11928	-0.11928	-0.11928	
-0.01928	-0.01928	-0.01928	-0.01928	-0.01928	-0.01928	-0.01928	-0.01928	-0.01928	-0.01928	-0.01928	-0.01928	-0.01928	-0.01928	-0.01928	-0.01928	-0.01928	-0.01928	-0.01928	-0.01928	-0.01928	-0.01928	-0.01928	-0.01928	
0.08072	0.08072	0.08072	0.08072	0.08072	0.08072	0.08072	0.08072	0.08072	0.08072	0.08072	0.08072	0.08072	0.08072	0.08072	0.08072	0.08072	0.08072	0.08072	0.08072	0.08072	0.08072	0.08072	0.08072	
0.18072	0.18072	0.18072	0.18072	0.18072	0.18072	0.18072	0.18072	0.18072	0.18072	0.18072	0.18072	0.18072	0.18072	0.18072	0.18072	0.18072	0.18072	0.18072	0.18072	0.18072	0.18072	0.18072	0.18072	
0.28072	0.28072	0.28072	0.28072	0.28072	0.28072	0.28072	0.28072	0.28072	0.28072	0.28072	0.28072	0.28072	0.28072	0.28072	0.28072	0.28072	0.28072	0.28072	0.28072	0.28072	0.28072	0.28072	0.28072	
0.38072	0.38072	0.38072	0.38072	0.38072	0.38072	0.38072	0.38072	0.38072	0.38072	0.38072	0.38072	0.38072	0.38072	0.38072	0.38072	0.38072	0.38072	0.38072	0.38072	0.38072	0.38072	0.38072	0.38072	
0.48072	0.48072	0.48072	0.48072	0.48072	0.48072	0.48072	0.48072	0.48072	0.48072	0.48072	0.48072	0.48072	0.48072	0.48072	0.48072	0.48072	0.48072	0.48072	0.48072	0.48072	0.48072	0.48072	0.48072	
0.58072	0.58072	0.58072	0.58072	0.58072	0.58072	0.58072	0.58072	0.58072	0.58072	0.58072	0.58072	0.58072	0.58072	0.58072	0.58072	0.58072	0.58072	0.58072	0.58072	0.58072	0.58072	0.58072	0.58072	
0.68072	0.68072	0.68072	0.68072	0.68072	0.68072	0.68072	0.68072	0.68072	0.68072	0.68072	0.68072	0.68072	0.68072	0.68072	0.68072	0.68072	0.68072	0.68072	0.68072	0.68072	0.68072	0.68072	0.68072	
0.78072	0.78072	0.78072	0.78072	0.78072	0.78072	0.78072	0.78072	0.78072	0.78072	0.78072	0.78072	0.78072	0.78072	0.78072	0.78072	0.78072	0.78072	0.78072	0.78072	0.78072	0.78072	0.78072	0.78072	
0.88072	0.88072	0.88072	0.88072	0.88072	0.88072	0.88072	0.88072	0.88072	0.88072	0.88072	0.88072	0.88072	0.88072	0.88072	0.88072	0.88072	0.88072	0.88072	0.88072	0.88072	0.88072	0.88072	0.88072	
0.98072	0.98072	0.98072	0.98072	0.98072	0.98072	0.98072	0.98072	0.98072	0.98072	0.98072	0.98072	0.98072	0.98072	0.98072	0.98072	0.98072	0.98072	0.98072	0.98072	0.98072	0.98072	0.98072	0.98072	
1.08072	1.08072	1.08072	1.08072	1.08072	1.08072	1.08072	1.08072	1.08072	1.08072	1.08072	1.08072	1.08072	1.08072	1.08072	1.08072	1.08072	1.08072	1.08072	1.08072	1.08072	1.08072	1.08072	1.08072	
1.18072	1.18072	1.18072	1.18072	1.18072	1.18072	1.18072	1.18072	1.18072	1.18072	1.18072	1.18072	1.18072	1.18072	1.18072	1.18072	1.18072	1.18072	1.18072	1.18072	1.18072	1.18072	1.18072	1.18072	
1.28072	1.28072	1.28072	1.28072	1.28072	1.28072	1.28072	1.28072	1.28072	1.28072	1.28072	1.28072	1.28072	1.28072	1.28072	1.28072	1.28072	1.28072	1.28072	1.28072	1.28072	1.28072	1.28072	1.28072	
1.38072	1.38072	1.38072	1.38072	1.38072	1.38072	1.38072	1.38072	1.38072	1.38072	1.38072	1.38072	1.38072	1.38072	1.38072	1.38072	1.38072	1.38072	1.38072	1.38072	1.38072	1.38072	1.38072	1.38072	
1.48072	1.48072	1.48072	1.48072	1.48072	1.48072	1.48072	1.48072	1.48072	1.48072	1.48072	1.48072	1.48072	1.48072	1.48072	1.48072	1.48072	1.48072	1.48072	1.48072	1.48072	1.48072	1.48072	1.48072	
-0.43273	-0.43273	-0.43273	-0.43273	-0.43273	-0.43273	-0.43273	-0.43273	-0.43273	-0.43273	-0.43273	-0.43273	-0.43273	-0.43273	-0.43273	-0.43273	-0.43273	-0.43273	-0.43273	-0.43273	-0.43273	-0.43273	-0.43273	-0.43273	
-0.33273	-0.33273	-0.33273	-0.33273	-0.33273	-0.33273	-0.33273	-0.33273	-0.33273	-0.33273	-0.33273	-0.33273	-0.33273	-0.33273	-0.33273	-0.33273	-0.33273	-0.33273	-0.33273	-0.33273	-0.33273	-0.33273	-0.33273	-0.33273	
-0.23273	-0.23273	-0.23273	-0.23273	-0.23273	-0.23273	-0.23273	-0.23273	-0.23273	-0.23273	-0.23273	-0.23273	-0.23273	-0.23273	-0.23273	-0.23273	-0.23273	-0.23273	-0.23273	-0.23273	-0.23273	-0.23273	-0.23273	-0.23273	
-0.13273	-0.13273	-0.13273	-0.13273	-0.13273	-0.13273	-0.13273	-0.13273	-0.13273	-0.13273	-0.13273	-0.13273	-0.13273	-0.13273	-0.13273	-0.13273	-0.13273	-0.13273	-0.13273	-0.13273	-0.13273	-0.13273	-0.13273	-0.13273	
-0.03273	-0.03273	-0.03273	-0.03273	-0.03273	-0.03273	-0.03273	-0.03273	-0.03273	-0.03273	-0.03273	-0.03273	-0.03273	-0.03273	-0.03273	-0.03273	-0.03273	-0.03273	-0.03273	-0.03273	-0.03273	-0.03273	-0.03273	-0.03273	
0.06727	0.06727	0.06727	0.06727	0.06727	0.06727	0.06727	0.06727	0.06727	0.06727	0.06727	0.06727	0.06727	0.06727	0.06727	0.06727	0.06727	0.06727	0.06727	0.06727	0.06727	0.06727	0.06727	0.06727	
0.16727	0.16727	0.16727	0.16727	0.16727	0.16727	0.16727	0.16727	0.16727	0.16727	0.16727	0.16727	0.16727	0.16727	0.16727	0.16727	0.16727	0.16727	0.16727	0.16727	0.16727	0.16727	0.16727	0.16727	
0.26727	0.26727	0.26727	0.26727	0.26727	0.26727	0.26727	0.26727	0.26727	0.26727	0.26727	0.26727	0.26727	0.26727	0.26727	0.26727	0.26727	0.26727	0.26727	0.26727	0.26727	0.26727	0.26727	0.26727	
0.36727	0.36727	0.36727	0.36727	0.36727	0.36727	0.36727	0.36727	0.36727	0.36727	0.36727	0.36727	0.36727	0.36727	0.36727	0.36727	0.36727	0.36727	0.36727	0.36727	0.36727	0.36727	0.36727	0.36727	
0.46727	0.46727	0.46727	0.46727	0.46727	0.46727	0.46727	0.46727	0.46727	0.46727	0.46727	0.46727	0.46727	0.46727	0.46727	0.46727	0.46727	0.46727	0.46727	0.46727	0.46727	0.46727	0.46727	0.46727	
0.56727	0.56727	0.56727	0.56727	0.56727	0.56727	0.56727	0.56727	0.56727	0.56727	0.56727	0.56727	0.56727	0.56727	0.56727	0.56727	0.56727	0.56727	0.56727	0.56727	0.56727	0.56727	0.56727	0.56727	
0.66727	0.66727	0.66727	0.66727	0.66727	0.66727	0.66727	0.66727	0.66727	0.66727	0.66727	0.66727	0.66727	0.66727	0.66727	0.66727	0.66727	0.66727	0.66727	0.66727	0.66727	0.66727	0.66727	0.66727	
0.76727	0.76727	0.76727	0.76727	0.76727	0.76727	0.76727	0.76727	0.76727	0.76727	0.76727	0.76727	0.76727	0.76727	0.76727	0.76727	0.76727	0.76727	0.76727	0.76727	0.76727	0.76727	0.76727	0.76727	
0.86727	0.86727	0.86727	0.86727	0.86727	0.86727	0.86727	0.86727	0.86727	0.86727	0.86727	0.86727	0.86727	0.86727	0.86727	0.86727	0.86727	0.86727	0.86727	0.86727	0.86727	0.86727	0.86727	0.86727	
0.96727	0.96727	0.96727	0.96727	0.96727	0.96727	0.96727	0.96727	0.96727	0.96727	0.96727	0.96727	0.96727	0.96727	0.96727	0.96727	0.96727	0.96727	0.96727	0.96727	0.96727	0.96727	0.96727	0.96727	
1.06727	1.06727	1.06727	1.06727	1.06727	1.06727	1.06727	1.06727	1.06727	1.06727	1.06727	1.06727	1.06727	1.06727	1.06727	1.06727	1.06727	1.06727	1.06727	1.06727	1.06727	1.06727	1.06727	1.06727	
1.16727	1.16727	1.16727	1.16727	1.16727	1.16727	1.16727	1.16727	1.16727	1.16727	1.16727	1.16727	1.16727	1.16727	1.16727	1.16727	1.16727	1.16727	1.16727	1.16727	1.16727	1.16727	1.16727	1.16727	
1.26727	1.26727	1.26727	1.26727	1.26727	1.26727	1.26727	1.26727	1.26727	1.26727	1.26727	1.26727	1.26727	1.26727	1.26727	1.26727	1.26727	1.26727	1.26727	1.26727	1.26727	1.26727	1.26727	1.26727	
1.36727	1.36727	1.36727	1.36727	1.36727	1.36727	1.36727	1.36727	1.36727	1.36727	1.36727	1.36727	1.36727	1.36727	1.36727	1.36727	1.36727	1.36727	1.36727	1.36727	1.36727	1.36727	1.36727	1.36727	
1.46727	1.46727	1.46727	1.46727	1.46727	1.46727	1.46727	1.46727	1.46727	1.46727	1.46727	1.46727	1.46727	1.46727	1.46727	1.46727	1.46727	1.46727	1.46727	1.46727	1.46727	1.46727	1.46727	1.46727	
1.56727	1.56727	1.56727	1.56727	1.56727	1.56727	1.56727	1.56727	1.56727	1.56727	1.56727	1.56727	1.56727	1.56727	1.56727	1.56727	1.56727	1.56727	1.56727	1.56727	1.56727	1.56727	1.56727	1.56727	
-0.34618	-0.34618	-0.34618	-0.34618	-0.34618	-0.34618	-0.34618	-0.34618	-0.34618	-0.34618	-0.34618	-0.34618	-0.34618	-0.34618	-0.34618	-0.34618	-0.34618	-0.34618	-0.34618	-0.34618	-0.34618	-0.34618	-0.34618	-0.34618	
-0.24618	-0.24618	-0.24618	-0.24618	-0.24618	-0.24618	-0.24618	-0.24618	-0.24618	-0.24618	-0.24618	-0.24618	-0.24618	-0.24618	-0.24618	-0.24618	-0.24618	-0.24618	-0.24618	-0.24618	-0.24618	-0.24618	-0.24618	-0.24618	
-0.14618	-0.14618	-0.14618	-0.14618	-0.14618	-0.14618	-0.14618	-0.14618	-0.14618	-0.14618	-0.14618	-0.14618	-0.14618	-0.14618	-0.14618	-0.14618	-0.14618	-0.14618	-0.14618	-0.14618	-0.14618	-0.14618	-0.14618	-0.14618	
-0.04618	-0.04618	-0.04618	-0.04618	-0.04618	-0.04618	-0.04618	-0.04618	-0.04618	-0.04618	-0.04618	-0.04618	-0.04618	-0.04618	-0.04618	-0.04618	-0.04618	-0.04618	-0.04618	-0.04618	-0.04618	-0.04618	-0.04618	-0.04618	
0.05382	0.05382	0.05382	0.05382	0.05382	0.05382	0.05382	0.05382	0.05382	0.05382	0.05382	0.05382	0.05382	0.05382	0.05382	0.05382	0.05382	0.05382	0.05382	0.05382	0.05382	0.05382	0.05382	0.05382	
0.15382	0.15382	0.15382	0.15382	0.15382	0.15382	0.15382	0.15382	0.15382	0.15382	0.15382	0.15382	0.15382	0.15382	0.15382	0.15382	0.15382	0.15382	0.15382	0.15382	0.15382	0.15382	0.15382	0.15382	
0.25382	0.25382	0.25382	0.25382	0.25382	0.25382	0.25382	0.25382	0.25382	0.25382	0.25382	0.25382	0.25382	0.25382	0.25382	0.25382	0.25382	0.25382	0.25382	0.25382	0.25382	0.25382	0.25382	0.25382	
0.35382	0.35382	0.35382	0.35382	0.35382	0.35382	0.35382	0.35382	0.35382	0.35382	0.35382	0.35382	0.35382	0.35382	0.35382	0.35382	0.35382	0.35382	0.35382	0.35382	0.35382	0.35382	0.35382	0.35382	
0.45382	0.45382	0.45382	0.45382	0.45382	0.45382	0.45382	0.45382	0.45382	0.45382	0.45382	0.45382	0.45382	0.45382	0.45382	0.45382	0.45382	0.45382	0.45382	0.45382	0.45382	0.45382	0.45382	0.45382	
0.55382	0.55382	0.55382	0.55382	0.55382	0.55382	0.55382	0.55382	0.55382	0.55382	0.55382	0.55382	0.55382	0.55382	0.55382	0.55382	0.55382	0.55382	0.55382	0.55382	0.55382	0.55382	0.55382	0.55382	
0.65382	0.65382	0.65382	0.65382	0.65382	0.65382	0.65382	0.65382	0.65382	0.65382	0.65382	0.65382	0.65382	0.65382	0.65382	0.65382	0.65382	0.65382	0.65382	0.65382	0.65382	0.65382	0.65382	0.65382	
0.75382	0.75382	0.75382	0.75382	0.75382	0.75382	0.75382	0.75382	0.75382	0.75382	0.75382	0.75382	0.75382	0.75382	0.75382	0.75382	0.75382	0.75382	0.75382	0.75382	0.75382	0.75382	0.75382	0.75382	
0.85382	0.85382	0.85382	0.85382	0.85382	0.85382	0.85382	0.85382	0.85382	0.85382	0.85382	0.85382	0.85382	0.85382	0.85382	0.85382	0.85382	0.85382	0.85382	0.85382	0.85382	0.85382	0.85382	0.85382	
0.95382	0.95382	0.95382	0.95382	0.95382	0.95382	0.95382	0.95382	0.95382	0.95382	0.95382	0.95382	0.95382	0.95382	0.95382	0.95382	0.95382	0.95382	0.95382	0.95382	0.95382	0.95382	0.95382	0.95382	
1.05382	1.05382	1.05382	1.05382	1.05382	1.05382	1.05382	1.05382	1.05382	1.05382	1.05382	1.05382	1.05382	1.05382	1.05382	1.05382	1.05382	1.05382	1.05382	1.05382	1.05382	1.05382	1.05382	1.05382	
1.15382	1.15382	1.15382	1.15382	1.15382	1.15382	1.15382	1.15382	1.15382	1.15382	1.15382	1.15382	1.15382	1.15382	1.15382	1.15382	1.15382	1.15382	1.15382	1.15382	1.15382	1.15382	1.15382	1.15382	
1.25382	1.25382	1.25382	1.25382	1.25382	1.25382	1.25382	1.25382	1.25382	1.25382	1.25382	1.25382	1.25382	1.25382	1.25382	1.25382	1.25382	1.25382	1.25382	1.25382	1.25382	1.25382	1.25382	1.25382	
1.35382	1.35382	1.35382	1.35382	1.35382	1.35382	1.35382	1.35382	1.35382	1.35382	1.35382	1.35382	1.35382	1.35382	1.35382	1.35382	1.35382	1.35382	1.35382	1.35382	1.35382	1.35382	1.35382	1.35382	
1.45382	1.45382	1.45382	1.45382	1.45382	1.45382	1.45382	1.45382	1.45382	1.45382	1.45382	1.45382	1.45382	1.45382	1.45382	1.45382	1.45382	1.45382	1.45382	1.45382	1.45382	1.45382	1.45382	1.45382	
1.55382	1.55382	1.55382	1.55382	1.55382	1.55382	1.55382	1.55382	1.55382	1.55382	1.55382	1.55382	1.55382	1.55382	1.55382	1.55382	1.55382	1.55382	1.55382	1.55382	1.55382	1.55382	1.55382	1.55382	
1.65382	1.65382	1.65382	1.65382	1.65382	1.65382	1.65382	1.65382	1.65382	1.65382	1.65382	1.65382	1.65382	1.65382	1.65382	1.65382	1.65382	1.65382	1.65382	1.65382	1.65382	1.65382	1.65382	1.65382	
-0.25964	-0.25964	-0.25964	-0.25964	-0.25964	-0.25964	-0.25964	-0.25964	-0.25964	-0.25964	-0.25964	-0.25964	-0.25964	-0.25964	-0.25964	-0.25964	-0.25964	-0.25964	-0.25964	-0.25964	-0.25964	-0.25964	-0.25964	-0.25964	
-0.15964	-0.15964	-0.15964	-0.15964	-0.15964	-0.15964	-0.15964	-0.15964	-0.15964	-0.15964	-0.15964	-0.15964	-0.15964	-0.15964	-0.15964	-0.15964	-0.15964	-0.15964	-0.15964	-0.15964	-0.15964	-0.15964	-0.15964	-0.15964	
-0.05964	-0.05964	-0.05964	-0.05964	-0.05964	-0.05964	-0.05964	-0.05964	-0.05964	-0.05964	-0.05964	-0.05964	-0.05964	-0.05964	-0.05964	-0.05964	-0.05964	-0.05964	-0.05964	-0.05964	-0.05964	-0.05964	-0.05964	-0.05964	
0.04036	0.04036	0.04036	0.04036	0.04036	0.04036	0.04036	0.04036	0.04036	0.04036	0.04036	0.04036	0.04036	0.04036	0.04036	0.04036	0.04036	0.04036	0.04036	0.04036	0.04036	0.04036	0.04036	0.04036	
0.14036	0.14036	0.14036	0.14036	0.14036	0.14036	0.14036	0.14036	0.14036	0.14036	0.14036	0.14036	0.14036	0.14036	0.14036	0.14036	0.14036	0.14036	0.14036	0.14036	0.14036	0.14036	0.14036	0.14036	
0.24036	0.24036	0.24036	0.24036	0.24036	0.24036	0.24036	0.24036	0.24036	0.24036	0.24036	0.24036	0.24036	0.24036	0.24036	0.24036	0.24036	0.24036	0.24036	0.24036	0.24036	0.24036	0.24036	0.24036	
0.34036	0.34036	0.34036	0.34036	0.34036	0.34036	0.34036	0.34036	0.34036	0.34036	0.34036	0.34036	0.34036	0.34036	0.34036	0.34036	0.34036	0.34036	0.34036	0.34036	0.34036	0.34036	0.34036	0.34036	
0.44036	0.44036	0.44036	0.44036	0.44036	0.44036	0.44036	0.44036	0.44036	0.44036	0.44036	0.44036	0.44036	0.44036	0.44036	0.44036	0.44036	0.44036	0.44036	0.44036	0.44036	0.44036	0.44036	0.44036	
0.54036	0.54036	0.54036	0.54036	0.54036	0.54036	0.54036	0.54036	0.54036	0.54036	0.54036	0.54036	0.54036	0.54036	0.54036	0.54036	0.54036	0.54036	0.54036	0.54036	0.54036	0.54036	0.54036	0.54036	
0.64036	0.64036	0.64036	0.64036	0.64036	0.64036	0.64036	0.64036	0.64036	0.64036	0.64036	0.64036	0.64036	0.64036	0.64036	0.64036	0.64036	0.64036	0.64036	0.64036	0.64036	0.64036	0.64036	0.64036	
0.74036	0.74036	0.74036	0.74036	0.74036	0.74036	0.74036	0.74036	0.74036	0.74036	0.74036	0.74036	0.74036	0.74036	0.74036	0.74036	0.74036	0.74036	0.74036	0.74036	0.74036	0.74036	0.74036	0.74036	
0.84036	0.84036	0.84036	0.84036	0.84036	0.84036	0.84036	0.84036	0.84036	0.84036	0.84036	0.84036	0.84036	0.84036	0.84036	0.84036	0.84036	0.84036	0.84036	0.84036	0.84036	0.84036	0.84036	0.84036	
0.94036	0.94036	0.94036	0.94036	0.94036	0.94036	0.94036	0.94036	0.94036	0.94036	0.94036	0.94036	0.94036	0.94036	0.94036	0.94036	0.94036	0.94036	0.94036	0.94036	0.94036	0.94036	0.94036	0.94036	
1.04036	1.04036	1.04036	1.04036	1.04036	1.04036	1.04036	1.04036	1.04036	1.04036	1.04036	1.04036	1.04036	1.04036	1.04036	1.04036	1.04036	1.04036	1.04036	1.04036	1.04036	1.04036	1.04036	1.04036	
1.14036	1.14036	1.14036	1.14036	1.14036	1.14036	1.14036	1.14036	1.14036	1.14036	1.14036	1.14036	1.14036	1.14036	1.14036	1.14036	1.14036	1.14036	1.14036	1.14036	1.14036	1.14036	1.14036	1.14036	
1.24036	1.24036	1.24036	1.24036	1.24036	1.24036	1.24036	1.24036	1.24036	1.24036	1.24036	1.24036	1.24036	1.24036	1.24036	1.24036	1.24036	1.24036	1.24036	1.24036	1.24036	1.24036	1.24036	1.24036	
1.34036	1.34036	1.34036	1.34036	1.34036	1.34036	1.34036	1.34036	1.34036	1.34036	1.34036	1.34036	1.34036	1.34036	1.34036	1.34036	1.34036	1.34036	1.34036	1.34036	1.34036	1.34036	1.34036	1.34036	
1.44036	1.44036	1.44036	1.44036	1.44036	1.44036	1.44036	1.44036	1.44036	1.44036	1.44036	1.44036	1.44036	1.44036	1.44036	1.44036	1.44036	1.44036	1.44036	1.44036	1.44036	1.44036	1.44036	1.44036	
1.54036	1.54036	1.54036	1.54036	1.54036	1.54036	1.54036	1.54036	1.54036	1.54036	1.54036	1.54036	1.54036	1.54036	1.54036	1.54036	1.54036	1.54036	1.54036	1.54036	1.54036	1.54036	1.54036	1.54036	
1.64036	1.64036	1.64036	1.64036	1.64036	1.64036	1.64036	1.64036	1.64036	1.64036	1.64036	1.64036	1.64036	1.64036	1.64036	1.64036	1.64036	1.64036	1.64036	1.64036	1.64036	1.64036	1.64036	1.64036	
1.74036	1.74036	1.74036	1.74036	1.74036	1.74036	1.74036	1.74036	1.74036	1.74036	1.74036	1.74036	1.74036	1.74036	1.74036	1.74036	1.74036	1.74036	1.74036	1.74036	1.74036	1.74036	1.74036	1.74036	
-0.17309	-0.17309	-0.17309	-0.17309	-0.17309	-0.17309	-0.17309	-0.17309	-0.17309	-0.17309	-0.17309	-0.17309	-0.17309	-0.17309	-0.17309	-0.17309	-0.17309	-0.17309	-0.17309	-0.17309	-0.17309	-0.17309	-0.17309	-0.17309	
-0.07309	-0.07309	-0.07309	-0.07309	-0.07309	-0.07309	-0.07309	-0.07309	-0.07309	-0.07309	-0.07309	-0.07309	-0.07309	-0.07309	-0.07309	-0.07309	-0.07309	-0.07309	-0.07309	-0.07309	-0.07309	-0.07309	-0.07309	-0.07309	
0.02691	0.02691	0.02691	0.02691	0.02691	0.02691	0.02691	0.02691	0.02691	0.02691	0.02691	0.02691	0.02691	0.02691	0.02691	0.02691	0.02691	0.02691	0.02691	0.02691	0.02691	0.02691	0.02691	0.02691	
0.12691	0.12691	0.12691	0.12691	0.12691	0.12691	0.12691	0.12691	0.12691	0.12691	0.12691	0.12691	0.12691	0.12691	0.12691	0.12691	0.12691	0.12691	0.12691	0.12691	0.12691	0.12691	0.12691	0.12691	
0.22691	0.22691	0.22691	0.22691	0.22691	0.22691	0.22691	0.22691	0.22691	0.22691	0.22691	0.22691	0.22691	0.22691	0.22691	0.22691	0.22691	0.22691	0.22691	0.22691	0.22691	0.22691	0.22691	0.22691	
0.32691	0.32691	0.32691	0.32691	0.32691	0.32691	0.32691	0.32691	0.32691	0.32691	0.32691	0.32691	0.32691	0.32691	0.32691	0.32691	0.32691	0.32691	0.32691	0.32691	0.32691	0.32691	0.32691	0.32691	
0.42691	0.42691	0.42691	0.42691	0.42691	0.42691	0.42691	0.42691	0.42691	0.42691	0.42691	0.42691	0.42691	0.42691	0.42691	0.42691	0.42691	0.42691	0.42691	0.42691	0.42691	0.42691	0.42691	0.42691	
0.52691	0.52691	0.52691	0.52691	0.52691	0.52691	0.52691	0.52691	0.52691	0.52691	0.52691	0.52691	0.52691	0.52691	0.52691	0.52691	0.52691	0.52691	0.52691	0.52691	0.52691	0.52691	0.52691	0.52691	
0.62691	0.62691	0.62691	0.62691	0.62691	0.62691	0.62691	0.62691	0.62691	0.62691	0.62691	0.62691	0.62691	0.62691	0.62691	0.62691	0.62691	0.62691	0.62691	0.62691	0.62691	0.62691	0.62691	0.62691	
0.72691	0.72691	0.72691	0.72691	0.72691	0.72691	0.72691	0.72691	0.72691	0.72691	0.72691	0.72691	0.72691	0.72691	0.72691	0.72691	0.72691	0.72691	0.72691	0.72691	0.72691	0.72691	0.72691	0.72691	
0.82691	0.82691	0.82691	0.82691	0.82691	0.82691	0.82691	0.82691	0.82691	0.82691	0.82691	0.82691	0.82691	0.82691	0.82691	0.82691	0.82691	0.82691	0.82691	0.82691	0.82691	0.82691	0.82691	0.82691	
0.92691	0.92691	0.92691	0.92691	0.92691	0.92691	0.92691	0.92691	0.92691	0.92691	0.92691	0.92691	0.92691	0.92691	0.92691	0.92691	0.92691	0.92691	0.92691	0.92691	0.92691	0.92691	0.92691	0.92691	
1.02691	1.02691	1.02691	1.02691	1.02691	1.02691	1.02691	1.02691	1.02691	1.02691	1.02691	1.02691	1.02691	1.02691	1.02691	1.02691	1.02691	1.02691	1.02691	1.02691	1.02691	1.02691	1.02691	1.02691	
1.12691	1.12691	1.12691	1.12691	1.12691	1.12691	1.12691	1.12691	1.12691	1.12691	1.12691	1.12691	1.12691	1.12691	1.12691	1.12691	1.12691	1.12691	1.12691	1.12691	1.12691	1.12691	1.12691	1.12691	
1.22691	1.22691	1.22691	1.22691	1.22691	1.22691	1.22691	1.22691	1.22691	1.22691	1.22691	1.22691	1.22691	1.22691	1.22691	1.22691	1.22691	1.22691	1.22691	1.22691	1.22691	1.22691	1.22691	1.22691	
1.32691	1.32691	1.32691	1.32691	1.32691	1.32691	1.32691	1.32691	1.32691	1.32691	1.32691	1.32691	1.32691	1.32691	1.32691	1.32691	1.32691	1.32691	1.32691	1.32691	1.32691	1.32691	1.32691	1.32691	
1.42691	1.42691	1.42691	1.42691	1.42691	1.42691	1.42691	1.42691	1.42691	1.42691	1.42691	1.42691	1.42691	1.42691	1.42691	1.42691	1.42691	1.42691	1.42691	1.42691	1.42691	1.42691	1.42691	1.42691	
1.52691	1.52691	1.52691	1.52691	1.52691	1.52691	1.52691	1.52691	1.52691	1.52691	1.52691	1.52691	1.52691	1.52691	1.52691	1.52691	1.52691	1.52691	1.52691	1.52691	1.52691	1.52691	1.52691	1.52691	
1.62691	1.62691	1.62691	1.62691	1.62691	1.62691	1.62691	1.62691	1.62691	1.62691	1.62691	1.62691	1.62691	1.62691	1.62691	1.62691	1.62691	1.62691	1.62691	1.62691	1.62691	1.62691	1.62691	1.62691	
1.72691	1.72691	1.72691	1.72691	1.72691	1.72691	1.72691	1.72691	1.72691	1.72691	1.72691	1.72691	1.72691	1.72691	1.72691	1.72691	1.72691	1.72691	1.72691	1.72691	1.72691	1.72691	1.72691	1.72691	
1.82691	1.82691	1.82691	1.82691	1.82691	1.82691	1.82691	1.82691	1.82691	1.82691	1.82691	1.82691	1.82691	1.82691	1.82691	1.82691	1.82691	1.82691	1.82691	1.82691	1.82691	1.82691	1.82691	1.82691	
-0.08655	-0.08655	-0.08655	-0.08655	-0.08655	-0.08655	-0.08655	-0.08655	-0.08655	-0.08655	-0.08655	-0.08655	-0.08655	-0.08655	-0.08655	-0.08655	-0.08655	-0.08655	-0.08655	-0.08655	-0.08655	-0.08655	-0.08655	-0.08655	
0.01345	0.01345	0.01345	0.01345	0.01345	0.01345	0.01345	0.01345	0.01345	0.01345	0.01345	0.01345	0.01345	0.01345	0.01345	0.01345	0.01345	0.01345	0.01345	0.01345	0.01345	0.01345	0.01345	0.01345	
0.11345	0.11345	0.11345	0.11345	0.11345	0.11345	0.11345	0.11345	0.11345	0.11345	0.11345	0.11345	0.11345	0.11345	0.11345	0.11345	0.11345	0.11345	0.11345	0.11345	0.11345	0.11345	0.11345	0.11345	
0.21345	0.21345	0.21345	0.21345	0.21345	0.21345	0.21345	0.21345	0.21345	0.21345	0.21345	0.21345	0.21345	0.21345	0.21345	0.21345	0.21345	0.21345	0.21345	0.21345	0.21345	0.21345	0.21345	0.21345	
0.31345	0.31345	0.31345	0.31345	0.31345	0.31345	0.31345	0.31345	0.31345	0.31345	0.31345	0.31345	0.31345	0.31345	0.31345	0.31345	0.31345	0.31345	0.31345	0.31345	0.31345	0.31345	0.31345	0.31345	
0.41345	0.41345	0.41345	0.41345	0.41345	0.41345	0.41345	0.41345	0.41345	0.41345	0.41345	0.41345	0.41345	0.41345	0.41345	0.41345	0.41345	0.41345	0.41345	0.41345	0.41345	0.41345	0.41345	0.41345	
0.51345	0.51345	0.51345	0.51345	0.51345	0.51345	0.51345	0.51345	0.51345	0.51345	0.51345	0.51345	0.51345	0.51345	0.51345	0.51345	0.51345	0.51345	0.51345	0.51345	0.51345	0.51345	0.51345	0.51345	
0.61345	0.61345	0.61345	0.61345	0.61345	0.61345	0.61345	0.61345	0.61345	0.61345	0.61345	0.61345	0.61345	0.61345	0.61345	0.61345	0.61345	0.61345	0.61345	0.61345	0.61345	0.61345	0.61345	0.61345	
0.71345	0.71345	0.71345	0.71345	0.71345	0.71345	0.71345	0.71345	0.71345	0.71345	0.71345	0.71345	0.71345	0.71345	0.71345	0.71345	0.71345	0.71345	0.71345	0.71345	0.71345	0.71345	0.71345	0.71345	
0.81345	0.81345	0.81345	0.81345	0.81345	0.81345	0.81345	0.81345	0.81345	0.81345	0.81345	0.81345	0.81345	0.81345	0.81345	0.81345	0.81345	0.81345	0.81345	0.81345	0.81345	0.81345	0.81345	0.81345	
0.91345	0.91345	0.91345	0.91345	0.91345	0.91345	0.91345	0.91345	0.91345	0.91345	0.91345	0.91345	0.91345	0.91345	0.91345	0.91345	0.91345	0.91345	0.91345	0.91345	0.91345	0.91345	0.91345	0.91345	
1.01345	1.01345	1.01345	1.01345	1.01345	1.01345	1.01345	1.01345	1.01345	1.01345	1.01345	1.01345	1.01345	1.01345	1.01345	1.01345	1.01345	1.01345	1.01345	1.01345	1.01345	1.01345	1.01345	1.01345	
1.11345	1.11345	1.11345	1.11345	1.11345	1.11345	1.11345	1.11345	1.11345	1.11345	1.11345	1.11345	1.11345	1.11345	1.11345	1.11345	1.11345	1.11345	1.11345	1.11345	1.11345	1.11345	1.11345	1.11345	
1.21345	1.21345	1.21345	1.21345	1.21345	1.21345	1.21345	1.21345	1.21345	1.21345	1.21345	1.21345	1.21345	1.21345	1.21345	1.21345	1.21345	1.21345	1.21345	1.21345	1.21345	1.21345	1.21345	1.21345	
1.31345	1.31345	1.31345	1.31345	1.31345	1.31345	1.31345	1.31345	1.31345	1.31345	1.31345	1.31345	1.31345	1.31345	1.31345	1.31345	1.31345	1.31345	1.31345	1.31345	1.31345	1.31345	1.31345	1.31345	
1.41345	1.41345	1.41345	1.41345	1.41345	1.41345	1.41345	1.41345	1.41345	1.41345	1.41345	1.41345	1.41345	1.41345	1.41345	1.41345	1.41345	1.41345	1.41345	1.41345	1.41345	1.41345	1.41345	1.41345	
1.51345	1.51345	1.51345	1.51345	1.51345	1.51345	1.51345	1.51345	1.51345	1.51345	1.51345	1.51345	1.51345	1.51345	1.51345	1.51345	1.51345	1.51345	1.51345	1.51345	1.51345	1.51345	1.51345	1.51345	
1.61345	1.61345	1.61345	1.61345	1.61345	1.61345	1.61345	1.61345	1.61345	1.61345	1.61345	1.61345	1.61345	1.61345	1.61345	1.61345	1.61345	1.61345	1.61345	1.61345	1.61345	1.61345	1.61345	1.61345	
1.71345	1.71345	1.71345	1.71345	1.71345	1.71345	1.71345	1.71345	1.71345	1.71345	1.71345	1.71345	1.71345	1.71345	1.71345	1.71345	1.71345	1.71345	1.71345	1.71345	1.71345	1.71345	1.71345	1.71345	
1.81345	1.81345	1.81345	1.81345	1.81345	1.81345	1.81345	1.81345	1.81345	1.81345	1.81345	1.81345	1.81345	1.81345	1.81345	1.81345	1.81345	1.81345	1.81345	1.81345	1.81345	1.81345	1.81345	1.81345	
1.91345	1.91345	1.91345	1.91345	1.91345	1.91345	1.91345	1.91345	1.91345	1.91345	1.91345	1.91345	1.91345	1.91345	1.91345	1.91345	1.91345	1.91345	1.91345	1.91345	1.91345	1.91345	1.91345	1.91345	
0.00000	0.00000	0.00000	0.00000	0.00000	0.00000	0.00000	0.00000	0.00000	0.00000	0.00000	0.00000	0.00000	0.00000	0.00000	0.00000	0.00000	0.00000	0.00000	0.00000	0.00000	0.00000	0.00000	0.00000	
0.10000	0.10000	0.10000	0.10000	0.10000	0.10000	0.10000	0.10000	0.10000	0.10000	0.10000	0.10000	0.10000	0.10000	0.10000	0.10000	0.10000	0.10000	0.10000	0.10000	0.10000	0.10000	0.10000	0.10000	
0.20000	0.20000	0.20000	0.20000	0.20000	0.20000	0.20000	0.20000	0.20000	0.20000	0.20000	0.20000	0.20000	0.20000	0.20000	0.20000	0.20000	0.20000	0.20000	0.20000	0.20000	0.20000	0.20000	0.20000	
0.30000	0.30000	0.30000	0.30000	0.30000	0.30000	0.30000	0.30000	0.30000	0.30000	0.30000	0.30000	0.30000	0.30000	0.30000	0.30000	0.30000	0.30000	0.30000	0.30000	0.30000	0.30000	0.30000	0.30000	
0.40000	0.40000	0.40000	0.40000	0.40000	0.40000	0.40000	0.40000	0.40000	0.40000	0.40000	0.40000	0.40000	0.40000	0.40000	0.40000	0.40000	0.40000	0.40000	0.40000	0.40000	0.40000	0.40000	0.40000	
0.50000	0.50000	0.50000	0.50000	0.50000	0.50000	0.50000	0.50000	0.50000	0.50000	0.50000	0.50000	0.50000	0.50000	0.50000	0.50000	0.50000	0.50000	0.50000	0.50000	0.50000	0.50000	0.50000	0.50000	
0.60000	0.60000	0.60000	0.60000	0.60000	0.60000	0.60000	0.60000	0.60000	0.60000	0.60000	0.60000	0.60000	0.60000	0.60000	0.60000	0.60000	0.60000	0.60000	0.60000	0.60000	0.60000	0.60000	0.60000	
0.70000	0.70000	0.70000	0.70000	0.70000	0.70000	0.70000	0.70000	0.70000	0.70000	0.70000	0.70000	0.70000	0.70000	0.70000	0.70000	0.70000	0.70000	0.70000	0.70000	0.70000	0.70000	0.70000	0.70000	
0.80000	0.80000	0.80000	0.80000	0.80000	0.80000	0.80000	0.80000	0.80000	0.80000	0.80000	0.80000	0.80000	0.80000	0.80000	0.80000	0.80000	0.80000	0.80000	0.80000	0.80000	0.80000	0.80000	0.80000	
0.90000	0.90000	0.90000	0.90000	0.90000	0.90000	0.90000	0.90000	0.90000	0.90000	0.90000	0.90000	0.90000	0.90000	0.90000	0.90000	0.90000	0.90000	0.90000	0.90000	0.90000	0.90000	0.90000	0.90000	
1.00000	1.00000	1.00000	1.00000	1.00000	1.00000	1.00000	1.00000	1.00000	1.00000	1.00000	1.00000	1.00000	1.00000	1.00000	1.00000	1.00000	1.00000	1.00000	1.00000	1.00000	1.00000	1.00000	1.00000	
1.10000	1.10000	1.10000	1.10000	1.10000	1.10000	1.10000	1.10000	1.10000	1.10000	1.10000	1.10000	1.10000	1.10000	1.10000	1.10000	1.10000	1.10000	1.10000	1.10000	1.10000	1.10000	1.10000	1.10000	
1.20000	1.20000	1.20000	1.20000	1.20000	1.20000	1.20000	1.20000	1.20000	1.20000	1.20000	1.20000	1.20000	1.20000	1.20000	1.20000	1.20000	1.20000	1.20000	1.20000	1.20000	1.20000	1.20000	1.20000	
1.30000	1.30000	1.30000	1.30000	1.30000	1.30000	1.30000	1.30000	1.30000	1.30000	1.30000	1.30000	1.30000	1.30000	1.30000	1.30000	1.30000	1.30000	1.30000	1.30000	1.30000	1.30000	1.30000	1.30000	
1.40000	1.40000	1.40000	1.40000	1.40000	1.40000	1.40000	1.40000	1.40000	1.40000	1.40000	1.40000	1.40000	1.40000	1.40000	1.40000	1.40000	1.40000	1.40000	1.40000	1.40000	1.40000	1.40000	1.40000	
1.50000	1.50000	1.50000	1.50000	1.50000	1.50000	1.50000	1.50000	1.50000	1.50000	1.50000	1.50000	1.50000	1.50000	1.50000	1.50000	1.50000	1.50000	1.50000	1.50000	1.50000	1.50000	1.50000	1.50000	
1.60000	1.60000	1.60000	1.60000	1.60000	1.60000	1.60000	1.60000	1.60000	1.60000	1.60000	1.60000	1.60000	1.60000	1.60000	1.60000	1.60000	1.60000	1.60000	1.60000	1.60000	1.60000	1.60000	1.60000	
1.70000	1.70000	1.70000	1.70000	1.70000	1.70000	1.70000	1.70000	1.70000	1.70000	1.70000	1.70000	1.70000	1.70000	1.70000	1.70000	1.70000	1.70000	1.70000	1.70000	1.70000	1.70000	1.70000	1.70000	
1.80000	1.80000	1.80000	1.80000	1.80000	1.80000	1.80000	1.80000	1.80000	1.80000	1.80000	1.80000	1.80000	1.80000	1.80000	1.80000	1.80000	1.80000	1.80000	1.80000	1.80000	1.80000	1.80000	1.80000	
1.90000	1.90000	1.90000	1.90000	1.90000	1.90000	1.90000	1.90000	1.90000	1.90000	1.90000	1.90000	1.90000	1.90000	1.90000	1.90000	1.90000	1.90000	1.90000	1.90000	1.90000	1.90000	1.90000	1.90000	
2.00000	2.00000	2.00000	2.00000	2.00000	2.00000	2.00000	2.00000	2.00000	2.00000	2.00000	2.00000	2.00000	2.00000	2.00000	2.00000	2.00000	2.00000	2.00000	2.00000	2.00000	2.00000	2.00000	2.00000	
0.08655	0.08655	0.08655	0.08655	0.08655	0.08655	0.08655	0.08655	0.08655	0.08655	0.08655	0.08655	0.08655	0.08655	0.08655	0.08655	0.08655	0.08655	0.08655	0.08655	0.08655	0.08655	0.08655	0.08655	
0.18655	0.18655	0.18655	0.18655	0.18655	0.18655	0.18655	0.18655	0.18655	0.18655	0.18655	0.18655	0.18655	0.18655	0.18655	0.18655	0.18655	0.18655	0.18655	0.18655	0.18655	0.18655	0.18655	0.18655	
0.28655	0.28655	0.28655	0.28655	0.28655	0.28655	0.28655	0.28655	0.28655	0.28655	0.28655	0.28655	0.28655	0.28655	0.28655	0.28655	0.28655	0.28655	0.28655	0.28655	0.28655	0.28655	0.28655	0.28655	
0.38655	0.38655	0.38655	0.38655	0.38655	0.38655	0.38655	0.38655	0.38655	0.38655	0.38655	0.38655	0.38655	0.38655	0.38655	0.38655	0.38655	0.38655	0.38655	0.38655	0.38655	0.38655	0.38655	0.38655	
0.48655	0.48655	0.48655	0.48655	0.48655	0.48655	0.48655	0.48655	0.48655	0.48655	0.48655	0.48655	0.48655	0.48655	0.48655	0.48655	0.48655	0.48655	0.48655	0.48655	0.48655	0.48655	0.48655	0.48655	
0.58655	0.58655	0.58655	0.58655	0.58655	0.58655	0.58655	0.58655	0.58655	0.58655	0.58655	0.58655	0.58655	0.58655	0.58655	0.58655	0.58655	0.58655	0.58655	0.58655	0.58655	0.58655	0.58655	0.58655	
0.68655	0.68655	0.68655	0.68655	0.68655	0.68655	0.68655	0.68655	0.68655	0.68655	0.68655	0.68655	0.68655	0.68655	0.68655	0.68655	0.68655	0.68655	0.68655	0.68655	0.68655	0.68655	0.68655	0.68655	
0.78655	0.78655	0.78655	0.78655	0.78655	0.78655	0.78655	0.78655	0.78655	0.78655	0.78655	0.78655	0.78655	0.78655	0.78655	0.78655	0.78655	0.78655	0.78655	0.78655	0.78655	0.78655	0.78655	0.78655	
0.88655	0.88655	0.88655	0.88655	0.88655	0.88655	0.88655	0.88655	0.88655	0.88655	0.88655	0.88655	0.88655	0.88655	0.88655	0.88655	0.88655	0.88655	0.88655	0.88655	0.88655	0.88655	0.88655	0.88655	
0.98655	0.98655	0.98655	0.98655	0.98655	0.98655	0.98655	0.98655	0.98655	0.98655	0.98655	0.98655	0.98655	0.98655	0.98655	0.98655	0.98655	0.98655	0.98655	0.98655	0.98655	0.98655	0.98655	0.98655	
1.08655	1.08655	1.08655	1.08655	1.08655	1.08655	1.08655	1.08655	1.08655	1.08655	1.08655	1.08655	1.08655	1.08655	1.08655	1.08655	1.08655	1.08655	1.08655	1.08655	1.08655	1.08655	1.08655	1.08655	
1.18655	1.18655	1.18655	1.18655	1.18655	1.18655	1.18655	1.18655	1.18655	1.18655	1.18655	1.18655	1.18655	1.18655	1.18655	1.18655	1.18655	1.18655	1.18655	1.18655	1.18655	1.18655	1.18655	1.18655	
1.28655	1.28655	1.28655	1.28655	1.28655	1.28655	1.28655	1.28655	1.28655	1.28655	1.28655	1.28655	1.28655	1.28655	1.28655	1.28655	1.28655	1.28655	1.28655	1.28655	1.28655	1.28655	1.28655	1.28655	
1.38655	1.38655	1.38655	1.38655	1.38655	1.38655	1.38655	1.38655	1.38655	1.38655	1.38655	1.38655	1.38655	1.38655	1.38655	1.38655	1.38655	1.38655	1.38655	1.38655	1.38655	1.38655	1.38655	1.38655	
1.48655	1.48655	1.48655	1.48655	1.48655	1.48655	1.48655	1.48655	1.48655	1.48655	1.48655	1.48655	1.48655	1.48655	1.48655	1.48655	1.48655	1.48655	1.48655	1.48655	1.48655	1.48655	1.48655	1.48655	
1.58655	1.58655	1.58655	1.58655	1.58655	1.58655	1.58655	1.58655	1.58655	1.58655	1.58655	1.58655	1.58655	1.58655	1.58655	1.58655	1.58655	1.58655	1.58655	1.58655	1.58655	1.58655	1.58655	1.58655	
1.68655	1.68655	1.68655	1.68655	1.68655	1.68655	1.68655	1.68655	1.68655	1.68655	1.68655	1.68655	1.68655	1.68655	1.68655	1.68655	1.68655	1.68655	1.68655	1.68655	1.68655	1.68655	1.68655	1.68655	
1.78655	1.78655	1.78655	1.78655	1.78655	1.78655	1.78655	1.78655	1.78655	1.78655	1.78655	1.78655	1.78655	1.78655	1.78655	1.78655	1.78655	1.78655	1.78655	1.78655	1.78655	1.78655	1.78655	1.78655	
1.88655	1.88655	1.88655	1.88655	1.88655	1.88655	1.88655	1.88655	1.88655	1.88655	1.88655	1.88655	1.88655	1.88655	1.88655	1.88655	1.88655	1.88655	1.88655	1.88655	1.88655	1.88655	1.88655	1.88655	
1.98655	1.98655	1.98655	1.98655	1.98655	1.98655	1.98655	1.98655	1.98655	1.98655	1.98655	1.98655	1.98655	1.98655	1.98655	1.98655	1.98655	1.98655	1.98655	1.98655	1.98655	1.98655	1.98655	1.98655	
2.08655	2.08655	2.08655	2.08655	2.08655	2.08655	2.08655	2.08655	2.08655	2.08655	2.08655	2.08655	2.08655	2.08655	2.08655	2.08655	2.08655	2.08655	2.08655	2.08655	2.08655	2.08655	2.08655	2.08655	
0.17309	0.17309	0.17309	0.17309	0.17309	0.17309	0.17309	0.17309	0.17309	0.17309	0.17309	0.17309	0.17309	0.17309	0.17309	0.17309	0.17309	0.17309	0.17309	0.17309	0.17309	0.17309	0.17309	0.17309	
0.27309	0.27309	0.27309	0.27309	0.27309	0.27309	0.27309	0.27309	0.27309	0.27309	0.27309	0.27309	0.27309	0.27309	0.27309	0.27309	0.27309	0.27309	0.27309	0.27309	0.27309	0.27309	0.27309	0.27309	
0.37309	0.37309	0.37309	0.37309	0.37309	0.37309	0.37309	0.37309	0.37309	0.37309	0.37309	0.37309	0.37309	0.37309	0.37309	0.37309	0.37309	0.37309	0.37309	0.37309	0.37309	0.37309	0.37309	0.37309	
0.47309	0.47309	0.47309	0.47309	0.47309	0.47309	0.47309	0.47309	0.47309	0.47309	0.47309	0.47309	0.47309	0.47309	0.47309	0.47309	0.47309	0.47309	0.47309	0.47309	0.47309	0.47309	0.47309	0.47309	
0.57309	0.57309	0.57309	0.57309	0.57309	0.57309	0.57309	0.57309	0.57309	0.57309	0.57309	0.57309	0.57309	0.57309	0.57309	0.57309	0.57309	0.57309	0.57309	0.57309	0.57309	0.57309	0.57309	0.57309	
0.67309	0.67309	0.67309	0.67309	0.67309	0.67309	0.67309	0.67309	0.67309	0.67309	0.67309	0.67309	0.67309	0.67309	0.67309	0.67309	0.67309	0.67309	0.67309	0.67309	0.67309	0.67309	0.67309	0.67309	
0.77309	0.77309	0.77309	0.77309	0.77309	0.77309	0.77309	0.77309	0.77309	0.77309	0.77309	0.77309	0.77309	0.77309	0.77309	0.77309	0.77309	0.77309	0.77309	0.77309	0.77309	0.77309	0.77309	0.77309	
0.87309	0.87309	0.87309	0.87309	0.87309	0.87309	0.87309	0.87309	0.87309	0.87309	0.87309	0.87309	0.87309	0.87309	0.87309	0.87309	0.87309	0.87309	0.87309	0.87309	0.87309	0.87309	0.87309	0.87309	
0.97309	0.97309	0.97309	0.97309	0.97309	0.97309	0.97309	0.97309	0.97309	0.97309	0.97309	0.97309	0.97309	0.97309	0.97309	0.97309	0.97309	0.97309	0.97309	0.97309	0.97309	0.97309	0.97309	0.97309	
1.07309	1.07309	1.07309	1.07309	1.07309	1.07309	1.07309	1.07309	1.07309	1.07309	1.07309	1.07309	1.07309	1.07309	1.07309	1.07309	1.07309	1.07309	1.07309	1.07309	1.07309	1.07309	1.07309	1.07309	
1.17309	1.17309	1.17309	1.17309	1.17309	1.17309	1.17309	1.17309	1.17309	1.17309	1.17309	1.17309	1.17309	1.17309	1.17309	1.17309	1.17309	1.17309	1.17309	1.17309	1.17309	1.17309	1.17309	1.17309	
1.27309	1.27309	1.27309	1.27309	1.27309	1.27309	1.27309	1.27309	1.27309	1.27309	1.27309	1.27309	1.27309	1.27309	1.27309	1.27309	1.27309	1.27309	1.27309	1.27309	1.27309	1.27309	1.27309	1.27309	
1.37309	1.37309	1.37309	1.37309	1.37309	1.37309	1.37309	1.37309	1.37309	1.37309	1.37309	1.37309	1.37309	1.37309	1.37309	1.37309	1.37309	1.37309	1.37309	1.37309	1.37309	1.37309	1.37309	1.37309	
1.47309	1.47309	1.47309	1.47309	1.47309	1.47309	1.47309	1.47309	1.47309	1.47309	1.47309	1.47309	1.47309	1.47309	1.47309	1.47309	1.47309	1.47309	1.47309	1.47309	1.47309	1.47309	1.47309	1.47309	
1.57309	1.57309	1.57309	1.57309	1.57309	1.57309	1.57309	1.57309	1.57309	1.57309	1.57309	1.57309	1.57309	1.57309	1.57309	1.57309	1.57309	1.57309	1.57309	1.57309	1.57309	1.57309	1.57309	1.57309	
1.67309	1.67309	1.67309	1.67309	1.67309	1.67309	1.67309	1.67309	1.67309	1.67309	1.67309	1.67309	1.67309	1.67309	1.67309	1.67309	1.67309	1.67309	1.67309	1.67309	1.67309	1.67309	1.67309	1.67309	
1.77309	1.77309	1.77309	1.77309	1.77309	1.77309	1.77309	1.77309	1.77309	1.77309	1.77309	1.77309	1.77309	1.77309	1.77309	1.77309	1.77309	1.77309	1.77309	1.77309	1.77309	1.77309	1.77309	1.77309	
1.87309	1.87309	1.87309	1.87309	1.87309	1.87309	1.87309	1.87309	1.87309	1.87309	1.87309	1.87309	1.87309	1.87309	1.87309	1.87309	1.87309	1.87309	1.87309	1.87309	1.87309	1.87309	1.87309	1.87309	
1.97309	1.97309	1.97309	1.97309	1.97309	1.97309	1.97309	1.97309	1.97309	1.97309	1.97309	1.97309	1.97309	1.97309	1.97309	1.97309	1.97309	1.97309	1.97309	1.97309	1.97309	1.97309	1.97309	1.97309	
2.07309	2.07309	2.07309	2.07309	2.07309	2.07309	2.07309	2.07309	2.07309	2.07309	2.07309	2.07309	2.07309	2.07309	2.07309	2.07309	2.07309	2.07309	2.07309	2.07309	2.07309	2.07309	2.07309	2.07309	
2.17309	2.17309	2.17309	2.17309	2.17309	2.17309	2.17309	2.17309	2.17309	2.17309	2.17309	2.17309	2.17309	2.17309	2.17309	2.17309	2.17309	2.17309	2.17309	2.17309	2.17309	2.17309	2.17309	2.17309	
0.25964	0.25964	0.25964	0.25964	0.25964	0.25964	0.25964	0.25964	0.25964	0.25964	0.25964	0.25964	0.25964	0.25964	0.25964	0.25964	0.25964	0.25964	0.25964	0.25964	0.25964	0.25964	0.25964	0.25964	
0.35964	0.35964	0.35964	0.35964	0.35964	0.35964	0.35964	0.35964	0.35964	0.35964	0.35964	0.35964	0.35964	0.35964	0.35964	0.35964	0.35964	0.35964	0.35964	0.35964	0.35964	0.35964	0.35964	0.35964	
0.45964	0.45964	0.45964	0.45964	0.45964	0.45964	0.45964	0.45964	0.45964	0.45964	0.45964	0.45964	0.45964	0.45964	0.45964	0.45964	0.45964	0.45964	0.45964	0.45964	0.45964	0.45964	0.45964	0.45964	
0.55964	0.55964	0.55964	0.55964	0.55964	0.55964	0.55964	0.55964	0.55964	0.55964	0.55964	0.55964	0.55964	0.55964	0.55964	0.55964	0.55964	0.55964	0.55964	0.55964	0.55964	0.55964	0.55964	0.55964	
0.65964	0.65964	0.65964	0.65964	0.65964	0.65964	0.65964	0.65964	0.65964	0.65964	0.65964	0.65964	0.65964	0.65964	0.65964	0.65964	0.65964	0.65964	0.65964	0.65964	0.65964	0.65964	0.65964	0.65964	
0.75964	0.75964	0.75964	0.75964	0.75964	0.75964	0.75964	0.75964	0.75964	0.75964	0.75964	0.75964	0.75964	0.75964	0.75964	0.75964	0.75964	0.75964	0.75964	0.75964	0.75964	0.75964	0.75964	0.75964	
0.85964	0.85964	0.85964	0.85964	0.85964	0.85964	0.85964	0.85964	0.85964	0.85964	0.85964	0.85964	0.85964	0.85964	0.85964	0.85964	0.85964	0.85964	0.85964	0.85964	0.85964	0.85964	0.85964	0.85964	
0.95964	0.95964	0.95964	0.95964	0.95964	0.95964	0.95964	0.95964	0.95964	0.95964	0.95964	0.95964	0.95964	0.95964	0.95964	0.95964	0.95964	0.95964	0.95964	0.95964	0.95964	0.95964	0.95964	0.95964	
1.05964	1.05964	1.05964	1.05964	1.05964	1.05964	1.05964	1.05964	1.05964	1.05964	1.05964	1.05964	1.05964	1.05964	1.05964	1.05964	1.05964	1.05964	1.05964	1.05964	1.05964	1.05964	1.05964	1.05964	
1.15964	1.15964	1.15964	1.15964	1.15964	1.15964	1.15964	1.15964	1.15964	1.15964	1.15964	1.15964	1.15964	1.15964	1.15964	1.15964	1.15964	1.15964	1.15964	1.15964	1.15964	1.15964	1.15964	1.15964	
1.25964	1.25964	1.25964	1.25964	1.25964	1.25964	1.25964	1.25964	1.25964	1.25964	1.25964	1.25964	1.25964	1.25964	1.25964	1.25964	1.25964	1.25964	1.25964	1.25964	1.25964	1.25964	1.25964	1.25964	
1.35964	1.35964	1.35964	1.35964	1.35964	1.35964	1.35964	1.35964	1.35964	1.35964	1.35964	1.35964	1.35964	1.35964	1.35964	1.35964	1.35964	1.35964	1.35964	1.35964	1.35964	1.35964	1.35964	1.35964	
1.45964	1.45964	1.45964	1.45964	1.45964	1.45964	1.45964	1.45964	1.45964	1.45964	1.45964	1.45964	1.45964	1.45964	1.45964	1.45964	1.45964	1.45964	1.45964	1.45964	1.45964	1.45964	1.45964	1.45964	
1.55964	1.55964	1.55964	1.55964	1.55964	1.55964	1.55964	1.55964	1.55964	1.55964	1.55964	1.55964	1.55964	1.55964	1.55964	1.55964	1.55964	1.55964	1.55964	1.55964	1.55964	1.55964	1.55964	1.55964	
1.65964	1.65964	1.65964	1.65964	1.65964	1.65964	1.65964	1.65964	1.65964	1.65964	1.65964	1.65964	1.65964	1.65964	1.65964	1.65964	1.65964	1.65964	1.65964	1.65964	1.65964	1.65964	1.65964	1.65964	
1.75964	1.75964	1.75964	1.75964	1.75964	1.75964	1.75964	1.75964	1.75964	1.75964	1.75964	1.75964	1.75964	1.75964	1.75964	1.75964	1.75964	1.75964	1.75964	1.75964	1.75964	1.75964	1.75964	1.75964	
1.85964	1.85964	1.85964	1.85964	1.85964	1.85964	1.85964	1.85964	1.85964	1.85964	1.85964	1.85964	1.85964	1.85964	1.85964	1.85964	1.85964	1.85964	1.85964	1.85964	1.85964	1.85964	1.85964	1.85964	
1.95964	1.95964	1.95964	1.95964	1.95964	1.95964	1.95964	1.95964	1.95964	1.95964	1.95964	1.95964	1.95964	1.95964	1.95964	1.95964	1.95964	1.95964	1.95964	1.95964	1.95964	1.95964	1.95964	1.95964	
2.05964	2.05964	2.05964	2.05964	2.05964	2.05964	2.05964	2.05964	2.05964	2.05964	2.05964	2.05964	2.05964	2.05964	2.05964	2.05964	2.05964	2.05964	2.05964	2.05964	2.05964	2.05964	2.05964	2.05964	
2.15964	2.15964	2.15964	2.15964	2.15964	2.15964	2.15964	2.15964	2.15964	2.15964	2.15964	2.15964	2.15964	2.15964	2.15964	2.15964	2.15964	2.15964	2.15964	2.15964	2.15964	2.15964	2.15964	2.15964	
2.25964	2.25964	2.25964	2.25964	2.25964	2.25964	2.25964	2.25964	2.25964	2.25964	2.25964	2.25964	2.25964	2.25964	2.25964	2.25964	2.25964	2.25964	2.25964	2.25964	2.25964	2.25964	2.25964	2.25964	
0.34618	0.34618	0.34618	0.34618	0.34618	0.34618	0.34618	0.34618	0.34618	0.34618	0.34618	0.34618	0.34618	0.34618	0.34618	0.34618	0.34618	0.34618	0.34618	0.34618	0.34618	0.34618	0.34618	0.34618	
0.44618	0.44618	0.44618	0.44618	0.44618	0.44618	0.44618	0.44618	0.44618	0.44618	0.44618	0.44618	0.44618	0.44618	0.44618	0.44618	0.44618	0.44618	0.44618	0.44618	0.44618	0.44618	0.44618	0.44618	
0.54618	0.54618	0.54618	0.54618	0.54618	0.54618	0.54618	0.54618	0.54618	0.54618	0.54618	0.54618	0.54618	0.54618	0.54618	0.54618	0.54618	0.54618	0.54618	0.54618	0.54618	0.54618	0.54618	0.54618	
0.64618	0.64618	0.64618	0.64618	0.64618	0.64618	0.64618	0.64618	0.64618	0.64618	0.64618	0.64618	0.64618	0.64618	0.64618	0.64618	0.64618	0.64618	0.64618	0.64618	0.64618	0.64618	0.64618	0.64618	
0.74618	0.74618	0.74618	0.74618	0.74618	0.74618	0.74618	0.74618	0.74618	0.74618	0.74618	0.74618	0.74618	0.74618	0.74618	0.74618	0.74618	0.74618	0.74618	0.74618	0.74618	0.74618	0.74618	0.74618	
0.84618	0.84618	0.84618	0.84618	0.84618	0.84618	0.84618	0.84618	0.84618	0.84618	0.84618	0.84618	0.84618	0.84618	0.84618	0.84618	0.84618	0.84618	0.84618	0.84618	0.84618	0.84618	0.84618	0.84618	
0.94618	0.94618	0.94618	0.94618	0.94618	0.94618	0.94618	0.94618	0.94618	0.94618	0.94618	0.94618	0.94618	0.94618	0.94618	0.94618	0.94618	0.94618	0.94618	0.94618	0.94618	0.94618	0.94618	0.94618	
1.04618	1.04618	1.04618	1.04618	1.04618	1.04618	1.04618	1.04618	1.04618	1.04618	1.04618	1.04618	1.04618	1.04618	1.04618	1.04618	1.04618	1.04618	1.04618	1.04618	1.04618	1.04618	1.04618	1.04618	
1.14618	1.14618	1.14618	1.14618	1.14618	1.14618	1.14618	1.14618	1.14618	1.14618	1.14618	1.14618	1.14618	1.14618	1.14618	1.14618	1.14618	1.14618	1.14618	1.14618	1.14618	1.14618	1.14618	1.14618	
1.24618	1.24618	1.24618	1.24618	1.24618	1.24618	1.24618	1.24618	1.24618	1.24618	1.24618	1.24618	1.24618	1.24618	1.24618	1.24618	1.24618	1.24618	1.24618	1.24618	1.24618	1.24618	1.24618	1.24618	
1.34618	1.34618	1.34618	1.34618	1.34618	1.34618	1.34618	1.34618	1.34618	1.34618	1.34618	1.34618	1.34618	1.34618	1.34618	1.34618	1.34618	1.34618	1.34618	1.34618	1.34618	1.34618	1.34618	1.34618	
1.44618	1.44618	1.44618	1.44618	1.44618	1.44618	1.44618	1.44618	1.44618	1.44618	1.44618	1.44618	1.44618	1.44618	1.44618	1.44618	1.44618	1.44618	1.44618	1.44618	1.44618	1.44618	1.44618	1.44618	
1.54618	1.54618	1.54618	1.54618	1.54618	1.54618	1.54618	1.54618	1.54618	1.54618	1.54618	1.54618	1.54618	1.54618	1.54618	1.54618	1.54618	1.54618	1.54618	1.54618	1.54618	1.54618	1.54618	1.54618	
1.64618	1.64618	1.64618	1.64618	1.64618	1.64618	1.64618	1.64618	1.64618	1.64618	1.64618	1.64618	1.64618	1.64618	1.64618	1.64618	1.64618	1.64618	1.64618	1.64618	1.64618	1.64618	1.64618	1.64618	
1.74618	1.74618	1.74618	1.74618	1.74618	1.74618	1.74618	1.74618	1.74618	1.74618	1.74618	1.74618	1.74618	1.74618	1.74618	1.74618	1.74618	1.74618	1.74618	1.74618	1.74618	1.74618	1.74618	1.74618	
1.84618	1.84618	1.84618	1.84618	1.84618	1.84618	1.84618	1.84618	1.84618	1.84618	1.84618	1.84618	1.84618	1.84618	1.84618	1.84618	1.84618	1.84618	1.84618	1.84618	1.84618	1.84618	1.84618	1.84618	
1.94618	1.94618	1.94618	1.94618	1.94618	1.94618	1.94618	1.94618	1.94618	1.94618	1.94618	1.94618	1.94618	1.94618	1.94618	1.94618	1.94618	1.94618	1.94618	1.94618	1.94618	1.94618	1.94618	1.94618	
2.04618	2.04618	2.04618	2.04618	2.04618	2.04618	2.04618	2.04618	2.04618	2.04618	2.04618	2.04618	2.04618	2.04618	2.04618	2.04618	2.04618	2.04618	2.04618	2.04618	2.04618	2.04618	2.04618	2.04618	
2.14618	2.14618	2.14618	2.14618	2.14618	2.14618	2.14618	2.14618	2.14618	2.14618	2.14618	2.14618	2.14618	2.14618	2.14618	2.14618	2.14618	2.14618	2.14618	2.14618	2.14618	2.14618	2.14618	2.14618	
2.24618	2.24618	2.24618	2.24618	2.24618	2.24618	2.24618	2.24618	2.24618	2.24618	2.24618	2.24618	2.24618	2.24618	2.24618	2.24618	2.24618	2.24618	2.24618	2.24618	2.24618	2.24618	2.24618	2.24618	
2.34618	2.34618	2.34618	2.34618	2.34618	2.34618	2.34618	2.34618	2.34618	2.34618	2.34618	2.34618	2.34618	2.34618	2.34618	2.34618	2.34618	2.34618	2.34618	2.34618	2.34618	2.34618	2.34618	2.34618	
0.43273	0.43273	0.43273	0.43273	0.43273	0.43273	0.43273	0.43273	0.43273	0.43273	0.43273	0.43273	0.43273	0.43273	0.43273	0.43273	0.43273	0.43273	0.43273	0.43273	0.43273	0.43273	0.43273	0.43273	
0.53273	0.53273	0.53273	0.53273	0.53273	0.53273	0.53273	0.53273	0.53273	0.53273	0.53273	0.53273	0.53273	0.53273	0.53273	0.53273	0.53273	0.53273	0.53273	0.53273	0.53273	0.53273	0.53273	0.53273	
0.63273	0.63273	0.63273	0.63273	0.63273	0.63273	0.63273	0.63273	0.63273	0.63273	0.63273	0.63273	0.63273	0.63273	0.63273	0.63273	0.63273	0.63273	0.63273	0.63273	0.63273	0.63273	0.63273	0.63273	
0.73273	0.73273	0.73273	0.73273	0.73273	0.73273	0.73273	0.73273	0.73273	0.73273	0.73273	0.73273	0.73273	0.73273	0.73273	0.73273	0.73273	0.73273	0.73273	0.73273	0.73273	0.73273	0.73273	0.73273	
0.83273	0.83273	0.83273	0.83273	0.83273	0.83273	0.83273	0.83273	0.83273	0.83273	0.83273	0.83273	0.83273	0.83273	0.83273	0.83273	0.83273	0.83273	0.83273	0.83273	0.83273	0.83273	0.83273	0.83273	
0.93273	0.93273	0.93273	0.93273	0.93273	0.93273	0.93273	0.93273	0.93273	0.93273	0.93273	0.93273	0.93273	0.93273	0.93273	0.93273	0.93273	0.93273	0.93273	0.93273	0.93273	0.93273	0.93273	0.93273	
1.03273	1.03273	1.03273	1.03273	1.03273	1.03273	1.03273	1.03273	1.03273	1.03273	1.03273	1.03273	1.03273	1.03273	1.03273	1.03273	1.03273	1.03273	1.03273	1.03273	1.03273	1.03273	1.03273	1.03273	
1.13273	1.13273	1.13273	1.13273	1.13273	1.13273	1.13273	1.13273	1.13273	1.13273	1.13273	1.13273	1.13273	1.13273	1.13273	1.13273	1.13273	1.13273	1.13273	1.13273	1.13273	1.13273	1.13273	1.13273	
1.23273	1.23273	1.23273	1.23273	1.23273	1.23273	1.23273	1.23273	1.23273	1.23273	1.23273	1.23273	1.23273	1.23273	1.23273	1.23273	1.23273	1.23273	1.23273	1.23273	1.23273	1.23273	1.23273	1.23273	
1.33273	1.33273	1.33273	1.33273	1.33273	1.33273	1.33273	1.33273	1.33273	1.33273	1.33273	1.33273	1.33273	1.33273	1.33273	1.33273	1.33273	1.33273	1.33273	1.33273	1.33273	1.33273	1.33273	1.33273	
1.43273	1.43273	1.43273	1.43273	1.43273	1.43273	1.43273	1.43273	1.43273	1.43273	1.43273	1.43273	1.43273	1.43273	1.43273	1.43273	1.43273	1.43273	1.43273	1.43273	1.43273	1.43273	1.43273	1.43273	
1.53273	1.53273	1.53273	1.53273	1.53273	1.53273	1.53273	1.53273	1.53273	1.53273	1.53273	1.53273	1.53273	1.53273	1.53273	1.53273	1.53273	1.53273	1.53273	1.53273	1.53273	1.53273	1.53273	1.53273	
1.63273	1.63273	1.63273	1.63273	1.63273	1.63273	1.63273	1.63273	1.63273	1.63273	1.63273	1.63273	1.63273	1.63273	1.63273	1.63273	1.63273	1.63273	1.63273	1.63273	1.63273	1.63273	1.63273	1.63273	
1.73273	1.73273	1.73273	1.73273	1.73273	1.73273	1.73273	1.73273	1.73273	1.73273	1.73273	1.73273	1.73273	1.73273	1.73273	1.73273	1.73273	1.73273	1.73273	1.73273	1.73273	1.73273	1.73273	1.73273	
1.83273	1.83273	1.83273	1.83273	1.83273	1.83273	1.83273	1.83273	1.83273	1.83273	1.83273	1.83273	1.83273	1.83273	1.83273	1.83273	1.83273	1.83273	1.83273	1.83273	1.83273	1.83273	1.83273	1.83273	
1.93273	1.93273	1.93273	1.93273	1.93273	1.93273	1.93273	1.93273	1.93273	1.93273	1.93273	1.93273	1.93273	1.93273	1.93273	1.93273	1.93273	1.93273	1.93273	1.93273	1.93273	1.93273	1.93273	1.93273	
2.03273	2.03273	2.03273	2.03273	2.03273	2.03273	2.03273	2.03273	2.03273	2.03273	2.03273	2.03273	2.03273	2.03273	2.03273	2.03273	2.03273	2.03273	2.03273	2.03273	2.03273	2.03273	2.03273	2.03273	
2.13273	2.13273	2.13273	2.13273	2.13273	2.13273	2.13273	2.13273	2.13273	2.13273	2.13273	2.13273	2.13273	2.13273	2.13273	2.13273	2.13273	2.13273	2.13273	2.13273	2.13273	2.13273	2.13273	2.13273	
2.23273	2.23273	2.23273	2.23273	2.23273	2.23273	2.23273	2.23273	2.23273	2.23273	2.23273	2.23273	2.23273	2.23273	2.23273	2.23273	2.23273	2.23273	2.23273	2.23273	2.23273	2.23273	2.23273	2.23273	
2.33273	2.33273	2.33273	2.33273	2.33273	2.33273	2.33273	2.33273	2.33273	2.33273	2.33273	2.33273	2.33273	2.33273	2.33273	2.33273	2.33273	2.33273	2.33273	2.33273	2.33273	2.33273	2.33273	2.33273	
2.43273	2.43273	2.43273	2.43273	2.43273	2.43273	2.43273	2.43273	2.43273	2.43273	2.43273	2.43273	2.43273	2.43273	2.43273	2.43273	2.43273	2.43273	2.43273	2.43273	2.43273	2.43273	2.43273	2.43273	
0.51928	0.51928	0.51928	0.51928	0.51928	0.51928	0.51928	0.51928	0.51928	0.51928	0.51928	0.51928	0.51928	0.51928	0.51928	0.51928	0.51928	0.51928	0.51928	0.51928	0.51928	0.51928	0.51928	0.51928	
0.61928	0.61928	0.61928	0.61928	0.61928	0.61928	0.61928	0.61928	0.61928	0.61928	0.61928	0.61928	0.61928	0.61928	0.61928	0.61928	0.61928	0.61928	0.61928	0.61928	0.61928	0.61928	0.61928	0.61928	
0.71928	0.71928	0.71928	0.71928	0.71928	0.71928	0.71928	0.71928	0.71928	0.71928	0.71928	0.71928	0.71928	0.71928	0.71928	0.71928	0.71928	0.71928	0.71928	0.71928	0.71928	0.71928	0.71928	0.71928	
0.81928	0.81928	0.81928	0.81928	0.81928	0.81928	0.81928	0.81928	0.81928	0.81928	0.81928	0.81928	0.81928	0.81928	0.81928	0.81928	0.81928	0.81928	0.81928	0.81928	0.81928	0.81928	0.81928	0.81928	
0.91928	0.91928	0.91928	0.91928	0.91928	0.91928	0.91928	0.91928	0.91928	0.91928	0.91928	0.91928	0.91928	0.91928	0.91928	0.91928	0.91928	0.91928	0.91928	0.91928	0.91928	0.91928	0.91928	0.91928	
1.01928	1.01928	1.01928	1.01928	1.01928	1.01928	1.01928	1.01928	1.01928	1.01928	1.01928	1.01928	1.01928	1.01928	1.01928	1.01928	1.01928	1.01928	1.01928	1.01928	1.01928	1.01928	1.01928	1.01928	
1.11928	1.11928	1.11928	1.11928	1.11928	1.11928	1.11928	1.11928	1.11928	1.11928	1.11928	1.11928	1.11928	1.11928	1.11928	1.11928	1.11928	1.11928	1.11928	1.11928	1.11928	1.11928	1.11928	1.11928	
1.21928	1.21928	1.21928	1.21928	1.21928	1.21928	1.21928	1.21928	1.21928	1.21928	1.21928	1.21928	1.21928	1.21928	1.21928	1.21928	1.21928	1.21928	1.21928	1.21928	1.21928	1.21928	1.21928	1.21928	
1.31928	1.31928	1.31928	1.31928	1.31928	1.31928	1.31928	1.31928	1.31928	1.31928	1.31928	1.31928	1.31928	1.31928	1.31928	1.31928	1.31928	1.31928	1.31928	1.31928	1.31928	1.31928	1.31928	1.31928	
1.41928	1.41928	1.41928	1.41928	1.41928	1.41928	1.41928	1.41928	1.41928	1.41928	1.41928	1.41928	1.41928	1.41928	1.41928	1.41928	1.41928	1.41928	1.41928	1.41928	1.41928	1.41928	1.41928	1.41928	
1.51928	1.51928	1.51928	1.51928	1.51928	1.51928	1.51928	1.51928	1.51928	1.51928	1.51928	1.51928	1.51928	1.51928	1.51928	1.51928	1.51928	1.51928	1.51928	1.51928	1.51928	1.51928	1.51928	1.51928	
1.61928	1.61928	1.61928	1.61928	1.61928	1.61928	1.61928	1.61928	1.61928	1.61928	1.61928	1.61928	1.61928	1.61928	1.61928	1.61928	1.61928	1.61928	1.61928	1.61928	1.61928	1.61928	1.61928	1.61928	
1.71928	1.71928	1.71928	1.71928	1.71928	1.71928	1.71928	1.71928	1.71928	1.71928	1.71928	1.71928	1.71928	1.71928	1.71928	1.71928	1.71928	1.71928	1.71928	1.71928	1.71928	1.71928	1.71928	1.71928	
1.81928	1.81928	1.81928	1.81928	1.81928	1.81928	1.81928	1.81928	1.81928	1.81928	1.81928	1.81928	1.81928	1.81928	1.81928	1.81928	1.81928	1.81928	1.81928	1.81928	1.81928	1.81928	1.81928	1.81928	
1.91928	1.91928	1.91928	1.91928	1.91928	1.91928	1.91928	1.91928	1.91928	1.91928	1.91928	1.91928	1.91928	1.91928	1.91928	1.91928	1.91928	1.91928	1.91928	1.91928	1.91928	1.91928	1.91928	1.91928	
2.01928	2.01928	2.01928	2.01928	2.01928	2.01928	2.01928	2.01928	2.01928	2.01928	2.01928	2.01928	2.01928	2.01928	2.01928	2.01928	2.01928	2.01928	2.01928	2.01928	2.01928	2.01928	2.01928	2.01928	
2.11928	2.11928	2.11928	2.11928	2.11928	2.11928	2.11928	2.11928	2.11928	2.11928	2.11928	2.11928	2.11928	2.11928	2.11928	2.11928	2.11928	2.11928	2.11928	2.11928	2.11928	2.11928	2.11928	2.11928	
2.21928	2.21928	2.21928	2.21928	2.21928	2.21928	2.21928	2.21928	2.21928	2.21928	2.21928	2.21928	2.21928	2.21928	2.21928	2.21928	2.21928	2.21928	2.21928	2.21928	2.21928	2.21928	2.21928	2.21928	
2.31928	2.31928	2.31928	2.31928	2.31928	2.31928	2.31928	2.31928	2.31928	2.31928	2.31928	2.31928	2.31928	2.31928	2.31928	2.31928	2.31928	2.31928	2.31928	2.31928	2.31928	2.31928	2.31928	2.31928	
2.41928	2.41928	2.41928	2.41928	2.41928	2.41928	2.41928	2.41928	2.41928	2.41928	2.41928	2.41928	2.41928	2.41928	2.41928	2.41928	2.41928	2.41928	2.41928	2.41928	2.41928	2.41928	2.41928	2.41928	
2.51928	2.51928	2.51928	2.51928	2.51928	2.51928	2.51928	2.51928	2.51928	2.51928	2.51928	2.51928	2.51928	2.51928	2.51928	2.51928	2.51928	2.51928	2.51928	2.51928	2.51928	2.51928	2.51928	2.51928	
0.60582	0.60582	0.60582	0.60582	0.60582	0.60582	0.60582	0.60582	0.60582	0.60582	0.60582	0.60582	0.60582	0.60582	0.60582	0.60582	0.60582	0.60582	0.60582	0.60582	0.60582	0.60582	0.60582	0.60582	
0.70582	0.70582	0.70582	0.70582	0.70582	0.70582	0.70582	0.70582	0.70582	0.70582	0.70582	0.70582	0.70582	0.70582	0.70582	0.70582	0.70582	0.70582	0.70582	0.70582	0.70582	0.70582	0.70582	0.70582	
0.80582	0.80582	0.80582	0.80582	0.80582	0.80582	0.80582	0.80582	0.80582	0.80582	0.80582	0.80582	0.80582	0.80582	0.80582	0.80582	0.80582	0.80582	0.80582	0.80582	0.80582	0.80582	0.80582	0.80582	
0.90582	0.90582	0.90582	0.90582	0.90582	0.90582	0.90582	0.90582	0.90582	0.90582	0.90582	0.90582	0.90582	0.90582	0.90582	0.90582	0.90582	0.90582	0.90582	0.90582	0.90582	0.90582	0.90582	0.90582	
1.00582	1.00582	1.00582	1.00582	1.00582	1.00582	1.00582	1.00582	1.00582	1.00582	1.00582	1.00582	1.00582	1.00582	1.00582	1.00582	1.00582	1.00582	1.00582	1.00582	1.00582	1.00582	1.00582	1.00582	
1.10582	1.10582	1.10582	1.10582	1.10582	1.10582	1.10582	1.10582	1.10582	1.10582	1.10582	1.10582	1.10582	1.10582	1.10582	1.10582	1.10582	1.10582	1.10582	1.10582	1.10582	1.10582	1.10582	1.10582	
1.20582	1.20582	1.20582	1.20582	1.20582	1.20582	1.20582	1.20582	1.20582	1.20582	1.20582	1.20582	1.20582	1.20582	1.20582	1.20582	1.20582	1.20582	1.20582	1.20582	1.20582	1.20582	1.20582	1.20582	
1.30582	1.30582	1.30582	1.30582	1.30582	1.30582	1.30582	1.30582	1.30582	1.30582	1.30582	1.30582	1.30582	1.30582	1.30582	1.30582	1.30582	1.30582	1.30582	1.30582	1.30582	1.30582	1.30582	1.30582	
1.40582	1.40582	1.40582	1.40582	1.40582	1.40582	1.40582	1.40582	1.40582	1.40582	1.40582	1.40582	1.40582	1.40582	1.40582	1.40582	1.40582	1.40582	1.40582	1.40582	1.40582	1.40582	1.40582	1.40582	
1.50582	1.50582	1.50582	1.50582	1.50582	1.50582	1.50582	1.50582	1.50582	1.50582	1.50582	1.50582	1.50582	1.50582	1.50582	1.50582	1.50582	1.50582	1.50582	1.50582	1.50582	1.50582	1.50582	1.50582	
1.60582	1.60582	1.60582	1.60582	1.60582	1.60582	1.60582	1.60582	1.60582	1.60582	1.60582	1.60582	1.60582	1.60582	1.60582	1.60582	1.60582	1.60582	1.60582	1.60582	1.60582	1.60582	1.60582	1.60582	
1.70582	1.70582	1.70582	1.70582	1.70582	1.70582	1.70582	1.70582	1.70582	1.70582	1.70582	1.70582	1.70582	1.70582	1.70582	1.70582	1.70582	1.70582	1.70582	1.70582	1.70582	1.70582	1.70582	1.70582	
1.80582	1.80582	1.80582	1.80582	1.80582	1.80582	1.80582	1.80582	1.80582	1.80582	1.80582	1.80582	1.80582	1.80582	1.80582	1.80582	1.80582	1.80582	1.80582	1.80582	1.80582	1.80582	1.80582	1.80582	
1.90582	1.90582	1.90582	1.90582	1.90582	1.90582	1.90582	1.90582	1.90582	1.90582	1.90582	1.90582	1.90582	1.90582	1.90582	1.90582	1.90582	1.90582	1.90582	1.90582	1.90582	1.90582	1.90582	1.90582	
2.00582	2.00582	2.00582	2.00582	2.00582	2.00582	2.00582	2.00582	2.00582	2.00582	2.00582	2.00582	2.00582	2.00582	2.00582	2.00582	2.00582	2.00582	2.00582	2.00582	2.00582	2.00582	2.00582	2.00582	
2.10582	2.10582	2.10582	2.10582	2.10582	2.10582	2.10582	2.10582	2.10582	2.10582	2.10582	2.10582	2.10582	2.10582	2.10582	2.10582	2.10582	2.10582	2.10582	2.10582	2.10582	2.10582	2.10582	2.10582	
2.20582	2.20582	2.20582	2.20582	2.20582	2.20582	2.20582	2.20582	2.20582	2.20582	2.20582	2.20582	2.20582	2.20582	2.20582	2.20582	2.20582	2.20582	2.20582	2.20582	2.20582	2.20582	2.20582	2.20582	
2.30582	2.30582	2.30582	2.30582	2.30582	2.30582	2.30582	2.30582	2.30582	2.30582	2.30582	2.30582	2.30582	2.30582	2.30582	2.30582	2.30582	2.30582	2.30582	2.30582	2.30582	2.30582	2.30582	2.30582	
2.40582	2.40582	2.40582	2.40582	2.40582	2.40582	2.40582	2.40582	2.40582	2.40582	2.40582	2.40582	2.40582	2.40582	2.40582	2.40582	2.40582	2.40582	2.40582	2.40582	2.40582	2.40582	2.40582	2.40582	
2.50582	2.50582	2.50582	2.50582	2.50582	2.50582	2.50582	2.50582	2.50582	2.50582	2.50582	2.50582	2.50582	2.50582	2.50582	2.50582	2.50582	2.50582	2.50582	2.50582	2.50582	2.50582	2.50582	2.50582	
2.60582	2.60582	2.60582	2.60582	2.60582	2.60582	2.60582	2.60582	2.60582	2.60582	2.60582	2.60582	2.60582	2.60582	2.60582	2.60582	2.60582	2.60582	2.60582	2.60582	2.60582	2.60582	2.60582	2.60582	
0.69237	0.69237	0.69237	0.69237	0.69237	0.69237	0.69237	0.69237	0.69237	0.69237	0.69237	0.69237	0.69237	0.69237	0.69237	0.69237	0.69237	0.69237	0.69237	0.69237	0.69237	0.69237	0.69237	0.69237	
0.79237	0.79237	0.79237	0.79237	0.79237	0.79237	0.79237	0.79237	0.79237	0.79237	0.79237	0.79237	0.79237	0.79237	0.79237	0.79237	0.79237	0.79237	0.79237	0.79237	0.79237	0.79237	0.79237	0.79237	
0.89237	0.89237	0.89237	0.89237	0.89237	0.89237	0.89237	0.89237	0.89237	0.89237	0.89237	0.89237	0.89237	0.89237	0.89237	0.89237	0.89237	0.89237	0.89237	0.89237	0.89237	0.89237	0.89237	0.89237	
0.99237	0.99237	0.99237	0.99237	0.99237	0.99237	0.99237	0.99237	0.99237	0.99237	0.99237	0.99237	0.99237	0.99237	0.99237	0.99237	0.99237	0.99237	0.99237	0.99237	0.99237	0.99237	0.99237	0.99237	
1.09237	1.09237	1.09237	1.09237	1.09237	1.09237	1.09237	1.09237	1.09237	1.09237	1.09237	1.09237	1.09237	1.09237	1.09237	1.09237	1.09237	1.09237	1.09237	1.09237	1.09237	1.09237	1.09237	1.09237	
1.19237	1.19237	1.19237	1.19237	1.19237	1.19237	1.19237	1.19237	1.19237	1.19237	1.19237	1.19237	1.19237	1.19237	1.19237	1.19237	1.19237	1.19237	1.19237	1.19237	1.19237	1.19237	1.19237	1.19237	
1.29237	1.29237	1.29237	1.29237	1.29237	1.29237	1.29237	1.29237	1.29237	1.29237	1.29237	1.29237	1.29237	1.29237	1.29237	1.29237	1.29237	1.29237	1.29237	1.29237	1.29237	1.29237	1.29237	1.29237	
1.39237	1.39237	1.39237	1.39237	1.39237	1.39237	1.39237	1.39237	1.39237	1.39237	1.39237	1.39237	1.39237	1.39237	1.39237	1.39237	1.39237	1.39237	1.39237	1.39237	1.39237	1.39237	1.39237	1.39237	
1.49237	1.49237	1.49237	1.49237	1.49237	1.49237	1.49237	1.49237	1.49237	1.49237	1.49237	1.49237	1.49237	1.49237	1.49237	1.49237	1.49237	1.49237	1.49237	1.49237	1.49237	1.49237	1.49237	1.49237	
1.59237	1.59237	1.59237	1.59237	1.59237	1.59237	1.59237	1.59237	1.59237	1.59237	1.59237	1.59237	1.59237	1.59237	1.59237	1.59237	1.59237	1.59237	1.59237	1.59237	1.59237	1.59237	1.59237	1.59237	
1.69237	1.69237	1.69237	1.69237	1.69237	1.69237	1.69237	1.69237	1.69237	1.69237	1.69237	1.69237	1.69237	1.69237	1.69237	1.69237	1.69237	1.69237	1.69237	1.69237	1.69237	1.69237	1.69237	1.69237	
1.79237	1.79237	1.79237	1.79237	1.79237	1.79237	1.79237	1.79237	1.79237	1.79237	1.79237	1.79237	1.79237	1.79237	1.79237	1.79237	1.79237	1.79237	1.79237	1.79237	1.79237	1.79237	1.79237	1.79237	
1.89237	1.89237	1.89237	1.89237	1.89237	1.89237	1.89237	1.89237	1.89237	1.89237	1.89237	1.89237	1.89237	1.89237	1.89237	1.89237	1.89237	1.89237	1.89237	1.89237	1.89237	1.89237	1.89237	1.89237	
1.99237	1.99237	1.99237	1.99237	1.99237	1.99237	1.99237	1.99237	1.99237	1.99237	1.99237	1.99237	1.99237	1.99237	1.99237	1.99237	1.99237	1.99237	1.99237	1.99237	1.99237	1.99237	1.99237	1.99237	
2.09237	2.09237	2.09237	2.09237	2.09237	2.09237	2.09237	2.09237	2.09237	2.09237	2.09237	2.09237	2.09237	2.09237	2.09237	2.09237	2.09237	2.09237	2.09237	2.09237	2.09237	2.09237	2.09237	2.09237	
2.19237	2.19237	2.19237	2.19237	2.19237	2.19237	2.19237	2.19237	2.19237	2.19237	2.19237	2.19237	2.19237	2.19237	2.19237	2.19237	2.19237	2.19237	2.19237	2.19237	2.19237	2.19237	2.19237	2.19237	
2.29237	2.29237	2.29237	2.29237	2.29237	2.29237	2.29237	2.29237	2.29237	2.29237	2.29237	2.29237	2.29237	2.29237	2.29237	2.29237	2.29237	2.29237	2.29237	2.29237	2.29237	2.29237	2.29237	2.29237	
2.39237	2.39237	2.39237	2.39237	2.39237	2.39237	2.39237	2.39237	2.39237	2.39237	2.39237	2.39237	2.39237	2.39237	2.39237	2.39237	2.39237	2.39237	2.39237	2.39237	2.39237	2.39237	2.39237	2.39237	
2.49237	2.49237	2.49237	2.49237	2.49237	2.49237	2.49237	2.49237	2.49237	2.49237	2.49237	2.49237	2.49237	2.49237	2.49237	2.49237	2.49237	2.49237	2.49237	2.49237	2.49237	2.49237	2.49237	2.49237	
2.59237	2.59237	2.59237	2.59237	2.59237	2.59237	2.59237	2.59237	2.59237	2.59237	2.59237	2.59237	2.59237	2.59237	2.59237	2.59237	2.59237	2.59237	2.59237	2.59237	2.59237	2.59237	2.59237	2.59237	
2.69237	2.69237	2.69237	2.69237	2.69237	2.69237	2.69237	2.69237	2.69237	2.69237	2.69237	2.69237	2.69237	2.69237	2.69237	2.69237	2.69237	2.69237	2.69237	2.69237	2.69237	2.69237	2.69237	2.69237	
0.77891	0.77891	0.77891	0.77891	0.77891	0.77891	0.77891	0.77891	0.77891	0.77891	0.77891	0.77891	0.77891	0.77891	0.77891	0.77891	0.77891	0.77891	0.77891	0.77891	0.77891	0.77891	0.77891	0.77891	
0.87891	0.87891	0.87891	0.87891	0.87891	0.87891	0.87891	0.87891	0.87891	0.87891	0.87891	0.87891	0.87891	0.87891	0.87891	0.87891	0.87891	0.87891	0.87891	0.87891	0.87891	0.87891	0.87891	0.87891	
0.97891	0.97891	0.97891	0.97891	0.97891	0.97891	0.97891	0.97891	0.97891	0.97891	0.97891	0.97891	0.97891	0.97891	0.97891	0.97891	0.97891	0.97891	0.97891	0.97891	0.97891	0.97891	0.97891	0.97891	
1.07891	1.07891	1.07891	1.07891	1.07891	1.07891	1.07891	1.07891	1.07891	1.07891	1.07891	1.07891	1.07891	1.07891	1.07891	1.07891	1.07891	1.07891	1.07891	1.07891	1.07891	1.07891	1.07891	1.07891	
1.17891	1.17891	1.17891	1.17891	1.17891	1.17891	1.17891	1.17891	1.17891	1.17891	1.17891	1.17891	1.17891	1.17891	1.17891	1.17891	1.17891	1.17891	1.17891	1.17891	1.17891	1.17891	1.17891	1.17891	
1.27891	1.27891	1.27891	1.27891	1.27891	1.27891	1.27891	1.27891	1.27891	1.27891	1.27891	1.27891	1.27891	1.27891	1.27891	1.27891	1.27891	1.27891	1.27891	1.27891	1.27891	1.27891	1.27891	1.27891	
1.37891	1.37891	1.37891	1.37891	1.37891	1.37891	1.37891	1.37891	1.37891	1.37891	1.37891	1.37891	1.37891	1.37891	1.37891	1.37891	1.37891	1.37891	1.37891	1.37891	1.37891	1.37891	1.37891	1.37891	
1.47891	1.47891	1.47891	1.47891	1.47891	1.47891	1.47891	1.47891	1.47891	1.47891	1.47891	1.47891	1.47891	1.47891	1.47891	1.47891	1.47891	1.47891	1.47891	1.47891	1.47891	1.47891	1.47891	1.47891	
1.57891	1.57891	1.57891	1.57891	1.57891	1.57891	1.57891	1.57891	1.57891	1.57891	1.57891	1.57891	1.57891	1.57891	1.57891	1.57891	1.57891	1.57891	1.57891	1.57891	1.57891	1.57891	1.57891	1.57891	
1.67891	1.67891	1.67891	1.67891	1.67891	1.67891	1.67891	1.67891	1.67891	1.67891	1.67891	1.67891	1.67891	1.67891	1.67891	1.67891	1.67891	1.67891	1.67891	1.67891	1.67891	1.67891	1.67891	1.67891	
1.77891	1.77891	1.77891	1.77891	1.77891	1.77891	1.77891	1.77891	1.77891	1.77891	1.77891	1.77891	1.77891	1.77891	1.77891	1.77891	1.77891	1.77891	1.77891	1.77891	1.77891	1.77891	1.77891	1.77891	
1.87891	1.87891	1.87891	1.87891	1.87891	1.87891	1.87891	1.87891	1.87891	1.87891	1.87891	1.87891	1.87891	1.87891	1.87891	1.87891	1.87891	1.87891	1.87891	1.87891	1.87891	1.87891	1.87891	1.87891	
1.97891	1.97891	1.97891	1.97891	1.97891	1.97891	1.97891	1.97891	1.97891	1.97891	1.97891	1.97891	1.97891	1.97891	1.97891	1.97891	1.97891	1.97891	1.97891	1.97891	1.97891	1.97891	1.97891	1.97891	
2.07891	2.07891	2.07891	2.07891	2.07891	2.07891	2.07891	2.07891	2.07891	2.07891	2.07891	2.07891	2.07891	2.07891	2.07891	2.07891	2.07891	2.07891	2.07891	2.07891	2.07891	2.07891	2.07891	2.07891	
2.17891	2.17891	2.17891	2.17891	2.17891	2.17891	2.17891	2.17891	2.17891	2.17891	2.17891	2.17891	2.17891	2.17891	2.17891	2.17891	2.17891	2.17891	2.17891	2.17891	2.17891	2.17891	2.17891	2.17891	
2.27891	2.27891	2.27891	2.27891	2.27891	2.27891	2.27891	2.27891	2.27891	2.27891	2.27891	2.27891	2.27891	2.27891	2.27891	2.27891	2.27891	2.27891	2.27891	2.27891	2.27891	2.27891	2.27891	2.27891	
2.37891	2.37891	2.37891	2.37891	2.37891	2.37891	2.37891	2.37891	2.37891	2.37891	2.37891	2.37891	2.37891	2.37891	2.37891	2.37891	2.37891	2.37891	2.37891	2.37891	2.37891	2.37891	2.37891	2.37891	
2.47891	2.47891	2.47891	2.47891	2.47891	2.47891	2.47891	2.47891	2.47891	2.47891	2.47891	2.47891	2.47891	2.47891	2.47891	2.47891	2.47891	2.47891	2.47891	2.47891	2.47891	2.47891	2.47891	2.47891	
2.57891	2.57891	2.57891	2.57891	2.57891	2.57891	2.57891	2.57891	2.57891	2.57891	2.57891	2.57891	2.57891	2.57891	2.57891	2.57891	2.57891	2.57891	2.57891	2.57891	2.57891	2.57891	2.57891	2.57891	
2.67891	2.67891	2.67891	2.67891	2.67891	2.67891	2.67891	2.67891	2.67891	2.67891	2.67891	2.67891	2.67891	2.67891	2.67891	2.67891	2.67891	2.67891	2.67891	2.67891	2.67891	2.67891	2.67891	2.67891	
2.77891	2.77891	2.77891	2.77891	2.77891	2.77891	2.77891	2.77891	2.77891	2.77891	2.77891	2.77891	2.77891	2.77891	2.77891	2.77891	2.77891	2.77891	2.77891	2.77891	2.77891	2.77891	2.77891	2.77891	
0.86546	0.86546	0.86546	0.86546	0.86546	0.86546	0.86546	0.86546	0.86546	0.86546	0.86546	0.86546	0.86546	0.86546	0.86546	0.86546	0.86546	0.86546	0.86546	0.86546	0.86546	0.86546	0.86546	0.86546	
0.96546	0.96546	0.96546	0.96546	0.96546	0.96546	0.96546	0.96546	0.96546	0.96546	0.96546	0.96546	0.96546	0.96546	0.96546	0.96546	0.96546	0.96546	0.96546	0.96546	0.96546	0.96546	0.96546	0.96546	
1.06546	1.06546	1.06546	1.06546	1.06546	1.06546	1.06546	1.06546	1.06546	1.06546	1.06546	1.06546	1.06546	1.06546	1.06546	1.06546	1.06546	1.06546	1.06546	1.06546	1.06546	1.06546	1.06546	1.06546	
1.16546	1.16546	1.16546	1.16546	1.16546	1.16546	1.16546	1.16546	1.16546	1.16546	1.16546	1.16546	1.16546	1.16546	1.16546	1.16546	1.16546	1.16546	1.16546	1.16546	1.16546	1.16546	1.16546	1.16546	
1.26546	1.26546	1.26546	1.26546	1.26546	1.26546	1.26546	1.26546	1.26546	1.26546	1.26546	1.26546	1.26546	1.26546	1.26546	1.26546	1.26546	1.26546	1.26546	1.26546	1.26546	1.26546	1.26546	1.26546	
1.36546	1.36546	1.36546	1.36546	1.36546	1.36546	1.36546	1.36546	1.36546	1.36546	1.36546	1.36546	1.36546	1.36546	1.36546	1.36546	1.36546	1.36546	1.36546	1.36546	1.36546	1.36546	1.36546	1.36546	
1.46546	1.46546	1.46546	1.46546	1.46546	1.46546	1.46546	1.46546	1.46546	1.46546	1.46546	1.46546	1.46546	1.46546	1.46546	1.46546	1.46546	1.46546	1.46546	1.46546	1.46546	1.46546	1.46546	1.46546	
1.56546	1.56546	1.56546	1.56546	1.56546	1.56546	1.56546	1.56546	1.56546	1.56546	1.56546	1.56546	1.56546	1.56546	1.56546	1.56546	1.56546	1.56546	1.56546	1.56546	1.56546	1.56546	1.56546	1.56546	
1.66546	1.66546	1.66546	1.66546	1.66546	1.66546	1.66546	1.66546	1.66546	1.66546	1.66546	1.66546	1.66546	1.66546	1.66546	1.66546	1.66546	1.66546	1.66546	1.66546	1.66546	1.66546	1.66546	1.66546	
1.76546	1.76546	1.76546	1.76546	1.76546	1.76546	1.76546	1.76546	1.76546	1.76546	1.76546	1.76546	1.76546	1.76546	1.76546	1.76546	1.76546	1.76546	1.76546	1.76546	1.76546	1.76546	1.76546	1.76546	
1.86546	1.86546	1.86546	1.86546	1.86546	1.86546	1.86546	1.86546	1.86546	1.86546	1.86546	1.86546	1.86546	1.86546	1.86546	1.86546	1.86546	1.86546	1.86546	1.86546	1.86546	1.86546	1.86546	1.86546	
1.96546	1.96546	1.96546	1.96546	1.96546	1.96546	1.96546	1.96546	1.96546	1.96546	1.96546	1.96546	1.96546	1.96546	1.96546	1.96546	1.96546	1.96546	1.96546	1.96546	1.96546	1.96546	1.96546	1.96546	
2.06546	2.06546	2.06546	2.06546	2.06546	2.06546	2.06546	2.06546	2.06546	2.06546	2.06546	2.06546	2.06546	2.06546	2.06546	2.06546	2.06546	2.06546	2.06546	2.06546	2.06546	2.06546	2.06546	2.06546	
2.16546	2.16546	2.16546	2.16546	2.16546	2.16546	2.16546	2.16546	2.16546	2.16546	2.16546	2.16546	2.16546	2.16546	2.16546	2.16546	2.16546	2.16546	2.16546	2.16546	2.16546	2.16546	2.16546	2.16546	
2.26546	2.26546	2.26546	2.26546	2.26546	2.26546	2.26546	2.26546	2.26546	2.26546	2.26546	2.26546	2.26546	2.26546	2.26546	2.26546	2.26546	2.26546	2.26546	2.26546	2.26546	2.26546	2.26546	2.26546	
2.36546	2.36546	2.36546	2.36546	2.36546	2.36546	2.36546	2.36546	2.36546	2.36546	2.36546	2.36546	2.36546	2.36546	2.36546	2.36546	2.36546	2.36546	2.36546	2.36546	2.36546	2.36546	2.36546	2.36546	
2.46546	2.46546	2.46546	2.46546	2.46546	2.46546	2.46546	2.46546	2.46546	2.46546	2.46546	2.46546	2.46546	2.46546	2.46546	2.46546	2.46546	2.46546	2.46546	2.46546	2.46546	2.46546	2.46546	2.46546	
2.56546	2.56546	2.56546	2.56546	2.56546	2.56546	2.56546	2.56546	2.56546	2.56546	2.56546	2.56546	2.56546	2.56546	2.56546	2.56546	2.56546	2.56546	2.56546	2.56546	2.56546	2.56546	2.56546	2.56546	
2.66546	2.66546	2.66546	2.66546	2.66546	2.66546	2.66546	2.66546	2.66546	2.66546	2.66546	2.66546	2.66546	2.66546	2.66546	2.66546	2.66546	2.66546	2.66546	2.66546	2.66546	2.66546	2.66546	2.66546	
2.76546	2.76546	2.76546	2.76546	2.76546	2.76546	2.76546	2.76546	2.76546	2.76546	2.76546	2.76546	2.76546	2.76546	2.76546	2.76546	2.76546	2.76546	2.76546	2.76546	2.76546	2.76546	2.76546	2.76546	
2.86546	2.86546	2.86546	2.86546	2.86546	2.86546	2.86546	2.86546	2.86546	2.86546	2.86546	2.86546	2.86546	2.86546	2.86546	2.86546	2.86546	2.86546	2.86546	2.86546	2.86546	2.86546	2.86546	2.86546	
