1.98953	1.98953	1.98953	1.98953	1.98953	1.98953	1.98953	1.98953	1.98953	1.98953	1.98953	1.98953	1.98953	1.98953	1.98953	1.98953	1.98953	1.98953	1.98953	1.98953	1.98953	1.98953	1.98953	1.98953	
1.89058	1.89058	1.89058	1.89058	1.89058	1.89058	1.89058	1.89058	1.89058	1.89058	1.89058	1.89058	1.89058	1.89058	1.89058	1.89058	1.89058	1.89058	1.89058	1.89058	1.89058	1.89058	1.89058	1.89058	
1.79162	1.79162	1.79162	1.79162	1.79162	1.79162	1.79162	1.79162	1.79162	1.79162	1.79162	1.79162	1.79162	1.79162	1.79162	1.79162	1.79162	1.79162	1.79162	1.79162	1.79162	1.79162	1.79162	1.79162	
1.69267	1.69267	1.69267	1.69267	1.69267	1.69267	1.69267	1.69267	1.69267	1.69267	1.69267	1.69267	1.69267	1.69267	1.69267	1.69267	1.69267	1.69267	1.69267	1.69267	1.69267	1.69267	1.69267	1.69267	
1.59372	1.59372	1.59372	1.59372	1.59372	1.59372	1.59372	1.59372	1.59372	1.59372	1.59372	1.59372	1.59372	1.59372	1.59372	1.59372	1.59372	1.59372	1.59372	1.59372	1.59372	1.59372	1.59372	1.59372	
1.49476	1.49476	1.49476	1.49476	1.49476	1.49476	1.49476	1.49476	1.49476	1.49476	1.49476	1.49476	1.49476	1.49476	1.49476	1.49476	1.49476	1.49476	1.49476	1.49476	1.49476	1.49476	1.49476	1.49476	
1.39581	1.39581	1.39581	1.39581	1.39581	1.39581	1.39581	1.39581	1.39581	1.39581	1.39581	1.39581	1.39581	1.39581	1.39581	1.39581	1.39581	1.39581	1.39581	1.39581	1.39581	1.39581	1.39581	1.39581	
1.29686	1.29686	1.29686	1.29686	1.29686	1.29686	1.29686	1.29686	1.29686	1.29686	1.29686	1.29686	1.29686	1.29686	1.29686	1.29686	1.29686	1.29686	1.29686	1.29686	1.29686	1.29686	1.29686	1.29686	
1.19791	1.19791	1.19791	1.19791	1.19791	1.19791	1.19791	1.19791	1.19791	1.19791	1.19791	1.19791	1.19791	1.19791	1.19791	1.19791	1.19791	1.19791	1.19791	1.19791	1.19791	1.19791	1.19791	1.19791	
1.09895	1.09895	1.09895	1.09895	1.09895	1.09895	1.09895	1.09895	1.09895	1.09895	1.09895	1.09895	1.09895	1.09895	1.09895	1.09895	1.09895	1.09895	1.09895	1.09895	1.09895	1.09895	1.09895	1.09895	
1.00000	1.00000	1.00000	1.00000	1.00000	1.00000	1.00000	1.00000	1.00000	1.00000	1.00000	1.00000	1.00000	1.00000	1.00000	1.00000	1.00000	1.00000	1.00000	1.00000	1.00000	1.00000	1.00000	1.00000	
0.90105	0.90105	0.90105	0.90105	0.90105	0.90105	0.90105	0.90105	0.90105	0.90105	0.90105	0.90105	0.90105	0.90105	0.90105	0.90105	0.90105	0.90105	0.90105	0.90105	0.90105	0.90105	0.90105	0.90105	
0.80209	0.80209	0.80209	0.80209	0.80209	0.80209	0.80209	0.80209	0.80209	0.80209	0.80209	0.80209	0.80209	0.80209	0.80209	0.80209	0.80209	0.80209	0.80209	0.80209	0.80209	0.80209	0.80209	0.80209	
0.70314	0.70314	0.70314	0.70314	0.70314	0.70314	0.70314	0.70314	0.70314	0.70314	0.70314	0.70314	0.70314	0.70314	0.70314	0.70314	0.70314	0.70314	0.70314	0.70314	0.70314	0.70314	0.70314	0.70314	
0.60419	0.60419	0.60419	0.60419	0.60419	0.60419	0.60419	0.60419	0.60419	0.60419	0.60419	0.60419	0.60419	0.60419	0.60419	0.60419	0.60419	0.60419	0.60419	0.60419	0.60419	0.60419	0.60419	0.60419	
0.50524	0.50524	0.50524	0.50524	0.50524	0.50524	0.50524	0.50524	0.50524	0.50524	0.50524	0.50524	0.50524	0.50524	0.50524	0.50524	0.50524	0.50524	0.50524	0.50524	0.50524	0.50524	0.50524	0.50524	
0.40628	0.40628	0.40628	0.40628	0.40628	0.40628	0.40628	0.40628	0.40628	0.40628	0.40628	0.40628	0.40628	0.40628	0.40628	0.40628	0.40628	0.40628	0.40628	0.40628	0.40628	0.40628	0.40628	0.40628	
0.30733	0.30733	0.30733	0.30733	0.30733	0.30733	0.30733	0.30733	0.30733	0.30733	0.30733	0.30733	0.30733	0.30733	0.30733	0.30733	0.30733	0.30733	0.30733	0.30733	0.30733	0.30733	0.30733	0.30733	
0.20838	0.20838	0.20838	0.20838	0.20838	0.20838	0.20838	0.20838	0.20838	0.20838	0.20838	0.20838	0.20838	0.20838	0.20838	0.20838	0.20838	0.20838	0.20838	0.20838	0.20838	0.20838	0.20838	0.20838	
0.10942	0.10942	0.10942	0.10942	0.10942	0.10942	0.10942	0.10942	0.10942	0.10942	0.10942	0.10942	0.10942	0.10942	0.10942	0.10942	0.10942	0.10942	0.10942	0.10942	0.10942	0.10942	0.10942	0.10942	
0.01047	0.01047	0.01047	0.01047	0.01047	0.01047	0.01047	0.01047	0.01047	0.01047	0.01047	0.01047	0.01047	0.01047	0.01047	0.01047	0.01047	0.01047	0.01047	0.01047	0.01047	0.01047	0.01047	0.01047	
1.79058	1.79058	1.79058	1.79058	1.79058	1.79058	1.79058	1.79058	1.79058	1.79058	1.79058	1.79058	1.79058	1.79058	1.79058	1.79058	1.79058	1.79058	1.79058	1.79058	1.79058	1.79058	1.79058	1.79058	
2.08953	2.07665	2.03888	1.97881	1.90052	1.80935	1.71152	1.61368	1.52251	1.44422	1.38415	1.34639	1.33351	1.34639	1.38415	1.44422	1.52251	1.61368	1.71152	1.80935	1.90052	1.97881	2.03888	2.07665	
2.15279	2.13506	2.08308	2.00039	1.89262	1.76713	1.63246	1.49779	1.37230	1.26453	1.18184	1.12986	1.11213	1.12986	1.18184	1.26453	1.37230	1.49779	1.63246	1.76713	1.89262	2.00039	2.08308	2.13506	
2.17272	2.15162	2.08975	1.99132	1.86306	1.71369	1.55340	1.39311	1.24374	1.11548	1.01706	0.95519	0.93409	0.95519	1.01706	1.11548	1.24374	1.39311	1.55340	1.71369	1.86306	1.99132	2.08975	2.15162	
2.16812	2.14448	2.07517	1.96492	1.82123	1.65391	1.47435	1.29478	1.12746	0.98377	0.87352	0.80421	0.78057	0.80421	0.87352	0.98377	1.12746	1.29478	1.47435	1.65391	1.82123	1.96492	2.07517	2.14448	
2.14632	2.12073	2.04570	1.92635	1.77080	1.58967	1.39529	1.20091	1.01977	0.86423	0.74488	0.66985	0.64426	0.66985	0.74488	0.86423	1.01977	1.20091	1.39529	1.58967	1.77080	1.92635	2.04570	2.12073	
2.11105	2.08396	2.00456	1.87825	1.71364	1.52194	1.31623	1.11052	0.91882	0.75421	0.62790	0.54850	0.52141	0.54850	0.62790	0.75421	0.91882	1.11052	1.31623	1.52194	1.71364	1.87825	2.00456	2.08396	
2.06444	2.03625	1.95361	1.82214	1.65081	1.45129	1.23717	1.02306	0.82354	0.65220	0.52074	0.43809	0.40990	0.43809	0.52074	0.65220	0.82354	1.02306	1.23717	1.45129	1.65081	1.82214	1.95361	2.03625	
2.00781	1.97886	1.89397	1.75894	1.58296	1.37803	1.15812	0.93820	0.73327	0.55729	0.42226	0.33737	0.30842	0.33737	0.42226	0.55729	0.73327	0.93820	1.15812	1.37803	1.58296	1.75894	1.89397	1.97886	
1.94193	1.91252	1.82632	1.68920	1.51049	1.30238	1.07906	0.85573	0.64762	0.46892	0.33179	0.24559	0.21619	0.24559	0.33179	0.46892	0.64762	0.85573	1.07906	1.30238	1.51049	1.68920	1.82632	1.91252	
1.86722	1.83767	1.75103	1.61321	1.43361	1.22445	1.00000	0.77555	0.56639	0.38679	0.24897	0.16233	0.13278	0.16233	0.24897	0.38679	0.56639	0.77555	1.00000	1.22445	1.43361	1.61321	1.75103	1.83767	
1.78381	1.75441	1.66821	1.53108	1.35238	1.14427	0.92094	0.69762	0.48951	0.31080	0.17368	0.08748	0.05807	0.08748	0.17368	0.31080	0.48951	0.69762	0.92094	1.14427	1.35238	1.53108	1.66821	1.75441	
1.69158	1.66263	1.57774	1.44271	1.26673	1.06180	0.84188	0.62197	0.41704	0.24106	0.10603	0.02114	-0.00781	0.02114	0.10603	0.24106	0.41704	0.62197	0.84188	1.06180	1.26673	1.44271	1.57774	1.66263	
1.59010	1.56191	1.47926	1.34780	1.17646	0.97694	0.76283	0.54871	0.34919	0.17786	0.04639	-0.03625	-0.06444	-0.03625	0.04639	0.17786	0.34919	0.54871	0.76283	0.97694	1.17646	1.34780	1.47926	1.56191	
1.47859	1.45150	1.37210	1.24579	1.08118	0.88948	0.68377	0.47806	0.28636	0.12175	-0.00456	-0.08396	-0.11105	-0.08396	-0.00456	0.12175	0.28636	0.47806	0.68377	0.88948	1.08118	1.24579	1.37210	1.45150	
1.35574	1.33015	1.25512	1.13577	0.98023	0.79909	0.60471	0.41033	0.22920	0.07365	-0.04570	-0.12073	-0.14632	-0.12073	-0.04570	0.07365	0.22920	0.41033	0.60471	0.79909	0.98023	1.13577	1.25512	1.33015	
1.21943	1.19579	1.12648	1.01623	0.87254	0.70522	0.52565	0.34609	0.17877	0.03508	-0.07517	-0.14448	-0.16812	-0.14448	-0.07517	0.03508	0.17877	0.34609	0.52565	0.70522	0.87254	1.01623	1.12648	1.19579	
1.06591	1.04481	0.98294	0.88452	0.75626	0.60689	0.44660	0.28631	0.13694	0.00868	-0.08975	-0.15162	-0.17272	-0.15162	-0.08975	0.00868	0.13694	0.28631	0.44660	0.60689	0.75626	0.88452	0.98294	1.04481	
0.88787	0.87014	0.81816	0.73547	0.62770	0.50221	0.36754	0.23287	0.10738	-0.00039	-0.08308	-0.13506	-0.15279	-0.13506	-0.08308	-0.00039	0.10738	0.23287	0.36754	0.50221	0.62770	0.73547	0.81816	0.87014	
0.66649	0.65361	0.61585	0.55578	0.47749	0.38632	0.28848	0.19065	0.09948	0.02119	-0.03888	-0.07665	-0.08953	-0.07665	-0.03888	0.02119	0.09948	0.19065	0.28848	0.38632	0.47749	0.55578	0.61585	0.65361	
0.20942	0.20942	0.20942	0.20942	0.20942	0.20942	0.20942	0.20942	0.20942	0.20942	0.20942	0.20942	0.20942	0.20942	0.20942	0.20942	0.20942	0.20942	0.20942	0.20942	0.20942	0.20942	0.20942	0.20942	
1.59162	1.59162	1.59162	1.59162	1.59162	1.59162	1.59162	1.59162	1.59162	1.59162	1.59162	1.59162	1.59162	1.59162	1.59162	1.59162	1.59162	1.59162	1.59162	1.59162	1.59162	1.59162	1.59162	1.59162	
2.05279	2.03506	1.98308	1.90039	1.79262	1.66713	1.53246	1.39779	1.27230	1.16453	1.08184	1.02986	1.01213	1.02986	1.08184	1.16453	1.27230	1.39779	1.53246	1.66713	1.79262	1.90039	1.98308	2.03506	
2.18953	2.16512	2.09357	1.97975	1.83141	1.65867	1.47330	1.28792	1.11518	0.96685	0.85302	0.78147	0.75707	0.78147	0.85302	0.96685	1.11518	1.28792	1.47330	1.65867	1.83141	1.97975	2.09357	2.16512	
2.26662	2.23757	2.15241	2.01693	1.84038	1.63477	1.41414	1.19350	0.98789	0.81134	0.67586	0.59070	0.56165	0.59070	0.67586	0.81134	0.98789	1.19350	1.41414	1.63477	1.84038	2.01693	2.15241	2.23757	
2.30995	2.27741	2.18200	2.03024	1.83246	1.60214	1.35497	1.10781	0.87749	0.67971	0.52794	0.43254	0.40000	0.43254	0.52794	0.67971	0.87749	1.10781	1.35497	1.60214	1.83246	2.03024	2.18200	2.27741	
2.32960	2.29437	2.19110	2.02681	1.81271	1.56338	1.29581	1.02825	0.77892	0.56481	0.40052	0.29725	0.26202	0.29725	0.40052	0.56481	0.77892	1.02825	1.29581	1.56338	1.81271	2.02681	2.19110	2.29437	
2.33071	2.29343	2.18413	2.01027	1.78368	1.51981	1.23665	0.95349	0.68962	0.46303	0.28917	0.17987	0.14259	0.17987	0.28917	0.46303	0.68962	0.95349	1.23665	1.51981	1.78368	2.01027	2.18413	2.29343	
2.31622	2.27742	2.16366	1.98269	1.74685	1.47221	1.17749	0.88276	0.60812	0.37228	0.19131	0.07755	0.03875	0.07755	0.19131	0.37228	0.60812	0.88276	1.17749	1.47221	1.74685	1.98269	2.16366	2.27742	
2.28792	2.24807	2.13123	1.94536	1.70312	1.42104	1.11832	0.81561	0.53353	0.29129	0.10542	-0.01142	-0.05127	-0.01142	0.10542	0.29129	0.53353	0.81561	1.11832	1.42104	1.70312	1.94536	2.13123	2.24807	
2.24690	2.20642	2.08777	1.89902	1.65303	1.36657	1.05916	0.75175	0.46530	0.21931	0.03056	-0.08810	-0.12857	-0.08810	0.03056	0.21931	0.46530	0.75175	1.05916	1.36657	1.65303	1.89902	2.08777	2.20642	
2.19372	2.15304	2.03379	1.84409	1.59686	1.30896	1.00000	0.69104	0.40314	0.15591	-0.03379	-0.15304	-0.19372	-0.15304	-0.03379	0.15591	0.40314	0.69104	1.00000	1.30896	1.59686	1.84409	2.03379	2.15304	
2.12857	2.08810	1.96944	1.78069	1.53470	1.24825	0.94084	0.63343	0.34697	0.10098	-0.08777	-0.20642	-0.24690	-0.20642	-0.08777	0.10098	0.34697	0.63343	0.94084	1.24825	1.53470	1.78069	1.96944	2.08810	
2.05127	2.01142	1.89458	1.70871	1.46647	1.18439	0.88168	0.57896	0.29688	0.05464	-0.13123	-0.24807	-0.28792	-0.24807	-0.13123	0.05464	0.29688	0.57896	0.88168	1.18439	1.46647	1.70871	1.89458	2.01142	
1.96125	1.92245	1.80869	1.62772	1.39188	1.11724	0.82251	0.52779	0.25315	0.01731	-0.16366	-0.27742	-0.31622	-0.27742	-0.16366	0.01731	0.25315	0.52779	0.82251	1.11724	1.39188	1.62772	1.80869	1.92245	
1.85741	1.82013	1.71083	1.53697	1.31038	1.04651	0.76335	0.48019	0.21632	-0.01027	-0.18413	-0.29343	-0.33071	-0.29343	-0.18413	-0.01027	0.21632	0.48019	0.76335	1.04651	1.31038	1.53697	1.71083	1.82013	
1.73798	1.70275	1.59948	1.43519	1.22108	0.97175	0.70419	0.43662	0.18729	-0.02681	-0.19110	-0.29437	-0.32960	-0.29437	-0.19110	-0.02681	0.18729	0.43662	0.70419	0.97175	1.22108	1.43519	1.59948	1.70275	
1.60000	1.56746	1.47206	1.32029	1.12251	0.89219	0.64503	0.39786	0.16754	-0.03024	-0.18200	-0.27741	-0.30995	-0.27741	-0.18200	-0.03024	0.16754	0.39786	0.64503	0.89219	1.12251	1.32029	1.47206	1.56746	
1.43835	1.40930	1.32414	1.18866	1.01211	0.80650	0.58586	0.36523	0.15962	-0.01693	-0.15241	-0.23757	-0.26662	-0.23757	-0.15241	-0.01693	0.15962	0.36523	0.58586	0.80650	1.01211	1.18866	1.32414	1.40930	
1.24293	1.21853	1.14698	1.03315	0.88482	0.71208	0.52670	0.34133	0.16859	0.02025	-0.09357	-0.16512	-0.18953	-0.16512	-0.09357	0.02025	0.16859	0.34133	0.52670	0.71208	0.88482	1.03315	1.14698	1.21853	
0.98787	0.97014	0.91816	0.83547	0.72770	0.60221	0.46754	0.33287	0.20738	0.09961	0.01692	-0.03506	-0.05279	-0.03506	0.01692	0.09961	0.20738	0.33287	0.46754	0.60221	0.72770	0.83547	0.91816	0.97014	
0.40838	0.40838	0.40838	0.40838	0.40838	0.40838	0.40838	0.40838	0.40838	0.40838	0.40838	0.40838	0.40838	0.40838	0.40838	0.40838	0.40838	0.40838	0.40838	0.40838	0.40838	0.40838	0.40838	0.40838	
1.39267	1.39267	1.39267	1.39267	1.39267	1.39267	1.39267	1.39267	1.39267	1.39267	1.39267	1.39267	1.39267	1.39267	1.39267	1.39267	1.39267	1.39267	1.39267	1.39267	1.39267	1.39267	1.39267	1.39267	
1.97272	1.95162	1.88975	1.79132	1.66306	1.51369	1.35340	1.19311	1.04374	0.91548	0.81706	0.75519	0.73409	0.75519	0.81706	0.91548	1.04374	1.19311	1.35340	1.51369	1.66306	1.79132	1.88975	1.95162	
2.16662	2.13757	2.05241	1.91693	1.74038	1.53477	1.31414	1.09350	0.88789	0.71134	0.57586	0.49070	0.46165	0.49070	0.57586	0.71134	0.88789	1.09350	1.31414	1.53477	1.74038	1.91693	2.05241	2.13757	
2.28953	2.25495	2.15359	1.99234	1.78220	1.53748	1.27487	1.01226	0.76754	0.55740	0.39615	0.29478	0.26021	0.29478	0.39615	0.55740	0.76754	1.01226	1.27487	1.53748	1.78220	1.99234	2.15359	2.25495	
2.37225	2.33352	2.21997	2.03933	1.80392	1.52979	1.23560	0.94142	0.66728	0.43187	0.25124	0.13769	0.09896	0.13769	0.25124	0.43187	0.66728	0.94142	1.23560	1.52979	1.80392	2.03933	2.21997	2.33352	
2.42679	2.38486	2.26194	2.06640	1.81156	1.51480	1.19633	0.87787	0.58111	0.32627	0.13073	0.00781	-0.03412	0.00781	0.13073	0.32627	0.58111	0.87787	1.19633	1.51480	1.81156	2.06640	2.26194	2.38486	
2.45926	2.41489	2.28480	2.07786	1.80816	1.49410	1.15707	0.82004	0.50597	0.23628	0.02934	-0.10075	-0.14512	-0.10075	0.02934	0.23628	0.50597	0.82004	1.15707	1.49410	1.80816	2.07786	2.28480	2.41489	
2.47316	2.42698	2.29158	2.07619	1.79548	1.46859	1.11780	0.76701	0.44012	0.15941	-0.05598	-0.19138	-0.23756	-0.19138	-0.05598	0.15941	0.44012	0.76701	1.11780	1.46859	1.79548	2.07619	2.29158	2.42698	
2.47063	2.42320	2.28413	2.06290	1.77458	1.43884	1.07853	0.71823	0.38248	0.09417	-0.12706	-0.26613	-0.31357	-0.26613	-0.12706	0.09417	0.38248	0.71823	1.07853	1.43884	1.77458	2.06290	2.28413	2.42320	
2.45295	2.40478	2.26355	2.03889	1.74611	1.40516	1.03927	0.67338	0.33242	0.03964	-0.18502	-0.32625	-0.37442	-0.32625	-0.18502	0.03964	0.33242	0.67338	1.03927	1.40516	1.74611	2.03889	2.26355	2.40478	
2.42081	2.37239	2.23045	2.00466	1.71040	1.36773	1.00000	0.63227	0.28960	-0.00466	-0.23045	-0.37239	-0.42081	-0.37239	-0.23045	-0.00466	0.28960	0.63227	1.00000	1.36773	1.71040	2.00466	2.23045	2.37239	
2.37442	2.32625	2.18502	1.96036	1.66758	1.32662	0.96073	0.59484	0.25389	-0.03889	-0.26355	-0.40478	-0.45295	-0.40478	-0.26355	-0.03889	0.25389	0.59484	0.96073	1.32662	1.66758	1.96036	2.18502	2.32625	
2.31357	2.26613	2.12706	1.90583	1.61752	1.28177	0.92147	0.56116	0.22542	-0.06290	-0.28413	-0.42320	-0.47063	-0.42320	-0.28413	-0.06290	0.22542	0.56116	0.92147	1.28177	1.61752	1.90583	2.12706	2.26613	
2.23756	2.19138	2.05598	1.84059	1.55988	1.23299	0.88220	0.53141	0.20452	-0.07619	-0.29158	-0.42698	-0.47316	-0.42698	-0.29158	-0.07619	0.20452	0.53141	0.88220	1.23299	1.55988	1.84059	2.05598	2.19138	
2.14512	2.10075	1.97066	1.76372	1.49403	1.17996	0.84293	0.50590	0.19184	-0.07786	-0.28480	-0.41489	-0.45926	-0.41489	-0.28480	-0.07786	0.19184	0.50590	0.84293	1.17996	1.49403	1.76372	1.97066	2.10075	
2.03412	1.99219	1.86927	1.67373	1.41889	1.12213	0.80367	0.48520	0.18844	-0.06640	-0.26194	-0.38486	-0.42679	-0.38486	-0.26194	-0.06640	0.18844	0.48520	0.80367	1.12213	1.41889	1.67373	1.86927	1.99219	
1.90104	1.86231	1.74876	1.56813	1.33272	1.05858	0.76440	0.47021	0.19608	-0.03933	-0.21997	-0.33352	-0.37225	-0.33352	-0.21997	-0.03933	0.19608	0.47021	0.76440	1.05858	1.33272	1.56813	1.74876	1.86231	
1.73979	1.70522	1.60385	1.44260	1.23246	0.98774	0.72513	0.46252	0.21780	0.00766	-0.15359	-0.25495	-0.28953	-0.25495	-0.15359	0.00766	0.21780	0.46252	0.72513	0.98774	1.23246	1.44260	1.60385	1.70522	
1.53835	1.50930	1.42414	1.28866	1.11211	0.90650	0.68586	0.46523	0.25962	0.08307	-0.05241	-0.13757	-0.16662	-0.13757	-0.05241	0.08307	0.25962	0.46523	0.68586	0.90650	1.11211	1.28866	1.42414	1.50930	
1.26591	1.24481	1.18294	1.08452	0.95626	0.80689	0.64660	0.48631	0.33694	0.20868	0.11025	0.04838	0.02728	0.04838	0.11025	0.20868	0.33694	0.48631	0.64660	0.80689	0.95626	1.08452	1.18294	1.24481	
0.60733	0.60733	0.60733	0.60733	0.60733	0.60733	0.60733	0.60733	0.60733	0.60733	0.60733	0.60733	0.60733	0.60733	0.60733	0.60733	0.60733	0.60733	0.60733	0.60733	0.60733	0.60733	0.60733	0.60733	
1.19372	1.19372	1.19372	1.19372	1.19372	1.19372	1.19372	1.19372	1.19372	1.19372	1.19372	1.19372	1.19372	1.19372	1.19372	1.19372	1.19372	1.19372	1.19372	1.19372	1.19372	1.19372	1.19372	1.19372	
1.86812	1.84448	1.77517	1.66492	1.52123	1.35391	1.17435	0.99478	0.82746	0.68377	0.57352	0.50421	0.48057	0.50421	0.57352	0.68377	0.82746	0.99478	1.17435	1.35391	1.52123	1.66492	1.77517	1.84448	
2.10995	2.07741	1.98200	1.83024	1.63246	1.40214	1.15497	0.90781	0.67749	0.47971	0.32794	0.23254	0.20000	0.23254	0.32794	0.47971	0.67749	0.90781	1.15497	1.40214	1.63246	1.83024	1.98200	2.07741	
2.27225	2.23352	2.11997	1.93933	1.70392	1.42979	1.13560	0.84142	0.56728	0.33187	0.15124	0.03769	-0.00104	0.03769	0.15124	0.33187	0.56728	0.84142	1.13560	1.42979	1.70392	1.93933	2.11997	2.23352	
2.38953	2.34614	2.21894	2.01659	1.75288	1.44578	1.11623	0.78668	0.47958	0.21587	0.01352	-0.11368	-0.15707	-0.11368	0.01352	0.21587	0.47958	0.78668	1.11623	1.44578	1.75288	2.01659	2.21894	2.34614	
2.47524	2.42828	2.29058	2.07152	1.78605	1.45361	1.09686	0.74011	0.40767	0.12219	-0.09686	-0.23456	-0.28153	-0.23456	-0.09686	0.12219	0.40767	0.74011	1.09686	1.45361	1.78605	2.07152	2.29058	2.42828	
2.53623	2.48653	2.34080	2.10898	1.80686	1.45504	1.07749	0.69994	0.34811	0.04600	-0.18582	-0.33155	-0.38126	-0.33155	-0.18582	0.04600	0.34811	0.69994	1.07749	1.45504	1.80686	2.10898	2.34080	2.48653	
2.57643	2.52469	2.37301	2.13172	1.81727	1.45108	1.05812	0.66515	0.29896	-0.01549	-0.25678	-0.40846	-0.46020	-0.40846	-0.25678	-0.01549	0.29896	0.66515	1.05812	1.45108	1.81727	2.13172	2.37301	2.52469	
2.59821	2.54507	2.38928	2.14145	1.81848	1.44236	1.03874	0.63512	0.25901	-0.06396	-0.31179	-0.46758	-0.52072	-0.46758	-0.31179	-0.06396	0.25901	0.63512	1.03874	1.44236	1.81848	2.14145	2.38928	2.54507	
2.60302	2.54905	2.39085	2.13918	1.81119	1.42925	1.01937	0.60949	0.22755	-0.10043	-0.35210	-0.51031	-0.56427	-0.51031	-0.35210	-0.10043	0.22755	0.60949	1.01937	1.42925	1.81119	2.13918	2.39085	2.54905	
2.59162	2.53739	2.37839	2.12545	1.79581	1.41194	1.00000	0.58806	0.20419	-0.12545	-0.37839	-0.53739	-0.59162	-0.53739	-0.37839	-0.12545	0.20419	0.58806	1.00000	1.41194	1.79581	2.12545	2.37839	2.53739	
2.56427	2.51031	2.35210	2.10043	1.77245	1.39051	0.98063	0.57075	0.18881	-0.13918	-0.39085	-0.54905	-0.60302	-0.54905	-0.39085	-0.13918	0.18881	0.57075	0.98063	1.39051	1.77245	2.10043	2.35210	2.51031	
2.52072	2.46758	2.31179	2.06396	1.74099	1.36488	0.96126	0.55764	0.18152	-0.14145	-0.38928	-0.54507	-0.59821	-0.54507	-0.38928	-0.14145	0.18152	0.55764	0.96126	1.36488	1.74099	2.06396	2.31179	2.46758	
2.46020	2.40846	2.25678	2.01549	1.70104	1.33485	0.94188	0.54892	0.18273	-0.13172	-0.37301	-0.52469	-0.57643	-0.52469	-0.37301	-0.13172	0.18273	0.54892	0.94188	1.33485	1.70104	2.01549	2.25678	2.40846	
2.38126	2.33155	2.18582	1.95400	1.65189	1.30006	0.92251	0.54496	0.19314	-0.10898	-0.34080	-0.48653	-0.53623	-0.48653	-0.34080	-0.10898	0.19314	0.54496	0.92251	1.30006	1.65189	1.95400	2.18582	2.33155	
2.28153	2.23456	2.09686	1.87781	1.59233	1.25989	0.90314	0.54639	0.21395	-0.07152	-0.29058	-0.42828	-0.47524	-0.42828	-0.29058	-0.07152	0.21395	0.54639	0.90314	1.25989	1.59233	1.87781	2.09686	2.23456	
2.15707	2.11368	1.98648	1.78413	1.52042	1.21332	0.88377	0.55422	0.24712	-0.01659	-0.21894	-0.34614	-0.38953	-0.34614	-0.21894	-0.01659	0.24712	0.55422	0.88377	1.21332	1.52042	1.78413	1.98648	2.11368	
2.00104	1.96231	1.84876	1.66813	1.43272	1.15858	0.86440	0.57021	0.29608	0.06067	-0.11997	-0.23352	-0.27225	-0.23352	-0.11997	0.06067	0.29608	0.57021	0.86440	1.15858	1.43272	1.66813	1.84876	1.96231	
1.80000	1.76746	1.67206	1.52029	1.32251	1.09219	0.84503	0.59786	0.36754	0.16976	0.01800	-0.07741	-0.10995	-0.07741	0.01800	0.16976	0.36754	0.59786	0.84503	1.09219	1.32251	1.52029	1.67206	1.76746	
1.51943	1.49579	1.42648	1.31623	1.17254	1.00522	0.82565	0.64609	0.47877	0.33508	0.22483	0.15552	0.13188	0.15552	0.22483	0.33508	0.47877	0.64609	0.82565	1.00522	1.17254	1.31623	1.42648	1.49579	
0.80628	0.80628	0.80628	0.80628	0.80628	0.80628	0.80628	0.80628	0.80628	0.80628	0.80628	0.80628	0.80628	0.80628	0.80628	0.80628	0.80628	0.80628	0.80628	0.80628	0.80628	0.80628	0.80628	0.80628	
0.99476	0.99476	0.99476	0.99476	0.99476	0.99476	0.99476	0.99476	0.99476	0.99476	0.99476	0.99476	0.99476	0.99476	0.99476	0.99476	0.99476	0.99476	0.99476	0.99476	0.99476	0.99476	0.99476	0.99476	
1.74632	1.72073	1.64570	1.52635	1.37080	1.18967	0.99529	0.80091	0.61977	0.46423	0.34488	0.26985	0.24426	0.26985	0.34488	0.46423	0.61977	0.80091	0.99529	1.18967	1.37080	1.52635	1.64570	1.72073	
2.02960	1.99437	1.89110	1.72681	1.51271	1.26338	0.99581	0.72825	0.47892	0.26481	0.10052	-0.00275	-0.03798	-0.00275	0.10052	0.26481	0.47892	0.72825	0.99581	1.26338	1.51271	1.72681	1.89110	1.99437	
2.22679	2.18486	2.06194	1.86640	1.61156	1.31480	0.99633	0.67787	0.38111	0.12627	-0.06927	-0.19219	-0.23412	-0.19219	-0.06927	0.12627	0.38111	0.67787	0.99633	1.31480	1.61156	1.86640	2.06194	2.18486	
2.37524	2.32828	2.19058	1.97152	1.68605	1.35361	0.99686	0.64011	0.30767	0.02219	-0.19686	-0.33456	-0.38153	-0.33456	-0.19686	0.02219	0.30767	0.64011	0.99686	1.35361	1.68605	1.97152	2.19058	2.32828	
2.48953	2.43868	2.28962	2.05249	1.74345	1.38358	0.99738	0.61119	0.25131	-0.05772	-0.29485	-0.44392	-0.49476	-0.44392	-0.29485	-0.05772	0.25131	0.61119	0.99738	1.38358	1.74345	2.05249	2.28962	2.43868	
2.57704	2.52324	2.36548	2.11453	1.78747	1.40662	0.99791	0.58919	0.20834	-0.11871	-0.36967	-0.52743	-0.58123	-0.52743	-0.36967	-0.11871	0.20834	0.58919	0.99791	1.40662	1.78747	2.11453	2.36548	2.52324	
2.64205	2.58604	2.42185	2.16064	1.82024	1.42383	0.99843	0.57303	0.17662	-0.16379	-0.42499	-0.58919	-0.64519	-0.58919	-0.42499	-0.16379	0.17662	0.57303	0.99843	1.42383	1.82024	2.16064	2.42185	2.58604	
2.68712	2.62960	2.46095	2.19267	1.84304	1.43588	0.99895	0.56202	0.15487	-0.19476	-0.46305	-0.63169	-0.68922	-0.63169	-0.46305	-0.19476	0.15487	0.56202	0.99895	1.43588	1.84304	2.19267	2.46095	2.62960	
2.71382	2.65541	2.48414	2.21170	1.85665	1.44318	0.99948	0.55577	0.14230	-0.21275	-0.48519	-0.65645	-0.71487	-0.65645	-0.48519	-0.21275	0.14230	0.55577	0.99948	1.44318	1.85665	2.21170	2.48414	2.65541	
2.72298	2.66427	2.49215	2.21833	1.86149	1.44594	1.00000	0.55406	0.13851	-0.21833	-0.49215	-0.66427	-0.72298	-0.66427	-0.49215	-0.21833	0.13851	0.55406	1.00000	1.44594	1.86149	2.21833	2.49215	2.66427	
2.71487	2.65645	2.48519	2.21275	1.85770	1.44423	1.00052	0.55682	0.14335	-0.21170	-0.48414	-0.65541	-0.71382	-0.65541	-0.48414	-0.21170	0.14335	0.55682	1.00052	1.44423	1.85770	2.21275	2.48519	2.65645	
2.68922	2.63169	2.46305	2.19476	1.84513	1.43798	1.00105	0.56412	0.15696	-0.19267	-0.46095	-0.62960	-0.68712	-0.62960	-0.46095	-0.19267	0.15696	0.56412	1.00105	1.43798	1.84513	2.19476	2.46305	2.63169	
2.64519	2.58919	2.42499	2.16379	1.82338	1.42697	1.00157	0.57617	0.17976	-0.16064	-0.42185	-0.58604	-0.64205	-0.58604	-0.42185	-0.16064	0.17976	0.57617	1.00157	1.42697	1.82338	2.16379	2.42499	2.58919	
2.58123	2.52743	2.36967	2.11871	1.79166	1.41081	1.00209	0.59338	0.21253	-0.11453	-0.36548	-0.52324	-0.57704	-0.52324	-0.36548	-0.11453	0.21253	0.59338	1.00209	1.41081	1.79166	2.11871	2.36967	2.52743	
2.49476	2.44392	2.29485	2.05772	1.74869	1.38881	1.00262	0.61642	0.25655	-0.05249	-0.28962	-0.43868	-0.48953	-0.43868	-0.28962	-0.05249	0.25655	0.61642	1.00262	1.38881	1.74869	2.05772	2.29485	2.44392	
2.38153	2.33456	2.19686	1.97781	1.69233	1.35989	1.00314	0.64639	0.31395	0.02848	-0.19058	-0.32828	-0.37524	-0.32828	-0.19058	0.02848	0.31395	0.64639	1.00314	1.35989	1.69233	1.97781	2.19686	2.33456	
2.23412	2.19219	2.06927	1.87373	1.61889	1.32213	1.00367	0.68520	0.38844	0.13360	-0.06194	-0.18486	-0.22679	-0.18486	-0.06194	0.13360	0.38844	0.68520	1.00367	1.32213	1.61889	1.87373	2.06927	2.19219	
2.03798	2.00275	1.89948	1.73519	1.52108	1.27175	1.00419	0.73662	0.48729	0.27319	0.10890	0.00563	-0.02960	0.00563	0.10890	0.27319	0.48729	0.73662	1.00419	1.27175	1.52108	1.73519	1.89948	2.00275	
1.75574	1.73015	1.65512	1.53577	1.38023	1.19909	1.00471	0.81033	0.62920	0.47365	0.35430	0.27927	0.25368	0.27927	0.35430	0.47365	0.62920	0.81033	1.00471	1.19909	1.38023	1.53577	1.65512	1.73015	
1.00524	1.00524	1.00524	1.00524	1.00524	1.00524	1.00524	1.00524	1.00524	1.00524	1.00524	1.00524	1.00524	1.00524	1.00524	1.00524	1.00524	1.00524	1.00524	1.00524	1.00524	1.00524	1.00524	1.00524	
0.79581	0.79581	0.79581	0.79581	0.79581	0.79581	0.79581	0.79581	0.79581	0.79581	0.79581	0.79581	0.79581	0.79581	0.79581	0.79581	0.79581	0.79581	0.79581	0.79581	0.79581	0.79581	0.79581	0.79581	
1.61105	1.58396	1.50456	1.37825	1.21364	1.02194	0.81623	0.61052	0.41882	0.25421	0.12790	0.04850	0.02141	0.04850	0.12790	0.25421	0.41882	0.61052	0.81623	1.02194	1.21364	1.37825	1.50456	1.58396	
1.93071	1.89343	1.78413	1.61027	1.38368	1.11981	0.83665	0.55349	0.28962	0.06303	-0.11083	-0.22013	-0.25741	-0.22013	-0.11083	0.06303	0.28962	0.55349	0.83665	1.11981	1.38368	1.61027	1.78413	1.89343	
2.15926	2.11489	1.98480	1.77786	1.50816	1.19410	0.85707	0.52004	0.20597	-0.06372	-0.27066	-0.40075	-0.44512	-0.40075	-0.27066	-0.06372	0.20597	0.52004	0.85707	1.19410	1.50816	1.77786	1.98480	2.11489	
2.33623	2.28653	2.14080	1.90898	1.60686	1.25504	0.87749	0.49994	0.14811	-0.15400	-0.38582	-0.53155	-0.58126	-0.53155	-0.38582	-0.15400	0.14811	0.49994	0.87749	1.25504	1.60686	1.90898	2.14080	2.28653	
2.47704	2.42324	2.26548	2.01453	1.68747	1.30662	0.89791	0.48919	0.10834	-0.21871	-0.46967	-0.62743	-0.68123	-0.62743	-0.46967	-0.21871	0.10834	0.48919	0.89791	1.30662	1.68747	2.01453	2.26548	2.42324	
2.58953	2.53258	2.36563	2.10004	1.75393	1.35086	0.91832	0.48579	0.08272	-0.26339	-0.52898	-0.69593	-0.75288	-0.69593	-0.52898	-0.26339	0.08272	0.48579	0.91832	1.35086	1.75393	2.10004	2.36563	2.53258	
2.67819	2.61892	2.44515	2.16872	1.80847	1.38894	0.93874	0.48854	0.06902	-0.29123	-0.56766	-0.74143	-0.80070	-0.74143	-0.56766	-0.29123	0.06902	0.48854	0.93874	1.38894	1.80847	2.16872	2.44515	2.61892	
2.74575	2.68488	2.50640	2.22247	1.85246	1.42157	0.95916	0.49676	0.06587	-0.30415	-0.58807	-0.76655	-0.82743	-0.76655	-0.58807	-0.30415	0.06587	0.49676	0.95916	1.42157	1.85246	2.22247	2.50640	2.68488	
2.79387	2.73205	2.55080	2.26248	1.88673	1.44915	0.97958	0.51001	0.07243	-0.30332	-0.59164	-0.77289	-0.83471	-0.77289	-0.59164	-0.30332	0.07243	0.51001	0.97958	1.44915	1.88673	2.26248	2.55080	2.73205	
2.82343	2.76130	2.57914	2.28936	1.91172	1.47194	1.00000	0.52806	0.08828	-0.28936	-0.57914	-0.76130	-0.82343	-0.76130	-0.57914	-0.28936	0.08828	0.52806	1.00000	1.47194	1.91172	2.28936	2.57914	2.76130	
2.83471	2.77289	2.59164	2.30332	1.92757	1.48999	1.02042	0.55085	0.11327	-0.26248	-0.55080	-0.73205	-0.79387	-0.73205	-0.55080	-0.26248	0.11327	0.55085	1.02042	1.48999	1.92757	2.30332	2.59164	2.77289	
2.82743	2.76655	2.58807	2.30415	1.93413	1.50324	1.04084	0.57843	0.14754	-0.22247	-0.50640	-0.68488	-0.74575	-0.68488	-0.50640	-0.22247	0.14754	0.57843	1.04084	1.50324	1.93413	2.30415	2.58807	2.76655	
2.80070	2.74143	2.56766	2.29123	1.93098	1.51146	1.06126	0.61106	0.19153	-0.16872	-0.44515	-0.61892	-0.67819	-0.61892	-0.44515	-0.16872	0.19153	0.61106	1.06126	1.51146	1.93098	2.29123	2.56766	2.74143	
2.75288	2.69593	2.52898	2.26339	1.91728	1.51421	1.08168	0.64914	0.24607	-0.10004	-0.36563	-0.53258	-0.58953	-0.53258	-0.36563	-0.10004	0.24607	0.64914	1.08168	1.51421	1.91728	2.26339	2.52898	2.69593	
2.68123	2.62743	2.46967	2.21871	1.89166	1.51081	1.10209	0.69338	0.31253	-0.01453	-0.26548	-0.42324	-0.47704	-0.42324	-0.26548	-0.01453	0.31253	0.69338	1.10209	1.51081	1.89166	2.21871	2.46967	2.62743	
2.58126	2.53155	2.38582	2.15400	1.85189	1.50006	1.12251	0.74496	0.39314	0.09102	-0.14080	-0.28653	-0.33623	-0.28653	-0.14080	0.09102	0.39314	0.74496	1.12251	1.50006	1.85189	2.15400	2.38582	2.53155	
2.44512	2.40075	2.27066	2.06372	1.79403	1.47996	1.14293	0.80590	0.49184	0.22214	0.01520	-0.11489	-0.15926	-0.11489	0.01520	0.22214	0.49184	0.80590	1.14293	1.47996	1.79403	2.06372	2.27066	2.40075	
2.25741	2.22013	2.11083	1.93697	1.71038	1.44651	1.16335	0.88019	0.61632	0.38973	0.21587	0.10657	0.06929	0.10657	0.21587	0.38973	0.61632	0.88019	1.16335	1.44651	1.71038	1.93697	2.11083	2.22013	
1.97859	1.95150	1.87210	1.74579	1.58118	1.38948	1.18377	0.97806	0.78636	0.62175	0.49544	0.41604	0.38895	0.41604	0.49544	0.62175	0.78636	0.97806	1.18377	1.38948	1.58118	1.74579	1.87210	1.95150	
1.20419	1.20419	1.20419	1.20419	1.20419	1.20419	1.20419	1.20419	1.20419	1.20419	1.20419	1.20419	1.20419	1.20419	1.20419	1.20419	1.20419	1.20419	1.20419	1.20419	1.20419	1.20419	1.20419	1.20419	
0.59686	0.59686	0.59686	0.59686	0.59686	0.59686	0.59686	0.59686	0.59686	0.59686	0.59686	0.59686	0.59686	0.59686	0.59686	0.59686	0.59686	0.59686	0.59686	0.59686	0.59686	0.59686	0.59686	0.59686	
1.46444	1.43625	1.35361	1.22214	1.05081	0.85129	0.63717	0.42306	0.22354	0.05220	-0.07926	-0.16191	-0.19010	-0.16191	-0.07926	0.05220	0.22354	0.42306	0.63717	0.85129	1.05081	1.22214	1.35361	1.43625	
1.81622	1.77742	1.66366	1.48269	1.24685	0.97221	0.67749	0.38276	0.10812	-0.12772	-0.30869	-0.42245	-0.46125	-0.42245	-0.30869	-0.12772	0.10812	0.38276	0.67749	0.97221	1.24685	1.48269	1.66366	1.77742	
2.07316	2.02698	1.89158	1.67619	1.39548	1.06859	0.71780	0.36701	0.04012	-0.24059	-0.45598	-0.59138	-0.63756	-0.59138	-0.45598	-0.24059	0.04012	0.36701	0.71780	1.06859	1.39548	1.67619	1.89158	2.02698	
2.27643	2.22469	2.07301	1.83172	1.51727	1.15108	0.75812	0.36515	-0.00104	-0.31549	-0.55678	-0.70846	-0.76020	-0.70846	-0.55678	-0.31549	-0.00104	0.36515	0.75812	1.15108	1.51727	1.83172	2.07301	2.22469	
2.44205	2.38604	2.22185	1.96064	1.62024	1.22383	0.79843	0.37303	-0.02338	-0.36379	-0.62499	-0.78919	-0.84519	-0.78919	-0.62499	-0.36379	-0.02338	0.37303	0.79843	1.22383	1.62024	1.96064	2.22185	2.38604	
2.57819	2.51892	2.34515	2.06872	1.70847	1.28894	0.83874	0.38854	-0.03098	-0.39123	-0.66766	-0.84143	-0.90070	-0.84143	-0.66766	-0.39123	-0.03098	0.38854	0.83874	1.28894	1.70847	2.06872	2.34515	2.51892	
2.68953	2.62784	2.44697	2.15925	1.78429	1.34764	0.87906	0.41047	-0.02618	-0.40114	-0.68886	-0.86972	-0.93141	-0.86972	-0.68886	-0.40114	-0.02618	0.41047	0.87906	1.34764	1.78429	2.15925	2.44697	2.62784	
2.77892	2.71555	2.52978	2.23427	1.84914	1.40066	0.91937	0.43809	-0.01040	-0.39552	-0.69104	-0.87681	-0.94017	-0.87681	-0.69104	-0.39552	-0.01040	0.43809	0.91937	1.40066	1.84914	2.23427	2.52978	2.71555	
2.84806	2.78372	2.59507	2.29497	1.90387	1.44843	0.95969	0.47094	0.01550	-0.37560	-0.67570	-0.86434	-0.92869	-0.86434	-0.67570	-0.37560	0.01550	0.47094	0.95969	1.44843	1.90387	2.29497	2.59507	2.78372	
2.89789	2.83322	2.64362	2.34201	1.94894	1.49121	1.00000	0.50879	0.05106	-0.34201	-0.64362	-0.83322	-0.89789	-0.83322	-0.64362	-0.34201	0.05106	0.50879	1.00000	1.49121	1.94894	2.34201	2.64362	2.83322	
2.92869	2.86434	2.67570	2.37560	1.98450	1.52906	1.04031	0.55157	0.09613	-0.29497	-0.59507	-0.78372	-0.84806	-0.78372	-0.59507	-0.29497	0.09613	0.55157	1.04031	1.52906	1.98450	2.37560	2.67570	2.86434	
2.94017	2.87681	2.69104	2.39552	2.01040	1.56191	1.08063	0.59934	0.15086	-0.23427	-0.52978	-0.71555	-0.77892	-0.71555	-0.52978	-0.23427	0.15086	0.59934	1.08063	1.56191	2.01040	2.39552	2.69104	2.87681	
2.93141	2.86972	2.68886	2.40114	2.02618	1.58953	1.12094	0.65236	0.21571	-0.15925	-0.44697	-0.62784	-0.68953	-0.62784	-0.44697	-0.15925	0.21571	0.65236	1.12094	1.58953	2.02618	2.40114	2.68886	2.86972	
2.90070	2.84143	2.66766	2.39123	2.03098	1.61146	1.16126	0.71106	0.29153	-0.06872	-0.34515	-0.51892	-0.57819	-0.51892	-0.34515	-0.06872	0.29153	0.71106	1.16126	1.61146	2.03098	2.39123	2.66766	2.84143	
2.84519	2.78919	2.62499	2.36379	2.02338	1.62697	1.20157	0.77617	0.37976	0.03936	-0.22185	-0.38604	-0.44205	-0.38604	-0.22185	0.03936	0.37976	0.77617	1.20157	1.62697	2.02338	2.36379	2.62499	2.78919	
2.76020	2.70846	2.55678	2.31549	2.00104	1.63485	1.24188	0.84892	0.48273	0.16828	-0.07301	-0.22469	-0.27643	-0.22469	-0.07301	0.16828	0.48273	0.84892	1.24188	1.63485	2.00104	2.31549	2.55678	2.70846	
2.63756	2.59138	2.45598	2.24059	1.95988	1.63299	1.28220	0.93141	0.60452	0.32381	0.10842	-0.02698	-0.07316	-0.02698	0.10842	0.32381	0.60452	0.93141	1.28220	1.63299	1.95988	2.24059	2.45598	2.59138	
2.46125	2.42245	2.30869	2.12772	1.89188	1.61724	1.32251	1.02779	0.75315	0.51731	0.33634	0.22258	0.18378	0.22258	0.33634	0.51731	0.75315	1.02779	1.32251	1.61724	1.89188	2.12772	2.30869	2.42245	
2.19010	2.16191	2.07926	1.94780	1.77646	1.57694	1.36283	1.14871	0.94919	0.77786	0.64639	0.56375	0.53556	0.56375	0.64639	0.77786	0.94919	1.14871	1.36283	1.57694	1.77646	1.94780	2.07926	2.16191	
1.40314	1.40314	1.40314	1.40314	1.40314	1.40314	1.40314	1.40314	1.40314	1.40314	1.40314	1.40314	1.40314	1.40314	1.40314	1.40314	1.40314	1.40314	1.40314	1.40314	1.40314	1.40314	1.40314	1.40314	
0.39791	0.39791	0.39791	0.39791	0.39791	0.39791	0.39791	0.39791	0.39791	0.39791	0.39791	0.39791	0.39791	0.39791	0.39791	0.39791	0.39791	0.39791	0.39791	0.39791	0.39791	0.39791	0.39791	0.39791	
1.30781	1.27886	1.19397	1.05894	0.88296	0.67803	0.45812	0.23820	0.03327	-0.14271	-0.27774	-0.36263	-0.39158	-0.36263	-0.27774	-0.14271	0.03327	0.23820	0.45812	0.67803	0.88296	1.05894	1.19397	1.27886	
1.68792	1.64807	1.53123	1.34536	1.10312	0.82104	0.51832	0.21561	-0.06647	-0.30871	-0.49458	-0.61142	-0.65127	-0.61142	-0.49458	-0.30871	-0.06647	0.21561	0.51832	0.82104	1.10312	1.34536	1.53123	1.64807	
1.97063	1.92320	1.78413	1.56290	1.27458	0.93884	0.57853	0.21823	-0.11752	-0.40583	-0.62706	-0.76613	-0.81357	-0.76613	-0.62706	-0.40583	-0.11752	0.21823	0.57853	0.93884	1.27458	1.56290	1.78413	1.92320	
2.19821	2.14507	1.98928	1.74145	1.41848	1.04236	0.63874	0.23512	-0.14099	-0.46396	-0.71179	-0.86758	-0.92072	-0.86758	-0.71179	-0.46396	-0.14099	0.23512	0.63874	1.04236	1.41848	1.74145	1.98928	2.14507	
2.38712	2.32960	2.16095	1.89267	1.54304	1.13588	0.69895	0.26202	-0.14513	-0.49476	-0.76305	-0.93169	-0.98922	-0.93169	-0.76305	-0.49476	-0.14513	0.26202	0.69895	1.13588	1.54304	1.89267	2.16095	2.32960	
2.54575	2.48488	2.30640	2.02247	1.65246	1.22157	0.75916	0.29676	-0.13413	-0.50415	-0.78807	-0.96655	-1.02743	-0.96655	-0.78807	-0.50415	-0.13413	0.29676	0.75916	1.22157	1.65246	2.02247	2.30640	2.48488	
2.67892	2.61555	2.42978	2.13427	1.74914	1.30066	0.81937	0.33809	-0.11040	-0.49552	-0.79104	-0.97681	-1.04017	-0.97681	-0.79104	-0.49552	-0.11040	0.33809	0.81937	1.30066	1.74914	2.13427	2.42978	2.61555	
2.78953	2.72445	2.53364	2.23012	1.83455	1.37391	0.87958	0.38525	-0.07539	-0.47096	-0.77448	-0.96529	-1.03037	-0.96529	-0.77448	-0.47096	-0.07539	0.38525	0.87958	1.37391	1.83455	2.23012	2.53364	2.72445	
2.87935	2.81326	2.61950	2.31127	1.90957	1.44179	0.93979	0.43780	-0.02999	-0.43169	-0.73992	-0.93368	-0.99977	-0.93368	-0.73992	-0.43169	-0.02999	0.43780	0.93979	1.44179	1.90957	2.31127	2.61950	2.81326	
2.94933	2.88291	2.68817	2.37839	1.97467	1.50452	1.00000	0.49548	0.02533	-0.37839	-0.68817	-0.88291	-0.94933	-0.88291	-0.68817	-0.37839	0.02533	0.49548	1.00000	1.50452	1.97467	2.37839	2.68817	2.88291	
2.99977	2.93368	2.73992	2.43169	2.02999	1.56220	1.06021	0.55821	0.09043	-0.31127	-0.61950	-0.81326	-0.87935	-0.81326	-0.61950	-0.31127	0.09043	0.55821	1.06021	1.56220	2.02999	2.43169	2.73992	2.93368	
3.03037	2.96529	2.77448	2.47096	2.07539	1.61475	1.12042	0.62609	0.16545	-0.23012	-0.53364	-0.72445	-0.78953	-0.72445	-0.53364	-0.23012	0.16545	0.62609	1.12042	1.61475	2.07539	2.47096	2.77448	2.96529	
3.04017	2.97681	2.79104	2.49552	2.11040	1.66191	1.18063	0.69934	0.25086	-0.13427	-0.42978	-0.61555	-0.67892	-0.61555	-0.42978	-0.13427	0.25086	0.69934	1.18063	1.66191	2.11040	2.49552	2.79104	2.97681	
3.02743	2.96655	2.78807	2.50415	2.13413	1.70324	1.24084	0.77843	0.34754	-0.02247	-0.30640	-0.48488	-0.54575	-0.48488	-0.30640	-0.02247	0.34754	0.77843	1.24084	1.70324	2.13413	2.50415	2.78807	2.96655	
2.98922	2.93169	2.76305	2.49476	2.14513	1.73798	1.30105	0.86412	0.45696	0.10733	-0.16095	-0.32960	-0.38712	-0.32960	-0.16095	0.10733	0.45696	0.86412	1.30105	1.73798	2.14513	2.49476	2.76305	2.93169	
2.92072	2.86758	2.71179	2.46396	2.14099	1.76488	1.36126	0.95764	0.58152	0.25855	0.01072	-0.14507	-0.19821	-0.14507	0.01072	0.25855	0.58152	0.95764	1.36126	1.76488	2.14099	2.46396	2.71179	2.86758	
2.81357	2.76613	2.62706	2.40583	2.11752	1.78177	1.42147	1.06116	0.72542	0.43710	0.21587	0.07680	0.02937	0.07680	0.21587	0.43710	0.72542	1.06116	1.42147	1.78177	2.11752	2.40583	2.62706	2.76613	
2.65127	2.61142	2.49458	2.30871	2.06647	1.78439	1.48168	1.17896	0.89688	0.65464	0.46877	0.35193	0.31208	0.35193	0.46877	0.65464	0.89688	1.17896	1.48168	1.78439	2.06647	2.30871	2.49458	2.61142	
2.39158	2.36263	2.27774	2.14271	1.96673	1.76180	1.54188	1.32197	1.11704	0.94106	0.80603	0.72114	0.69219	0.72114	0.80603	0.94106	1.11704	1.32197	1.54188	1.76180	1.96673	2.14271	2.27774	2.36263	
1.60209	1.60209	1.60209	1.60209	1.60209	1.60209	1.60209	1.60209	1.60209	1.60209	1.60209	1.60209	1.60209	1.60209	1.60209	1.60209	1.60209	1.60209	1.60209	1.60209	1.60209	1.60209	1.60209	1.60209	
0.19895	0.19895	0.19895	0.19895	0.19895	0.19895	0.19895	0.19895	0.19895	0.19895	0.19895	0.19895	0.19895	0.19895	0.19895	0.19895	0.19895	0.19895	0.19895	0.19895	0.19895	0.19895	0.19895	0.19895	
1.14193	1.11252	1.02632	0.88920	0.71049	0.50238	0.27906	0.05573	-0.15238	-0.33108	-0.46821	-0.55441	-0.58381	-0.55441	-0.46821	-0.33108	-0.15238	0.05573	0.27906	0.50238	0.71049	0.88920	1.02632	1.11252	
1.54690	1.50642	1.38777	1.19902	0.95303	0.66657	0.35916	0.05175	-0.23470	-0.48069	-0.66944	-0.78810	-0.82857	-0.78810	-0.66944	-0.48069	-0.23470	0.05175	0.35916	0.66657	0.95303	1.19902	1.38777	1.50642	
1.85295	1.80478	1.66355	1.43889	1.14611	0.80516	0.43927	0.07338	-0.26758	-0.56036	-0.78502	-0.92625	-0.97442	-0.92625	-0.78502	-0.56036	-0.26758	0.07338	0.43927	0.80516	1.14611	1.43889	1.66355	1.80478	
2.10302	2.04905	1.89085	1.63918	1.31119	0.92925	0.51937	0.10949	-0.27245	-0.60043	-0.85210	-1.01031	-1.06427	-1.01031	-0.85210	-0.60043	-0.27245	0.10949	0.51937	0.92925	1.31119	1.63918	1.89085	2.04905	
2.31382	2.25541	2.08414	1.81170	1.45665	1.04318	0.59948	0.15577	-0.25770	-0.61275	-0.88519	-1.05645	-1.11487	-1.05645	-0.88519	-0.61275	-0.25770	0.15577	0.59948	1.04318	1.45665	1.81170	2.08414	2.25541	
2.49387	2.43205	2.25080	1.96248	1.58673	1.14915	0.67958	0.21001	-0.22757	-0.60332	-0.89164	-1.07289	-1.13471	-1.07289	-0.89164	-0.60332	-0.22757	0.21001	0.67958	1.14915	1.58673	1.96248	2.25080	2.43205	
2.64806	2.58372	2.39507	2.09497	1.70387	1.24843	0.75969	0.27094	-0.18450	-0.57560	-0.87570	-1.06434	-1.12869	-1.06434	-0.87570	-0.57560	-0.18450	0.27094	0.75969	1.24843	1.70387	2.09497	2.39507	2.58372	
2.77935	2.71326	2.51950	2.21127	1.80957	1.34179	0.83979	0.33780	-0.12999	-0.53169	-0.83992	-1.03368	-1.09977	-1.03368	-0.83992	-0.53169	-0.12999	0.33780	0.83979	1.34179	1.80957	2.21127	2.51950	2.71326	
2.88953	2.82241	2.62565	2.31264	1.90471	1.42967	0.91990	0.41012	-0.06492	-0.47285	-0.78586	-0.98262	-1.04974	-0.98262	-0.78586	-0.47285	-0.06492	0.41012	0.91990	1.42967	1.90471	2.31264	2.62565	2.82241	
2.97956	2.91210	2.71435	2.39976	1.98978	1.51235	1.00000	0.48765	0.01022	-0.39976	-0.71435	-0.91210	-0.97956	-0.91210	-0.71435	-0.39976	0.01022	0.48765	1.00000	1.51235	1.98978	2.39976	2.71435	2.91210	
3.04974	2.98262	2.78586	2.47285	2.06492	1.58988	1.08010	0.57033	0.09529	-0.31264	-0.62565	-0.82241	-0.88953	-0.82241	-0.62565	-0.31264	0.09529	0.57033	1.08010	1.58988	2.06492	2.47285	2.78586	2.98262	
3.09977	3.03368	2.83992	2.53169	2.12999	1.66220	1.16021	0.65821	0.19043	-0.21127	-0.51950	-0.71326	-0.77935	-0.71326	-0.51950	-0.21127	0.19043	0.65821	1.16021	1.66220	2.12999	2.53169	2.83992	3.03368	
3.12869	3.06434	2.87570	2.57560	2.18450	1.72906	1.24031	0.75157	0.29613	-0.09497	-0.39507	-0.58372	-0.64806	-0.58372	-0.39507	-0.09497	0.29613	0.75157	1.24031	1.72906	2.18450	2.57560	2.87570	3.06434	
3.13471	3.07289	2.89164	2.60332	2.22757	1.78999	1.32042	0.85085	0.41327	0.03752	-0.25080	-0.43205	-0.49387	-0.43205	-0.25080	0.03752	0.41327	0.85085	1.32042	1.78999	2.22757	2.60332	2.89164	3.07289	
3.11487	3.05645	2.88519	2.61275	2.25770	1.84423	1.40052	0.95682	0.54335	0.18830	-0.08414	-0.25541	-0.31382	-0.25541	-0.08414	0.18830	0.54335	0.95682	1.40052	1.84423	2.25770	2.61275	2.88519	3.05645	
3.06427	3.01031	2.85210	2.60043	2.27245	1.89051	1.48063	1.07075	0.68881	0.36082	0.10915	-0.04905	-0.10302	-0.04905	0.10915	0.36082	0.68881	1.07075	1.48063	1.89051	2.27245	2.60043	2.85210	3.01031	
2.97442	2.92625	2.78502	2.56036	2.26758	1.92662	1.56073	1.19484	0.85389	0.56111	0.33645	0.19522	0.14705	0.19522	0.33645	0.56111	0.85389	1.19484	1.56073	1.92662	2.26758	2.56036	2.78502	2.92625	
2.82857	2.78810	2.66944	2.48069	2.23470	1.94825	1.64084	1.33343	1.04697	0.80098	0.61223	0.49358	0.45310	0.49358	0.61223	0.80098	1.04697	1.33343	1.64084	1.94825	2.23470	2.48069	2.66944	2.78810	
2.58381	2.55441	2.46821	2.33108	2.15238	1.94427	1.72094	1.49762	1.28951	1.11080	0.97368	0.88748	0.85807	0.88748	0.97368	1.11080	1.28951	1.49762	1.72094	1.94427	2.15238	2.33108	2.46821	2.55441	
1.80105	1.80105	1.80105	1.80105	1.80105	1.80105	1.80105	1.80105	1.80105	1.80105	1.80105	1.80105	1.80105	1.80105	1.80105	1.80105	1.80105	1.80105	1.80105	1.80105	1.80105	1.80105	1.80105	1.80105	
0.00000	0.00000	0.00000	0.00000	0.00000	0.00000	0.00000	0.00000	0.00000	0.00000	0.00000	0.00000	0.00000	0.00000	0.00000	0.00000	0.00000	0.00000	0.00000	0.00000	0.00000	0.00000	0.00000	0.00000	
0.96722	0.93767	0.85103	0.71321	0.53361	0.32445	0.10000	-0.12445	-0.33361	-0.51321	-0.65103	-0.73767	-0.76722	-0.73767	-0.65103	-0.51321	-0.33361	-0.12445	0.10000	0.32445	0.53361	0.71321	0.85103	0.93767	
1.39372	1.35304	1.23379	1.04409	0.79686	0.50896	0.20000	-0.10896	-0.39686	-0.64409	-0.83379	-0.95304	-0.99372	-0.95304	-0.83379	-0.64409	-0.39686	-0.10896	0.20000	0.50896	0.79686	1.04409	1.23379	1.35304	
1.72081	1.67239	1.53045	1.30466	1.01040	0.66773	0.30000	-0.06773	-0.41040	-0.70466	-0.93045	-1.07239	-1.12081	-1.07239	-0.93045	-0.70466	-0.41040	-0.06773	0.30000	0.66773	1.01040	1.30466	1.53045	1.67239	
1.99162	1.93739	1.77839	1.52545	1.19581	0.81194	0.40000	-0.01194	-0.39581	-0.72545	-0.97839	-1.13739	-1.19162	-1.13739	-0.97839	-0.72545	-0.39581	-0.01194	0.40000	0.81194	1.19581	1.52545	1.77839	1.93739	
2.22298	2.16427	1.99215	1.71833	1.36149	0.94594	0.50000	0.05406	-0.36149	-0.71833	-0.99215	-1.16427	-1.22298	-1.16427	-0.99215	-0.71833	-0.36149	0.05406	0.50000	0.94594	1.36149	1.71833	1.99215	2.16427	
2.42343	2.36130	2.17914	1.88936	1.51172	1.07194	0.60000	0.12806	-0.31172	-0.68936	-0.97914	-1.16130	-1.22343	-1.16130	-0.97914	-0.68936	-0.31172	0.12806	0.60000	1.07194	1.51172	1.88936	2.17914	2.36130	
2.59789	2.53322	2.34362	2.04201	1.64894	1.19121	0.70000	0.20879	-0.24894	-0.64201	-0.94362	-1.13322	-1.19789	-1.13322	-0.94362	-0.64201	-0.24894	0.20879	0.70000	1.19121	1.64894	2.04201	2.34362	2.53322	
2.74933	2.68291	2.48817	2.17839	1.77467	1.30452	0.80000	0.29548	-0.17467	-0.57839	-0.88817	-1.08291	-1.14933	-1.08291	-0.88817	-0.57839	-0.17467	0.29548	0.80000	1.30452	1.77467	2.17839	2.48817	2.68291	
2.87956	2.81210	2.61435	2.29976	1.88978	1.41235	0.90000	0.38765	-0.08978	-0.49976	-0.81435	-1.01210	-1.07956	-1.01210	-0.81435	-0.49976	-0.08978	0.38765	0.90000	1.41235	1.88978	2.29976	2.61435	2.81210	
2.98953	2.92174	2.72298	2.40681	1.99476	1.51493	1.00000	0.48507	0.00524	-0.40681	-0.72298	-0.92174	-0.98953	-0.92174	-0.72298	-0.40681	0.00524	0.48507	1.00000	1.51493	1.99476	2.40681	2.72298	2.92174	
3.07956	3.01210	2.81435	2.49976	2.08978	1.61235	1.10000	0.58765	0.11022	-0.29976	-0.61435	-0.81210	-0.87956	-0.81210	-0.61435	-0.29976	0.11022	0.58765	1.10000	1.61235	2.08978	2.49976	2.81435	3.01210	
3.14933	3.08291	2.88817	2.57839	2.17467	1.70452	1.20000	0.69548	0.22533	-0.17839	-0.48817	-0.68291	-0.74933	-0.68291	-0.48817	-0.17839	0.22533	0.69548	1.20000	1.70452	2.17467	2.57839	2.88817	3.08291	
3.19789	3.13322	2.94362	2.64201	2.24894	1.79121	1.30000	0.80879	0.35106	-0.04201	-0.34362	-0.53322	-0.59789	-0.53322	-0.34362	-0.04201	0.35106	0.80879	1.30000	1.79121	2.24894	2.64201	2.94362	3.13322	
3.22343	3.16130	2.97914	2.68936	2.31172	1.87194	1.40000	0.92806	0.48828	0.11064	-0.17914	-0.36130	-0.42343	-0.36130	-0.17914	0.11064	0.48828	0.92806	1.40000	1.87194	2.31172	2.68936	2.97914	3.16130	
3.22298	3.16427	2.99215	2.71833	2.36149	1.94594	1.50000	1.05406	0.63851	0.28167	0.00785	-0.16427	-0.22298	-0.16427	0.00785	0.28167	0.63851	1.05406	1.50000	1.94594	2.36149	2.71833	2.99215	3.16427	
3.19162	3.13739	2.97839	2.72545	2.39581	2.01194	1.60000	1.18806	0.80419	0.47455	0.22161	0.06261	0.00838	0.06261	0.22161	0.47455	0.80419	1.18806	1.60000	2.01194	2.39581	2.72545	2.97839	3.13739	
3.12081	3.07239	2.93045	2.70466	2.41040	2.06773	1.70000	1.33227	0.98960	0.69534	0.46955	0.32761	0.27919	0.32761	0.46955	0.69534	0.98960	1.33227	1.70000	2.06773	2.41040	2.70466	2.93045	3.07239	
2.99372	2.95304	2.83379	2.64409	2.39686	2.10896	1.80000	1.49104	1.20314	0.95591	0.76621	0.64696	0.60628	0.64696	0.76621	0.95591	1.20314	1.49104	1.80000	2.10896	2.39686	2.64409	2.83379	2.95304	
2.76722	2.73767	2.65103	2.51321	2.33361	2.12445	1.90000	1.67555	1.46639	1.28679	1.14897	1.06233	1.03278	1.06233	1.14897	1.28679	1.46639	1.67555	1.90000	2.12445	2.33361	2.51321	2.65103	2.73767	
2.00000	2.00000	2.00000	2.00000	2.00000	2.00000	2.00000	2.00000	2.00000	2.00000	2.00000	2.00000	2.00000	2.00000	2.00000	2.00000	2.00000	2.00000	2.00000	2.00000	2.00000	2.00000	2.00000	2.00000	
-0.19895	-0.19895	-0.19895	-0.19895	-0.19895	-0.19895	-0.19895	-0.19895	-0.19895	-0.19895	-0.19895	-0.19895	-0.19895	-0.19895	-0.19895	-0.19895	-0.19895	-0.19895	-0.19895	-0.19895	-0.19895	-0.19895	-0.19895	-0.19895	
0.78381	0.75441	0.66821	0.53108	0.35238	0.14427	-0.07906	-0.30238	-0.51049	-0.68920	-0.82632	-0.91252	-0.94193	-0.91252	-0.82632	-0.68920	-0.51049	-0.30238	-0.07906	0.14427	0.35238	0.53108	0.66821	0.75441	
1.22857	1.18810	1.06944	0.88069	0.63470	0.34825	0.04084	-0.26657	-0.55303	-0.79902	-0.98777	-1.10642	-1.14690	-1.10642	-0.98777	-0.79902	-0.55303	-0.26657	0.04084	0.34825	0.63470	0.88069	1.06944	1.18810	
1.57442	1.52625	1.38502	1.16036	0.86758	0.52662	0.16073	-0.20516	-0.54611	-0.83889	-1.06355	-1.20478	-1.25295	-1.20478	-1.06355	-0.83889	-0.54611	-0.20516	0.16073	0.52662	0.86758	1.16036	1.38502	1.52625	
1.86427	1.81031	1.65210	1.40043	1.07245	0.69051	0.28063	-0.12925	-0.51119	-0.83918	-1.09085	-1.24905	-1.30302	-1.24905	-1.09085	-0.83918	-0.51119	-0.12925	0.28063	0.69051	1.07245	1.40043	1.65210	1.81031	
2.11487	2.05645	1.88519	1.61275	1.25770	0.84423	0.40052	-0.04318	-0.45665	-0.81170	-1.08414	-1.25541	-1.31382	-1.25541	-1.08414	-0.81170	-0.45665	-0.04318	0.40052	0.84423	1.25770	1.61275	1.88519	2.05645	
2.33471	2.27289	2.09164	1.80332	1.42757	0.98999	0.52042	0.05085	-0.38673	-0.76248	-1.05080	-1.23205	-1.29387	-1.23205	-1.05080	-0.76248	-0.38673	0.05085	0.52042	0.98999	1.42757	1.80332	2.09164	2.27289	
2.52869	2.46434	2.27570	1.97560	1.58450	1.12906	0.64031	0.15157	-0.30387	-0.69497	-0.99507	-1.18372	-1.24806	-1.18372	-0.99507	-0.69497	-0.30387	0.15157	0.64031	1.12906	1.58450	1.97560	2.27570	2.46434	
2.69977	2.63368	2.43992	2.13169	1.72999	1.26220	0.76021	0.25821	-0.20957	-0.61127	-0.91950	-1.11326	-1.17935	-1.11326	-0.91950	-0.61127	-0.20957	0.25821	0.76021	1.26220	1.72999	2.13169	2.43992	2.63368	
2.84974	2.78262	2.58586	2.27285	1.86492	1.38988	0.88010	0.37033	-0.10471	-0.51264	-0.82565	-1.02241	-1.08953	-1.02241	-0.82565	-0.51264	-0.10471	0.37033	0.88010	1.38988	1.86492	2.27285	2.58586	2.78262	
2.97956	2.91210	2.71435	2.39976	1.98978	1.51235	1.00000	0.48765	0.01022	-0.39976	-0.71435	-0.91210	-0.97956	-0.91210	-0.71435	-0.39976	0.01022	0.48765	1.00000	1.51235	1.98978	2.39976	2.71435	2.91210	
3.08953	3.02241	2.82565	2.51264	2.10471	1.62967	1.11990	0.61012	0.13508	-0.27285	-0.58586	-0.78262	-0.84974	-0.78262	-0.58586	-0.27285	0.13508	0.61012	1.11990	1.62967	2.10471	2.51264	2.82565	3.02241	
3.17935	3.11326	2.91950	2.61127	2.20957	1.74179	1.23979	0.73780	0.27001	-0.13169	-0.43992	-0.63368	-0.69977	-0.63368	-0.43992	-0.13169	0.27001	0.73780	1.23979	1.74179	2.20957	2.61127	2.91950	3.11326	
3.24806	3.18372	2.99507	2.69497	2.30387	1.84843	1.35969	0.87094	0.41550	0.02440	-0.27570	-0.46434	-0.52869	-0.46434	-0.27570	0.02440	0.41550	0.87094	1.35969	1.84843	2.30387	2.69497	2.99507	3.18372	
3.29387	3.23205	3.05080	2.76248	2.38673	1.94915	1.47958	1.01001	0.57243	0.19668	-0.09164	-0.27289	-0.33471	-0.27289	-0.09164	0.19668	0.57243	1.01001	1.47958	1.94915	2.38673	2.76248	3.05080	3.23205	
3.31382	3.25541	3.08414	2.81170	2.45665	2.04318	1.59948	1.15577	0.74230	0.38725	0.11481	-0.05645	-0.11487	-0.05645	0.11481	0.38725	0.74230	1.15577	1.59948	2.04318	2.45665	2.81170	3.08414	3.25541	
3.30302	3.24905	3.09085	2.83918	2.51119	2.12925	1.71937	1.30949	0.92755	0.59957	0.34790	0.18969	0.13573	0.18969	0.34790	0.59957	0.92755	1.30949	1.71937	2.12925	2.51119	2.83918	3.09085	3.24905	
3.25295	3.20478	3.06355	2.83889	2.54611	2.20516	1.83927	1.47338	1.13242	0.83964	0.61498	0.47375	0.42558	0.47375	0.61498	0.83964	1.13242	1.47338	1.83927	2.20516	2.54611	2.83889	3.06355	3.20478	
3.14690	3.10642	2.98777	2.79902	2.55303	2.26657	1.95916	1.65175	1.36530	1.11931	0.93056	0.81190	0.77143	0.81190	0.93056	1.11931	1.36530	1.65175	1.95916	2.26657	2.55303	2.79902	2.98777	3.10642	
2.94193	2.91252	2.82632	2.68920	2.51049	2.30238	2.07906	1.85573	1.64762	1.46892	1.33179	1.24559	1.21619	1.24559	1.33179	1.46892	1.64762	1.85573	2.07906	2.30238	2.51049	2.68920	2.82632	2.91252	
2.19895	2.19895	2.19895	2.19895	2.19895	2.19895	2.19895	2.19895	2.19895	2.19895	2.19895	2.19895	2.19895	2.19895	2.19895	2.19895	2.19895	2.19895	2.19895	2.19895	2.19895	2.19895	2.19895	2.19895	
-0.39791	-0.39791	-0.39791	-0.39791	-0.39791	-0.39791	-0.39791	-0.39791	-0.39791	-0.39791	-0.39791	-0.39791	-0.39791	-0.39791	-0.39791	-0.39791	-0.39791	-0.39791	-0.39791	-0.39791	-0.39791	-0.39791	-0.39791	-0.39791	
0.59158	0.56263	0.47774	0.34271	0.16673	-0.03820	-0.25812	-0.47803	-0.68296	-0.85894	-0.99397	-1.07886	-1.10781	-1.07886	-0.99397	-0.85894	-0.68296	-0.47803	-0.25812	-0.03820	0.16673	0.34271	0.47774	0.56263	
1.05127	1.01142	0.89458	0.70871	0.46647	0.18439	-0.11832	-0.42104	-0.70312	-0.94536	-1.13123	-1.24807	-1.28792	-1.24807	-1.13123	-0.94536	-0.70312	-0.42104	-0.11832	0.18439	0.46647	0.70871	0.89458	1.01142	
1.41357	1.36613	1.22706	1.00583	0.71752	0.38177	0.02147	-0.33884	-0.67458	-0.96290	-1.18413	-1.32320	-1.37063	-1.32320	-1.18413	-0.96290	-0.67458	-0.33884	0.02147	0.38177	0.71752	1.00583	1.22706	1.36613	
1.72072	1.66758	1.51179	1.26396	0.94099	0.56488	0.16126	-0.24236	-0.61848	-0.94145	-1.18928	-1.34507	-1.39821	-1.34507	-1.18928	-0.94145	-0.61848	-0.24236	0.16126	0.56488	0.94099	1.26396	1.51179	1.66758	
1.98922	1.93169	1.76305	1.49476	1.14513	0.73798	0.30105	-0.13588	-0.54304	-0.89267	-1.16095	-1.32960	-1.38712	-1.32960	-1.16095	-0.89267	-0.54304	-0.13588	0.30105	0.73798	1.14513	1.49476	1.76305	1.93169	
2.22743	2.16655	1.98807	1.70415	1.33413	0.90324	0.44084	-0.02157	-0.45246	-0.82247	-1.10640	-1.28488	-1.34575	-1.28488	-1.10640	-0.82247	-0.45246	-0.02157	0.44084	0.90324	1.33413	1.70415	1.98807	2.16655	
2.44017	2.37681	2.19104	1.89552	1.51040	1.06191	0.58063	0.09934	-0.34914	-0.73427	-1.02978	-1.21555	-1.27892	-1.21555	-1.02978	-0.73427	-0.34914	0.09934	0.58063	1.06191	1.51040	1.89552	2.19104	2.37681	
2.63037	2.56529	2.37448	2.07096	1.67539	1.21475	0.72042	0.22609	-0.23455	-0.63012	-0.93364	-1.12445	-1.18953	-1.12445	-0.93364	-0.63012	-0.23455	0.22609	0.72042	1.21475	1.67539	2.07096	2.37448	2.56529	
2.79977	2.73368	2.53992	2.23169	1.82999	1.36220	0.86021	0.35821	-0.10957	-0.51127	-0.81950	-1.01326	-1.07935	-1.01326	-0.81950	-0.51127	-0.10957	0.35821	0.86021	1.36220	1.82999	2.23169	2.53992	2.73368	
2.94933	2.88291	2.68817	2.37839	1.97467	1.50452	1.00000	0.49548	0.02533	-0.37839	-0.68817	-0.88291	-0.94933	-0.88291	-0.68817	-0.37839	0.02533	0.49548	1.00000	1.50452	1.97467	2.37839	2.68817	2.88291	
3.07935	3.01326	2.81950	2.51127	2.10957	1.64179	1.13979	0.63780	0.17001	-0.23169	-0.53992	-0.73368	-0.79977	-0.73368	-0.53992	-0.23169	0.17001	0.63780	1.13979	1.64179	2.10957	2.51127	2.81950	3.01326	
3.18953	3.12445	2.93364	2.63012	2.23455	1.77391	1.27958	0.78525	0.32461	-0.07096	-0.37448	-0.56529	-0.63037	-0.56529	-0.37448	-0.07096	0.32461	0.78525	1.27958	1.77391	2.23455	2.63012	2.93364	3.12445	
3.27892	3.21555	3.02978	2.73427	2.34914	1.90066	1.41937	0.93809	0.48960	0.10448	-0.19104	-0.37681	-0.44017	-0.37681	-0.19104	0.10448	0.48960	0.93809	1.41937	1.90066	2.34914	2.73427	3.02978	3.21555	
3.34575	3.28488	3.10640	2.82247	2.45246	2.02157	1.55916	1.09676	0.66587	0.29585	0.01193	-0.16655	-0.22743	-0.16655	0.01193	0.29585	0.66587	1.09676	1.55916	2.02157	2.45246	2.82247	3.10640	3.28488	
3.38712	3.32960	3.16095	2.89267	2.54304	2.13588	1.69895	1.26202	0.85487	0.50524	0.23695	0.06831	0.01078	0.06831	0.23695	0.50524	0.85487	1.26202	1.69895	2.13588	2.54304	2.89267	3.16095	3.32960	
3.39821	3.34507	3.18928	2.94145	2.61848	2.24236	1.83874	1.43512	1.05901	0.73604	0.48821	0.33242	0.27928	0.33242	0.48821	0.73604	1.05901	1.43512	1.83874	2.24236	2.61848	2.94145	3.18928	3.34507	
3.37063	3.32320	3.18413	2.96290	2.67458	2.33884	1.97853	1.61823	1.28248	0.99417	0.77294	0.63387	0.58643	0.63387	0.77294	0.99417	1.28248	1.61823	1.97853	2.33884	2.67458	2.96290	3.18413	3.32320	
3.28792	3.24807	3.13123	2.94536	2.70312	2.42104	2.11832	1.81561	1.53353	1.29129	1.10542	0.98858	0.94873	0.98858	1.10542	1.29129	1.53353	1.81561	2.11832	2.42104	2.70312	2.94536	3.13123	3.24807	
3.10781	3.07886	2.99397	2.85894	2.68296	2.47803	2.25812	2.03820	1.83327	1.65729	1.52226	1.43737	1.40842	1.43737	1.52226	1.65729	1.83327	2.03820	2.25812	2.47803	2.68296	2.85894	2.99397	3.07886	
2.39791	2.39791	2.39791	2.39791	2.39791	2.39791	2.39791	2.39791	2.39791	2.39791	2.39791	2.39791	2.39791	2.39791	2.39791	2.39791	2.39791	2.39791	2.39791	2.39791	2.39791	2.39791	2.39791	2.39791	
-0.59686	-0.59686	-0.59686	-0.59686	-0.59686	-0.59686	-0.59686	-0.59686	-0.59686	-0.59686	-0.59686	-0.59686	-0.59686	-0.59686	-0.59686	-0.59686	-0.59686	-0.59686	-0.59686	-0.59686	-0.59686	-0.59686	-0.59686	-0.59686	
0.39010	0.36191	0.27926	0.14780	-0.02354	-0.22306	-0.43717	-0.65129	-0.85081	-1.02214	-1.15361	-1.23625	-1.26444	-1.23625	-1.15361	-1.02214	-0.85081	-0.65129	-0.43717	-0.22306	-0.02354	0.14780	0.27926	0.36191	
0.86125	0.82245	0.70869	0.52772	0.29188	0.01724	-0.27749	-0.57221	-0.84685	-1.08269	-1.26366	-1.37742	-1.41622	-1.37742	-1.26366	-1.08269	-0.84685	-0.57221	-0.27749	0.01724	0.29188	0.52772	0.70869	0.82245	
1.23756	1.19138	1.05598	0.84059	0.55988	0.23299	-0.11780	-0.46859	-0.79548	-1.07619	-1.29158	-1.42698	-1.47316	-1.42698	-1.29158	-1.07619	-0.79548	-0.46859	-0.11780	0.23299	0.55988	0.84059	1.05598	1.19138	
1.56020	1.50846	1.35678	1.11549	0.80104	0.43485	0.04188	-0.35108	-0.71727	-1.03172	-1.27301	-1.42469	-1.47643	-1.42469	-1.27301	-1.03172	-0.71727	-0.35108	0.04188	0.43485	0.80104	1.11549	1.35678	1.50846	
1.84519	1.78919	1.62499	1.36379	1.02338	0.62697	0.20157	-0.22383	-0.62024	-0.96064	-1.22185	-1.38604	-1.44205	-1.38604	-1.22185	-0.96064	-0.62024	-0.22383	0.20157	0.62697	1.02338	1.36379	1.62499	1.78919	
2.10070	2.04143	1.86766	1.59123	1.23098	0.81146	0.36126	-0.08894	-0.50847	-0.86872	-1.14515	-1.31892	-1.37819	-1.31892	-1.14515	-0.86872	-0.50847	-0.08894	0.36126	0.81146	1.23098	1.59123	1.86766	2.04143	
2.33141	2.26972	2.08886	1.80114	1.42618	0.98953	0.52094	0.05236	-0.38429	-0.75925	-1.04697	-1.22784	-1.28953	-1.22784	-1.04697	-0.75925	-0.38429	0.05236	0.52094	0.98953	1.42618	1.80114	2.08886	2.26972	
2.54017	2.47681	2.29104	1.99552	1.61040	1.16191	0.68063	0.19934	-0.24914	-0.63427	-0.92978	-1.11555	-1.17892	-1.11555	-0.92978	-0.63427	-0.24914	0.19934	0.68063	1.16191	1.61040	1.99552	2.29104	2.47681	
2.72869	2.66434	2.47570	2.17560	1.78450	1.32906	0.84031	0.35157	-0.10387	-0.49497	-0.79507	-0.98372	-1.04806	-0.98372	-0.79507	-0.49497	-0.10387	0.35157	0.84031	1.32906	1.78450	2.17560	2.47570	2.66434	
2.89789	2.83322	2.64362	2.34201	1.94894	1.49121	1.00000	0.50879	0.05106	-0.34201	-0.64362	-0.83322	-0.89789	-0.83322	-0.64362	-0.34201	0.05106	0.50879	1.00000	1.49121	1.94894	2.34201	2.64362	2.83322	
3.04806	2.98372	2.79507	2.49497	2.10387	1.64843	1.15969	0.67094	0.21550	-0.17560	-0.47570	-0.66434	-0.72869	-0.66434	-0.47570	-0.17560	0.21550	0.67094	1.15969	1.64843	2.10387	2.49497	2.79507	2.98372	
3.17892	3.11555	2.92978	2.63427	2.24914	1.80066	1.31937	0.83809	0.38960	0.00448	-0.29104	-0.47681	-0.54017	-0.47681	-0.29104	0.00448	0.38960	0.83809	1.31937	1.80066	2.24914	2.63427	2.92978	3.11555	
3.28953	3.22784	3.04697	2.75925	2.38429	1.94764	1.47906	1.01047	0.57382	0.19886	-0.08886	-0.26972	-0.33141	-0.26972	-0.08886	0.19886	0.57382	1.01047	1.47906	1.94764	2.38429	2.75925	3.04697	3.22784	
3.37819	3.31892	3.14515	2.86872	2.50847	2.08894	1.63874	1.18854	0.76902	0.40877	0.13234	-0.04143	-0.10070	-0.04143	0.13234	0.40877	0.76902	1.18854	1.63874	2.08894	2.50847	2.86872	3.14515	3.31892	
3.44205	3.38604	3.22185	2.96064	2.62024	2.22383	1.79843	1.37303	0.97662	0.63621	0.37501	0.21081	0.15481	0.21081	0.37501	0.63621	0.97662	1.37303	1.79843	2.22383	2.62024	2.96064	3.22185	3.38604	
3.47643	3.42469	3.27301	3.03172	2.71727	2.35108	1.95812	1.56515	1.19896	0.88451	0.64322	0.49154	0.43980	0.49154	0.64322	0.88451	1.19896	1.56515	1.95812	2.35108	2.71727	3.03172	3.27301	3.42469	
3.47316	3.42698	3.29158	3.07619	2.79548	2.46859	2.11780	1.76701	1.44012	1.15941	0.94402	0.80862	0.76244	0.80862	0.94402	1.15941	1.44012	1.76701	2.11780	2.46859	2.79548	3.07619	3.29158	3.42698	
3.41622	3.37742	3.26366	3.08269	2.84685	2.57221	2.27749	1.98276	1.70812	1.47228	1.29131	1.17755	1.13875	1.17755	1.29131	1.47228	1.70812	1.98276	2.27749	2.57221	2.84685	3.08269	3.26366	3.37742	
3.26444	3.23625	3.15361	3.02214	2.85081	2.65129	2.43717	2.22306	2.02354	1.85220	1.72074	1.63809	1.60990	1.63809	1.72074	1.85220	2.02354	2.22306	2.43717	2.65129	2.85081	3.02214	3.15361	3.23625	
2.59686	2.59686	2.59686	2.59686	2.59686	2.59686	2.59686	2.59686	2.59686	2.59686	2.59686	2.59686	2.59686	2.59686	2.59686	2.59686	2.59686	2.59686	2.59686	2.59686	2.59686	2.59686	2.59686	2.59686	
-0.79581	-0.79581	-0.79581	-0.79581	-0.79581	-0.79581	-0.79581	-0.79581	-0.79581	-0.79581	-0.79581	-0.79581	-0.79581	-0.79581	-0.79581	-0.79581	-0.79581	-0.79581	-0.79581	-0.79581	-0.79581	-0.79581	-0.79581	-0.79581	
0.17859	0.15150	0.07210	-0.05421	-0.21882	-0.41052	-0.61623	-0.82194	-1.01364	-1.17825	-1.30456	-1.38396	-1.41105	-1.38396	-1.30456	-1.17825	-1.01364	-0.82194	-0.61623	-0.41052	-0.21882	-0.05421	0.07210	0.15150	
0.65741	0.62013	0.51083	0.33697	0.11038	-0.15349	-0.43665	-0.71981	-0.98368	-1.21027	-1.38413	-1.49343	-1.53071	-1.49343	-1.38413	-1.21027	-0.98368	-0.71981	-0.43665	-0.15349	0.11038	0.33697	0.51083	0.62013	
1.04512	1.00075	0.87066	0.66372	0.39403	0.07996	-0.25707	-0.59410	-0.90816	-1.17786	-1.38480	-1.51489	-1.55926	-1.51489	-1.38480	-1.17786	-0.90816	-0.59410	-0.25707	0.07996	0.39403	0.66372	0.87066	1.00075	
1.38126	1.33155	1.18582	0.95400	0.65189	0.30006	-0.07749	-0.45504	-0.80686	-1.10898	-1.34080	-1.48653	-1.53623	-1.48653	-1.34080	-1.10898	-0.80686	-0.45504	-0.07749	0.30006	0.65189	0.95400	1.18582	1.33155	
1.68123	1.62743	1.46967	1.21871	0.89166	0.51081	0.10209	-0.30662	-0.68747	-1.01453	-1.26548	-1.42324	-1.47704	-1.42324	-1.26548	-1.01453	-0.68747	-0.30662	0.10209	0.51081	0.89166	1.21871	1.46967	1.62743	
1.95288	1.89593	1.72898	1.46339	1.11728	0.71421	0.28168	-0.15086	-0.55393	-0.90004	-1.16563	-1.33258	-1.38953	-1.33258	-1.16563	-0.90004	-0.55393	-0.15086	0.28168	0.71421	1.11728	1.46339	1.72898	1.89593	
2.20070	2.14143	1.96766	1.69123	1.33098	0.91146	0.46126	0.01106	-0.40847	-0.76872	-1.04515	-1.21892	-1.27819	-1.21892	-1.04515	-0.76872	-0.40847	0.01106	0.46126	0.91146	1.33098	1.69123	1.96766	2.14143	
2.42743	2.36655	2.18807	1.90415	1.53413	1.10324	0.64084	0.17843	-0.25246	-0.62247	-0.90640	-1.08488	-1.14575	-1.08488	-0.90640	-0.62247	-0.25246	0.17843	0.64084	1.10324	1.53413	1.90415	2.18807	2.36655	
2.63471	2.57289	2.39164	2.10332	1.72757	1.28999	0.82042	0.35085	-0.08673	-0.46248	-0.75080	-0.93205	-0.99387	-0.93205	-0.75080	-0.46248	-0.08673	0.35085	0.82042	1.28999	1.72757	2.10332	2.39164	2.57289	
2.82343	2.76130	2.57914	2.28936	1.91172	1.47194	1.00000	0.52806	0.08828	-0.28936	-0.57914	-0.76130	-0.82343	-0.76130	-0.57914	-0.28936	0.08828	0.52806	1.00000	1.47194	1.91172	2.28936	2.57914	2.76130	
2.99387	2.93205	2.75080	2.46248	2.08673	1.64915	1.17958	0.71001	0.27243	-0.10332	-0.39164	-0.57289	-0.63471	-0.57289	-0.39164	-0.10332	0.27243	0.71001	1.17958	1.64915	2.08673	2.46248	2.75080	2.93205	
3.14575	3.08488	2.90640	2.62247	2.25246	1.82157	1.35916	0.89676	0.46587	0.09585	-0.18807	-0.36655	-0.42743	-0.36655	-0.18807	0.09585	0.46587	0.89676	1.35916	1.82157	2.25246	2.62247	2.90640	3.08488	
3.27819	3.21892	3.04515	2.76872	2.40847	1.98894	1.53874	1.08854	0.66902	0.30877	0.03234	-0.14143	-0.20070	-0.14143	0.03234	0.30877	0.66902	1.08854	1.53874	1.98894	2.40847	2.76872	3.04515	3.21892	
3.38953	3.33258	3.16563	2.90004	2.55393	2.15086	1.71832	1.28579	0.88272	0.53661	0.27102	0.10407	0.04712	0.10407	0.27102	0.53661	0.88272	1.28579	1.71832	2.15086	2.55393	2.90004	3.16563	3.33258	
3.47704	3.42324	3.26548	3.01453	2.68747	2.30662	1.89791	1.48919	1.10834	0.78129	0.53033	0.37257	0.31877	0.37257	0.53033	0.78129	1.10834	1.48919	1.89791	2.30662	2.68747	3.01453	3.26548	3.42324	
3.53623	3.48653	3.34080	3.10898	2.80686	2.45504	2.07749	1.69994	1.34811	1.04600	0.81418	0.66845	0.61874	0.66845	0.81418	1.04600	1.34811	1.69994	2.07749	2.45504	2.80686	3.10898	3.34080	3.48653	
3.55926	3.51489	3.38480	3.17786	2.90816	2.59410	2.25707	1.92004	1.60597	1.33628	1.12934	0.99925	0.95488	0.99925	1.12934	1.33628	1.60597	1.92004	2.25707	2.59410	2.90816	3.17786	3.38480	3.51489	
3.53071	3.49343	3.38413	3.21027	2.98368	2.71981	2.43665	2.15349	1.88962	1.66303	1.48917	1.37987	1.34259	1.37987	1.48917	1.66303	1.88962	2.15349	2.43665	2.71981	2.98368	3.21027	3.38413	3.49343	
3.41105	3.38396	3.30456	3.17825	3.01364	2.82194	2.61623	2.41052	2.21882	2.05421	1.92790	1.84850	1.82141	1.84850	1.92790	2.05421	2.21882	2.41052	2.61623	2.82194	3.01364	3.17825	3.30456	3.38396	
2.79581	2.79581	2.79581	2.79581	2.79581	2.79581	2.79581	2.79581	2.79581	2.79581	2.79581	2.79581	2.79581	2.79581	2.79581	2.79581	2.79581	2.79581	2.79581	2.79581	2.79581	2.79581	2.79581	2.79581	
-0.99476	-0.99476	-0.99476	-0.99476	-0.99476	-0.99476	-0.99476	-0.99476	-0.99476	-0.99476	-0.99476	-0.99476	-0.99476	-0.99476	-0.99476	-0.99476	-0.99476	-0.99476	-0.99476	-0.99476	-0.99476	-0.99476	-0.99476	-0.99476	
-0.04426	-0.06985	-0.14488	-0.26423	-0.41977	-0.60091	-0.79529	-0.98967	-1.17080	-1.32635	-1.44570	-1.52073	-1.54632	-1.52073	-1.44570	-1.32635	-1.17080	-0.98967	-0.79529	-0.60091	-0.41977	-0.26423	-0.14488	-0.06985	
0.43798	0.40275	0.29948	0.13519	-0.07892	-0.32825	-0.59581	-0.86338	-1.11271	-1.32681	-1.49110	-1.59437	-1.62960	-1.59437	-1.49110	-1.32681	-1.11271	-0.86338	-0.59581	-0.32825	-0.07892	0.13519	0.29948	0.40275	
0.83412	0.79219	0.66927	0.47373	0.21889	-0.07787	-0.39633	-0.71480	-1.01156	-1.26640	-1.46194	-1.58486	-1.62679	-1.58486	-1.46194	-1.26640	-1.01156	-0.71480	-0.39633	-0.07787	0.21889	0.47373	0.66927	0.79219	
1.18153	1.13456	0.99686	0.77781	0.49233	0.15989	-0.19686	-0.55361	-0.88605	-1.17152	-1.39058	-1.52828	-1.57524	-1.52828	-1.39058	-1.17152	-0.88605	-0.55361	-0.19686	0.15989	0.49233	0.77781	0.99686	1.13456	
1.49476	1.44392	1.29485	1.05772	0.74869	0.38881	0.00262	-0.38358	-0.74345	-1.05249	-1.28962	-1.43868	-1.48953	-1.43868	-1.28962	-1.05249	-0.74345	-0.38358	0.00262	0.38881	0.74869	1.05772	1.29485	1.44392	
1.78123	1.72743	1.56967	1.31871	0.99166	0.61081	0.20209	-0.20662	-0.58747	-0.91453	-1.16548	-1.32324	-1.37704	-1.32324	-1.16548	-0.91453	-0.58747	-0.20662	0.20209	0.61081	0.99166	1.31871	1.56967	1.72743	
2.04519	1.98919	1.82499	1.56379	1.22338	0.82697	0.40157	-0.02383	-0.42024	-0.76064	-1.02185	-1.18604	-1.24205	-1.18604	-1.02185	-0.76064	-0.42024	-0.02383	0.40157	0.82697	1.22338	1.56379	1.82499	1.98919	
2.28922	2.23169	2.06305	1.79476	1.44513	1.03798	0.60105	0.16412	-0.24304	-0.59267	-0.86095	-1.02960	-1.08712	-1.02960	-0.86095	-0.59267	-0.24304	0.16412	0.60105	1.03798	1.44513	1.79476	2.06305	2.23169	
2.51487	2.45645	2.28519	2.01275	1.65770	1.24423	0.80052	0.35682	-0.05665	-0.41170	-0.68414	-0.85541	-0.91382	-0.85541	-0.68414	-0.41170	-0.05665	0.35682	0.80052	1.24423	1.65770	2.01275	2.28519	2.45645	
2.72298	2.66427	2.49215	2.21833	1.86149	1.44594	1.00000	0.55406	0.13851	-0.21833	-0.49215	-0.66427	-0.72298	-0.66427	-0.49215	-0.21833	0.13851	0.55406	1.00000	1.44594	1.86149	2.21833	2.49215	2.66427	
2.91382	2.85541	2.68414	2.41170	2.05665	1.64318	1.19948	0.75577	0.34230	-0.01275	-0.28519	-0.45645	-0.51487	-0.45645	-0.28519	-0.01275	0.34230	0.75577	1.19948	1.64318	2.05665	2.41170	2.68414	2.85541	
3.08712	3.02960	2.86095	2.59267	2.24304	1.83588	1.39895	0.96202	0.55487	0.20524	-0.06305	-0.23169	-0.28922	-0.23169	-0.06305	0.20524	0.55487	0.96202	1.39895	1.83588	2.24304	2.59267	2.86095	3.02960	
3.24205	3.18604	3.02185	2.76064	2.42024	2.02383	1.59843	1.17303	0.77662	0.43621	0.17501	0.01081	-0.04519	0.01081	0.17501	0.43621	0.77662	1.17303	1.59843	2.02383	2.42024	2.76064	3.02185	3.18604	
3.37704	3.32324	3.16548	2.91453	2.58747	2.20662	1.79791	1.38919	1.00834	0.68129	0.43033	0.27257	0.21877	0.27257	0.43033	0.68129	1.00834	1.38919	1.79791	2.20662	2.58747	2.91453	3.16548	3.32324	
3.48953	3.43868	3.28962	3.05249	2.74345	2.38358	1.99738	1.61119	1.25131	0.94228	0.70515	0.55608	0.50524	0.55608	0.70515	0.94228	1.25131	1.61119	1.99738	2.38358	2.74345	3.05249	3.28962	3.43868	
3.57524	3.52828	3.39058	3.17152	2.88605	2.55361	2.19686	1.84011	1.50767	1.22219	1.00314	0.86544	0.81847	0.86544	1.00314	1.22219	1.50767	1.84011	2.19686	2.55361	2.88605	3.17152	3.39058	3.52828	
3.62679	3.58486	3.46194	3.26640	3.01156	2.71480	2.39633	2.07787	1.78111	1.52627	1.33073	1.20781	1.16588	1.20781	1.33073	1.52627	1.78111	2.07787	2.39633	2.71480	3.01156	3.26640	3.46194	3.58486	
3.62960	3.59437	3.49110	3.32681	3.11271	2.86338	2.59581	2.32825	2.07892	1.86481	1.70052	1.59725	1.56202	1.59725	1.70052	1.86481	2.07892	2.32825	2.59581	2.86338	3.11271	3.32681	3.49110	3.59437	
3.54632	3.52073	3.44570	3.32635	3.17080	2.98967	2.79529	2.60091	2.41977	2.26423	2.14488	2.06985	2.04426	2.06985	2.14488	2.26423	2.41977	2.60091	2.79529	2.98967	3.17080	3.32635	3.44570	3.52073	
2.99476	2.99476	2.99476	2.99476	2.99476	2.99476	2.99476	2.99476	2.99476	2.99476	2.99476	2.99476	2.99476	2.99476	2.99476	2.99476	2.99476	2.99476	2.99476	2.99476	2.99476	2.99476	2.99476	2.99476	
-1.19372	-1.19372	-1.19372	-1.19372	-1.19372	-1.19372	-1.19372	-1.19372	-1.19372	-1.19372	-1.19372	-1.19372	-1.19372	-1.19372	-1.19372	-1.19372	-1.19372	-1.19372	-1.19372	-1.19372	-1.19372	-1.19372	-1.19372	-1.19372	
-0.28057	-0.30421	-0.37352	-0.48377	-0.62746	-0.79478	-0.97435	-1.15391	-1.32123	-1.46492	-1.57517	-1.64448	-1.66812	-1.64448	-1.57517	-1.46492	-1.32123	-1.15391	-0.97435	-0.79478	-0.62746	-0.48377	-0.37352	-0.30421	
0.20000	0.16746	0.07206	-0.07971	-0.27749	-0.50781	-0.75497	-1.00214	-1.23246	-1.43024	-1.58200	-1.67741	-1.70995	-1.67741	-1.58200	-1.43024	-1.23246	-1.00214	-0.75497	-0.50781	-0.27749	-0.07971	0.07206	0.16746	
0.60104	0.56231	0.44876	0.26813	0.03272	-0.24142	-0.53560	-0.82979	-1.10392	-1.33933	-1.51997	-1.63352	-1.67225	-1.63352	-1.51997	-1.33933	-1.10392	-0.82979	-0.53560	-0.24142	0.03272	0.26813	0.44876	0.56231	
0.95707	0.91368	0.78648	0.58413	0.32042	0.01332	-0.31623	-0.64578	-0.95288	-1.21659	-1.41894	-1.54614	-1.58953	-1.54614	-1.41894	-1.21659	-0.95288	-0.64578	-0.31623	0.01332	0.32042	0.58413	0.78648	0.91368	
1.28153	1.23456	1.09686	0.87781	0.59233	0.25989	-0.09686	-0.45361	-0.78605	-1.07152	-1.29058	-1.42828	-1.47524	-1.42828	-1.29058	-1.07152	-0.78605	-0.45361	-0.09686	0.25989	0.59233	0.87781	1.09686	1.23456	
1.58126	1.53155	1.38582	1.15400	0.85189	0.50006	0.12251	-0.25504	-0.60686	-0.90898	-1.14080	-1.28653	-1.33623	-1.28653	-1.14080	-0.90898	-0.60686	-0.25504	0.12251	0.50006	0.85189	1.15400	1.38582	1.53155	
1.86020	1.80846	1.65678	1.41549	1.10104	0.73485	0.34188	-0.05108	-0.41727	-0.73172	-0.97301	-1.12469	-1.17643	-1.12469	-0.97301	-0.73172	-0.41727	-0.05108	0.34188	0.73485	1.10104	1.41549	1.65678	1.80846	
2.12072	2.06758	1.91179	1.66396	1.34099	0.96488	0.56126	0.15764	-0.21848	-0.54145	-0.78928	-0.94507	-0.99821	-0.94507	-0.78928	-0.54145	-0.21848	0.15764	0.56126	0.96488	1.34099	1.66396	1.91179	2.06758	
2.36427	2.31031	2.15210	1.90043	1.57245	1.19051	0.78063	0.37075	-0.01119	-0.33918	-0.59085	-0.74905	-0.80302	-0.74905	-0.59085	-0.33918	-0.01119	0.37075	0.78063	1.19051	1.57245	1.90043	2.15210	2.31031	
2.59162	2.53739	2.37839	2.12545	1.79581	1.41194	1.00000	0.58806	0.20419	-0.12545	-0.37839	-0.53739	-0.59162	-0.53739	-0.37839	-0.12545	0.20419	0.58806	1.00000	1.41194	1.79581	2.12545	2.37839	2.53739	
2.80302	2.74905	2.59085	2.33918	2.01119	1.62925	1.21937	0.80949	0.42755	0.09957	-0.15210	-0.31031	-0.36427	-0.31031	-0.15210	0.09957	0.42755	0.80949	1.21937	1.62925	2.01119	2.33918	2.59085	2.74905	
2.99821	2.94507	2.78928	2.54145	2.21848	1.84236	1.43874	1.03512	0.65901	0.33604	0.08821	-0.06758	-0.12072	-0.06758	0.08821	0.33604	0.65901	1.03512	1.43874	1.84236	2.21848	2.54145	2.78928	2.94507	
3.17643	3.12469	2.97301	2.73172	2.41727	2.05108	1.65812	1.26515	0.89896	0.58451	0.34322	0.19154	0.13980	0.19154	0.34322	0.58451	0.89896	1.26515	1.65812	2.05108	2.41727	2.73172	2.97301	3.12469	
3.33623	3.28653	3.14080	2.90898	2.60686	2.25504	1.87749	1.49994	1.14811	0.84600	0.61418	0.46845	0.41874	0.46845	0.61418	0.84600	1.14811	1.49994	1.87749	2.25504	2.60686	2.90898	3.14080	3.28653	
3.47524	3.42828	3.29058	3.07152	2.78605	2.45361	2.09686	1.74011	1.40767	1.12219	0.90314	0.76544	0.71847	0.76544	0.90314	1.12219	1.40767	1.74011	2.09686	2.45361	2.78605	3.07152	3.29058	3.42828	
3.58953	3.54614	3.41894	3.21659	2.95288	2.64578	2.31623	1.98668	1.67958	1.41587	1.21352	1.08632	1.04293	1.08632	1.21352	1.41587	1.67958	1.98668	2.31623	2.64578	2.95288	3.21659	3.41894	3.54614	
3.67225	3.63352	3.51997	3.33933	3.10392	2.82979	2.53560	2.24142	1.96728	1.73187	1.55124	1.43769	1.39896	1.43769	1.55124	1.73187	1.96728	2.24142	2.53560	2.82979	3.10392	3.33933	3.51997	3.63352	
3.70995	3.67741	3.58200	3.43024	3.23246	3.00214	2.75497	2.50781	2.27749	2.07971	1.92794	1.83254	1.80000	1.83254	1.92794	2.07971	2.27749	2.50781	2.75497	3.00214	3.23246	3.43024	3.58200	3.67741	
3.66812	3.64448	3.57517	3.46492	3.32123	3.15391	2.97435	2.79478	2.62746	2.48377	2.37352	2.30421	2.28057	2.30421	2.37352	2.48377	2.62746	2.79478	2.97435	3.15391	3.32123	3.46492	3.57517	3.64448	
3.19372	3.19372	3.19372	3.19372	3.19372	3.19372	3.19372	3.19372	3.19372	3.19372	3.19372	3.19372	3.19372	3.19372	3.19372	3.19372	3.19372	3.19372	3.19372	3.19372	3.19372	3.19372	3.19372	3.19372	
-1.39267	-1.39267	-1.39267	-1.39267	-1.39267	-1.39267	-1.39267	-1.39267	-1.39267	-1.39267	-1.39267	-1.39267	-1.39267	-1.39267	-1.39267	-1.39267	-1.39267	-1.39267	-1.39267	-1.39267	-1.39267	-1.39267	-1.39267	-1.39267	
-0.53409	-0.55519	-0.61706	-0.71548	-0.84374	-0.99311	-1.15340	-1.31369	-1.46306	-1.59132	-1.68975	-1.75162	-1.77272	-1.75162	-1.68975	-1.59132	-1.46306	-1.31369	-1.15340	-0.99311	-0.84374	-0.71548	-0.61706	-0.55519	
-0.06165	-0.09070	-0.17586	-0.31134	-0.48789	-0.69350	-0.91414	-1.13477	-1.34038	-1.51693	-1.65241	-1.73757	-1.76662	-1.73757	-1.65241	-1.51693	-1.34038	-1.13477	-0.91414	-0.69350	-0.48789	-0.31134	-0.17586	-0.09070	
0.33979	0.30522	0.20385	0.04260	-0.16754	-0.41226	-0.67487	-0.93748	-1.18220	-1.39234	-1.55359	-1.65495	-1.68953	-1.65495	-1.55359	-1.39234	-1.18220	-0.93748	-0.67487	-0.41226	-0.16754	0.04260	0.20385	0.30522	
0.70104	0.66231	0.54876	0.36813	0.13272	-0.14142	-0.43560	-0.72979	-1.00392	-1.23933	-1.41997	-1.53352	-1.57225	-1.53352	-1.41997	-1.23933	-1.00392	-0.72979	-0.43560	-0.14142	0.13272	0.36813	0.54876	0.66231	
1.03412	0.99219	0.86927	0.67373	0.41889	0.12213	-0.19633	-0.51480	-0.81156	-1.06640	-1.26194	-1.38486	-1.42679	-1.38486	-1.26194	-1.06640	-0.81156	-0.51480	-0.19633	0.12213	0.41889	0.67373	0.86927	0.99219	
1.34512	1.30075	1.17066	0.96372	0.69403	0.37996	0.04293	-0.29410	-0.60816	-0.87786	-1.08480	-1.21489	-1.25926	-1.21489	-1.08480	-0.87786	-0.60816	-0.29410	0.04293	0.37996	0.69403	0.96372	1.17066	1.30075	
1.63756	1.59138	1.45598	1.24059	0.95988	0.63299	0.28220	-0.06859	-0.39548	-0.67619	-0.89158	-1.02698	-1.07316	-1.02698	-0.89158	-0.67619	-0.39548	-0.06859	0.28220	0.63299	0.95988	1.24059	1.45598	1.59138	
1.91357	1.86613	1.72706	1.50583	1.21752	0.88177	0.52147	0.16116	-0.17458	-0.46290	-0.68413	-0.82320	-0.87063	-0.82320	-0.68413	-0.46290	-0.17458	0.16116	0.52147	0.88177	1.21752	1.50583	1.72706	1.86613	
2.17442	2.12625	1.98502	1.76036	1.46758	1.12662	0.76073	0.39484	0.05389	-0.23889	-0.46355	-0.60478	-0.65295	-0.60478	-0.46355	-0.23889	0.05389	0.39484	0.76073	1.12662	1.46758	1.76036	1.98502	2.12625	
2.42081	2.37239	2.23045	2.00466	1.71040	1.36773	1.00000	0.63227	0.28960	-0.00466	-0.23045	-0.37239	-0.42081	-0.37239	-0.23045	-0.00466	0.28960	0.63227	1.00000	1.36773	1.71040	2.00466	2.23045	2.37239	
2.65295	2.60478	2.46355	2.23889	1.94611	1.60516	1.23927	0.87338	0.53242	0.23964	0.01498	-0.12625	-0.17442	-0.12625	0.01498	0.23964	0.53242	0.87338	1.23927	1.60516	1.94611	2.23889	2.46355	2.60478	
2.87063	2.82320	2.68413	2.46290	2.17458	1.83884	1.47853	1.11823	0.78248	0.49417	0.27294	0.13387	0.08643	0.13387	0.27294	0.49417	0.78248	1.11823	1.47853	1.83884	2.17458	2.46290	2.68413	2.82320	
3.07316	3.02698	2.89158	2.67619	2.39548	2.06859	1.71780	1.36701	1.04012	0.75941	0.54402	0.40862	0.36244	0.40862	0.54402	0.75941	1.04012	1.36701	1.71780	2.06859	2.39548	2.67619	2.89158	3.02698	
3.25926	3.21489	3.08480	2.87786	2.60816	2.29410	1.95707	1.62004	1.30597	1.03628	0.82934	0.69925	0.65488	0.69925	0.82934	1.03628	1.30597	1.62004	1.95707	2.29410	2.60816	2.87786	3.08480	3.21489	
3.42679	3.38486	3.26194	3.06640	2.81156	2.51480	2.19633	1.87787	1.58111	1.32627	1.13073	1.00781	0.96588	1.00781	1.13073	1.32627	1.58111	1.87787	2.19633	2.51480	2.81156	3.06640	3.26194	3.38486	
3.57225	3.53352	3.41997	3.23933	3.00392	2.72979	2.43560	2.14142	1.86728	1.63187	1.45124	1.33769	1.29896	1.33769	1.45124	1.63187	1.86728	2.14142	2.43560	2.72979	3.00392	3.23933	3.41997	3.53352	
3.68953	3.65495	3.55359	3.39234	3.18220	2.93748	2.67487	2.41226	2.16754	1.95740	1.79615	1.69478	1.66021	1.69478	1.79615	1.95740	2.16754	2.41226	2.67487	2.93748	3.18220	3.39234	3.55359	3.65495	
3.76662	3.73757	3.65241	3.51693	3.34038	3.13477	2.91414	2.69350	2.48789	2.31134	2.17586	2.09070	2.06165	2.09070	2.17586	2.31134	2.48789	2.69350	2.91414	3.13477	3.34038	3.51693	3.65241	3.73757	
3.77272	3.75162	3.68975	3.59132	3.46306	3.31369	3.15340	2.99311	2.84374	2.71548	2.61706	2.55519	2.53409	2.55519	2.61706	2.71548	2.84374	2.99311	3.15340	3.31369	3.46306	3.59132	3.68975	3.75162	
3.39267	3.39267	3.39267	3.39267	3.39267	3.39267	3.39267	3.39267	3.39267	3.39267	3.39267	3.39267	3.39267	3.39267	3.39267	3.39267	3.39267	3.39267	3.39267	3.39267	3.39267	3.39267	3.39267	3.39267	
-1.59162	-1.59162	-1.59162	-1.59162	-1.59162	-1.59162	-1.59162	-1.59162	-1.59162	-1.59162	-1.59162	-1.59162	-1.59162	-1.59162	-1.59162	-1.59162	-1.59162	-1.59162	-1.59162	-1.59162	-1.59162	-1.59162	-1.59162	-1.59162	
-0.81213	-0.82986	-0.88184	-0.96453	-1.07230	-1.19779	-1.33246	-1.46713	-1.59262	-1.70039	-1.78308	-1.83506	-1.85279	-1.83506	-1.78308	-1.70039	-1.59262	-1.46713	-1.33246	-1.19779	-1.07230	-0.96453	-0.88184	-0.82986	
-0.35707	-0.38147	-0.45302	-0.56685	-0.71518	-0.88792	-1.07330	-1.25867	-1.43141	-1.57975	-1.69357	-1.76512	-1.78953	-1.76512	-1.69357	-1.57975	-1.43141	-1.25867	-1.07330	-0.88792	-0.71518	-0.56685	-0.45302	-0.38147	
0.03835	0.00930	-0.07586	-0.21134	-0.38789	-0.59350	-0.81414	-1.03477	-1.24038	-1.41693	-1.55241	-1.63757	-1.66662	-1.63757	-1.55241	-1.41693	-1.24038	-1.03477	-0.81414	-0.59350	-0.38789	-0.21134	-0.07586	0.00930	
0.40000	0.36746	0.27206	0.12029	-0.07749	-0.30781	-0.55497	-0.80214	-1.03246	-1.23024	-1.38200	-1.47741	-1.50995	-1.47741	-1.38200	-1.23024	-1.03246	-0.80214	-0.55497	-0.30781	-0.07749	0.12029	0.27206	0.36746	
0.73798	0.70275	0.59948	0.43519	0.22108	-0.02825	-0.29581	-0.56338	-0.81271	-1.02681	-1.19110	-1.29437	-1.32960	-1.29437	-1.19110	-1.02681	-0.81271	-0.56338	-0.29581	-0.02825	0.22108	0.43519	0.59948	0.70275	
1.05741	1.02013	0.91083	0.73697	0.51038	0.24651	-0.03665	-0.31981	-0.58368	-0.81027	-0.98413	-1.09343	-1.13071	-1.09343	-0.98413	-0.81027	-0.58368	-0.31981	-0.03665	0.24651	0.51038	0.73697	0.91083	1.02013	
1.36125	1.32245	1.20869	1.02772	0.79188	0.51724	0.22251	-0.07221	-0.34685	-0.58269	-0.76366	-0.87742	-0.91622	-0.87742	-0.76366	-0.58269	-0.34685	-0.07221	0.22251	0.51724	0.79188	1.02772	1.20869	1.32245	
1.65127	1.61142	1.49458	1.30871	1.06647	0.78439	0.48168	0.17896	-0.10312	-0.34536	-0.53123	-0.64807	-0.68792	-0.64807	-0.53123	-0.34536	-0.10312	0.17896	0.48168	0.78439	1.06647	1.30871	1.49458	1.61142	
1.92857	1.88810	1.76944	1.58069	1.33470	1.04825	0.74084	0.43343	0.14697	-0.09902	-0.28777	-0.40642	-0.44690	-0.40642	-0.28777	-0.09902	0.14697	0.43343	0.74084	1.04825	1.33470	1.58069	1.76944	1.88810	
2.19372	2.15304	2.03379	1.84409	1.59686	1.30896	1.00000	0.69104	0.40314	0.15591	-0.03379	-0.15304	-0.19372	-0.15304	-0.03379	0.15591	0.40314	0.69104	1.00000	1.30896	1.59686	1.84409	2.03379	2.15304	
2.44690	2.40642	2.28777	2.09902	1.85303	1.56657	1.25916	0.95175	0.66530	0.41931	0.23056	0.11190	0.07143	0.11190	0.23056	0.41931	0.66530	0.95175	1.25916	1.56657	1.85303	2.09902	2.28777	2.40642	
2.68792	2.64807	2.53123	2.34536	2.10312	1.82104	1.51832	1.21561	0.93353	0.69129	0.50542	0.38858	0.34873	0.38858	0.50542	0.69129	0.93353	1.21561	1.51832	1.82104	2.10312	2.34536	2.53123	2.64807	
2.91622	2.87742	2.76366	2.58269	2.34685	2.07221	1.77749	1.48276	1.20812	0.97228	0.79131	0.67755	0.63875	0.67755	0.79131	0.97228	1.20812	1.48276	1.77749	2.07221	2.34685	2.58269	2.76366	2.87742	
3.13071	3.09343	2.98413	2.81027	2.58368	2.31981	2.03665	1.75349	1.48962	1.26303	1.08917	0.97987	0.94259	0.97987	1.08917	1.26303	1.48962	1.75349	2.03665	2.31981	2.58368	2.81027	2.98413	3.09343	
3.32960	3.29437	3.19110	3.02681	2.81271	2.56338	2.29581	2.02825	1.77892	1.56481	1.40052	1.29725	1.26202	1.29725	1.40052	1.56481	1.77892	2.02825	2.29581	2.56338	2.81271	3.02681	3.19110	3.29437	
3.50995	3.47741	3.38200	3.23024	3.03246	2.80214	2.55497	2.30781	2.07749	1.87971	1.72794	1.63254	1.60000	1.63254	1.72794	1.87971	2.07749	2.30781	2.55497	2.80214	3.03246	3.23024	3.38200	3.47741	
3.66662	3.63757	3.55241	3.41693	3.24038	3.03477	2.81414	2.59350	2.38789	2.21134	2.07586	1.99070	1.96165	1.99070	2.07586	2.21134	2.38789	2.59350	2.81414	3.03477	3.24038	3.41693	3.55241	3.63757	
3.78953	3.76512	3.69357	3.57975	3.43141	3.25867	3.07330	2.88792	2.71518	2.56685	2.45302	2.38147	2.35707	2.38147	2.45302	2.56685	2.71518	2.88792	3.07330	3.25867	3.43141	3.57975	3.69357	3.76512	
3.85279	3.83506	3.78308	3.70039	3.59262	3.46713	3.33246	3.19779	3.07230	2.96453	2.88184	2.82986	2.81213	2.82986	2.88184	2.96453	3.07230	3.19779	3.33246	3.46713	3.59262	3.70039	3.78308	3.83506	
3.59162	3.59162	3.59162	3.59162	3.59162	3.59162	3.59162	3.59162	3.59162	3.59162	3.59162	3.59162	3.59162	3.59162	3.59162	3.59162	3.59162	3.59162	3.59162	3.59162	3.59162	3.59162	3.59162	3.59162	
-1.79058	-1.79058	-1.79058	-1.79058	-1.79058	-1.79058	-1.79058	-1.79058	-1.79058	-1.79058	-1.79058	-1.79058	-1.79058	-1.79058	-1.79058	-1.79058	-1.79058	-1.79058	-1.79058	-1.79058	-1.79058	-1.79058	-1.79058	-1.79058	
-1.13351	-1.14639	-1.18415	-1.24422	-1.32251	-1.41368	-1.51152	-1.60935	-1.70052	-1.77881	-1.83888	-1.87665	-1.88953	-1.87665	-1.83888	-1.77881	-1.70052	-1.60935	-1.51152	-1.41368	-1.32251	-1.24422	-1.18415	-1.14639	
-0.71213	-0.72986	-0.78184	-0.86453	-0.97230	-1.09779	-1.23246	-1.36713	-1.49262	-1.60039	-1.68308	-1.73506	-1.75279	-1.73506	-1.68308	-1.60039	-1.49262	-1.36713	-1.23246	-1.09779	-0.97230	-0.86453	-0.78184	-0.72986	
-0.33409	-0.35519	-0.41706	-0.51548	-0.64374	-0.79311	-0.95340	-1.11369	-1.26306	-1.39132	-1.48975	-1.55162	-1.57272	-1.55162	-1.48975	-1.39132	-1.26306	-1.11369	-0.95340	-0.79311	-0.64374	-0.51548	-0.41706	-0.35519	
0.01943	-0.00421	-0.07352	-0.18377	-0.32746	-0.49478	-0.67435	-0.85391	-1.02123	-1.16492	-1.27517	-1.34448	-1.36812	-1.34448	-1.27517	-1.16492	-1.02123	-0.85391	-0.67435	-0.49478	-0.32746	-0.18377	-0.07352	-0.00421	
0.35574	0.33015	0.25512	0.13577	-0.01977	-0.20091	-0.39529	-0.58967	-0.77080	-0.92635	-1.04570	-1.12073	-1.14632	-1.12073	-1.04570	-0.92635	-0.77080	-0.58967	-0.39529	-0.20091	-0.01977	0.13577	0.25512	0.33015	
0.67859	0.65150	0.57210	0.44579	0.28118	0.08948	-0.11623	-0.32194	-0.51364	-0.67825	-0.80456	-0.88396	-0.91105	-0.88396	-0.80456	-0.67825	-0.51364	-0.32194	-0.11623	0.08948	0.28118	0.44579	0.57210	0.65150	
0.99010	0.96191	0.87926	0.74780	0.57646	0.37694	0.16283	-0.05129	-0.25081	-0.42214	-0.55361	-0.63625	-0.66444	-0.63625	-0.55361	-0.42214	-0.25081	-0.05129	0.16283	0.37694	0.57646	0.74780	0.87926	0.96191	
1.29158	1.26263	1.17774	1.04271	0.86673	0.66180	0.44188	0.22197	0.01704	-0.15894	-0.29397	-0.37886	-0.40781	-0.37886	-0.29397	-0.15894	0.01704	0.22197	0.44188	0.66180	0.86673	1.04271	1.17774	1.26263	
1.58381	1.55441	1.46821	1.33108	1.15238	0.94427	0.72094	0.49762	0.28951	0.11080	-0.02632	-0.11252	-0.14193	-0.11252	-0.02632	0.11080	0.28951	0.49762	0.72094	0.94427	1.15238	1.33108	1.46821	1.55441	
1.86722	1.83767	1.75103	1.61321	1.43361	1.22445	1.00000	0.77555	0.56639	0.38679	0.24897	0.16233	0.13278	0.16233	0.24897	0.38679	0.56639	0.77555	1.00000	1.22445	1.43361	1.61321	1.75103	1.83767	
2.14193	2.11252	2.02632	1.88920	1.71049	1.50238	1.27906	1.05573	0.84762	0.66892	0.53179	0.44559	0.41619	0.44559	0.53179	0.66892	0.84762	1.05573	1.27906	1.50238	1.71049	1.88920	2.02632	2.11252	
2.40781	2.37886	2.29397	2.15894	1.98296	1.77803	1.55812	1.33820	1.13327	0.95729	0.82226	0.73737	0.70842	0.73737	0.82226	0.95729	1.13327	1.33820	1.55812	1.77803	1.98296	2.15894	2.29397	2.37886	
2.66444	2.63625	2.55361	2.42214	2.25081	2.05129	1.83717	1.62306	1.42354	1.25220	1.12074	1.03809	1.00990	1.03809	1.12074	1.25220	1.42354	1.62306	1.83717	2.05129	2.25081	2.42214	2.55361	2.63625	
2.91105	2.88396	2.80456	2.67825	2.51364	2.32194	2.11623	1.91052	1.71882	1.55421	1.42790	1.34850	1.32141	1.34850	1.42790	1.55421	1.71882	1.91052	2.11623	2.32194	2.51364	2.67825	2.80456	2.88396	
3.14632	3.12073	3.04570	2.92635	2.77080	2.58967	2.39529	2.20091	2.01977	1.86423	1.74488	1.66985	1.64426	1.66985	1.74488	1.86423	2.01977	2.20091	2.39529	2.58967	2.77080	2.92635	3.04570	3.12073	
3.36812	3.34448	3.27517	3.16492	3.02123	2.85391	2.67435	2.49478	2.32746	2.18377	2.07352	2.00421	1.98057	2.00421	2.07352	2.18377	2.32746	2.49478	2.67435	2.85391	3.02123	3.16492	3.27517	3.34448	
3.57272	3.55162	3.48975	3.39132	3.26306	3.11369	2.95340	2.79311	2.64374	2.51548	2.41706	2.35519	2.33409	2.35519	2.41706	2.51548	2.64374	2.79311	2.95340	3.11369	3.26306	3.39132	3.48975	3.55162	
3.75279	3.73506	3.68308	3.60039	3.49262	3.36713	3.23246	3.09779	2.97230	2.86453	2.78184	2.72986	2.71213	2.72986	2.78184	2.86453	2.97230	3.09779	3.23246	3.36713	3.49262	3.60039	3.68308	3.73506	
3.88953	3.87665	3.83888	3.77881	3.70052	3.60935	3.51152	3.41368	3.32251	3.24422	3.18415	3.14639	3.13351	3.14639	3.18415	3.24422	3.32251	3.41368	3.51152	3.60935	3.70052	3.77881	3.83888	3.87665	
3.79058	3.79058	3.79058	3.79058	3.79058	3.79058	3.79058	3.79058	3.79058	3.79058	3.79058	3.79058	3.79058	3.79058	3.79058	3.79058	3.79058	3.79058	3.79058	3.79058	3.79058	3.79058	3.79058	3.79058	
-1.98953	-1.98953	-1.98953	-1.98953	-1.98953	-1.98953	-1.98953	-1.98953	-1.98953	-1.98953	-1.98953	-1.98953	-1.98953	-1.98953	-1.98953	-1.98953	-1.98953	-1.98953	-1.98953	-1.98953	-1.98953	-1.98953	-1.98953	-1.98953	
-1.69058	-1.69058	-1.69058	-1.69058	-1.69058	-1.69058	-1.69058	-1.69058	-1.69058	-1.69058	-1.69058	-1.69058	-1.69058	-1.69058	-1.69058	-1.69058	-1.69058	-1.69058	-1.69058	-1.69058	-1.69058	-1.69058	-1.69058	-1.69058	
-1.39162	-1.39162	-1.39162	-1.39162	-1.39162	-1.39162	-1.39162	-1.39162	-1.39162	-1.39162	-1.39162	-1.39162	-1.39162	-1.39162	-1.39162	-1.39162	-1.39162	-1.39162	-1.39162	-1.39162	-1.39162	-1.39162	-1.39162	-1.39162	
-1.09267	-1.09267	-1.09267	-1.09267	-1.09267	-1.09267	-1.09267	-1.09267	-1.09267	-1.09267	-1.09267	-1.09267	-1.09267	-1.09267	-1.09267	-1.09267	-1.09267	-1.09267	-1.09267	-1.09267	-1.09267	-1.09267	-1.09267	-1.09267	
-0.79372	-0.79372	-0.79372	-0.79372	-0.79372	-0.79372	-0.79372	-0.79372	-0.79372	-0.79372	-0.79372	-0.79372	-0.79372	-0.79372	-0.79372	-0.79372	-0.79372	-0.79372	-0.79372	-0.79372	-0.79372	-0.79372	-0.79372	-0.79372	
-0.49476	-0.49476	-0.49476	-0.49476	-0.49476	-0.49476	-0.49476	-0.49476	-0.49476	-0.49476	-0.49476	-0.49476	-0.49476	-0.49476	-0.49476	-0.49476	-0.49476	-0.49476	-0.49476	-0.49476	-0.49476	-0.49476	-0.49476	-0.49476	
-0.19581	-0.19581	-0.19581	-0.19581	-0.19581	-0.19581	-0.19581	-0.19581	-0.19581	-0.19581	-0.19581	-0.19581	-0.19581	-0.19581	-0.19581	-0.19581	-0.19581	-0.19581	-0.19581	-0.19581	-0.19581	-0.19581	-0.19581	-0.19581	
0.10314	0.10314	0.10314	0.10314	0.10314	0.10314	0.10314	0.10314	0.10314	0.10314	0.10314	0.10314	0.10314	0.10314	0.10314	0.10314	0.10314	0.10314	0.10314	0.10314	0.10314	0.10314	0.10314	0.10314	
0.40209	0.40209	0.40209	0.40209	0.40209	0.40209	0.40209	0.40209	0.40209	0.40209	0.40209	0.40209	0.40209	0.40209	0.40209	0.40209	0.40209	0.40209	0.40209	0.40209	0.40209	0.40209	0.40209	0.40209	
0.70105	0.70105	0.70105	0.70105	0.70105	0.70105	0.70105	0.70105	0.70105	0.70105	0.70105	0.70105	0.70105	0.70105	0.70105	0.70105	0.70105	0.70105	0.70105	0.70105	0.70105	0.70105	0.70105	0.70105	
1.00000	1.00000	1.00000	1.00000	1.00000	1.00000	1.00000	1.00000	1.00000	1.00000	1.00000	1.00000	1.00000	1.00000	1.00000	1.00000	1.00000	1.00000	1.00000	1.00000	1.00000	1.00000	1.00000	1.00000	
1.29895	1.29895	1.29895	1.29895	1.29895	1.29895	1.29895	1.29895	1.29895	1.29895	1.29895	1.29895	1.29895	1.29895	1.29895	1.29895	1.29895	1.29895	1.29895	1.29895	1.29895	1.29895	1.29895	1.29895	
1.59791	1.59791	1.59791	1.59791	1.59791	1.59791	1.59791	1.59791	1.59791	1.59791	1.59791	1.59791	1.59791	1.59791	1.59791	1.59791	1.59791	1.59791	1.59791	1.59791	1.59791	1.59791	1.59791	1.59791	
1.89686	1.89686	1.89686	1.89686	1.89686	1.89686	1.89686	1.89686	1.89686	1.89686	1.89686	1.89686	1.89686	1.89686	1.89686	1.89686	1.89686	1.89686	1.89686	1.89686	1.89686	1.89686	1.89686	1.89686	
2.19581	2.19581	2.19581	2.19581	2.19581	2.19581	2.19581	2.19581	2.19581	2.19581	2.19581	2.19581	2.19581	2.19581	2.19581	2.19581	2.19581	2.19581	2.19581	2.19581	2.19581	2.19581	2.19581	2.19581	
2.49476	2.49476	2.49476	2.49476	2.49476	2.49476	2.49476	2.49476	2.49476	2.49476	2.49476	2.49476	2.49476	2.49476	2.49476	2.49476	2.49476	2.49476	2.49476	2.49476	2.49476	2.49476	2.49476	2.49476	
2.79372	2.79372	2.79372	2.79372	2.79372	2.79372	2.79372	2.79372	2.79372	2.79372	2.79372	2.79372	2.79372	2.79372	2.79372	2.79372	2.79372	2.79372	2.79372	2.79372	2.79372	2.79372	2.79372	2.79372	
3.09267	3.09267	3.09267	3.09267	3.09267	3.09267	3.09267	3.09267	3.09267	3.09267	3.09267	3.09267	3.09267	3.09267	3.09267	3.09267	3.09267	3.09267	3.09267	3.09267	3.09267	3.09267	3.09267	3.09267	
3.39162	3.39162	3.39162	3.39162	3.39162	3.39162	3.39162	3.39162	3.39162	3.39162	3.39162	3.39162	3.39162	3.39162	3.39162	3.39162	3.39162	3.39162	3.39162	3.39162	3.39162	3.39162	3.39162	3.39162	
3.69058	3.69058	3.69058	3.69058	3.69058	3.69058	3.69058	3.69058	3.69058	3.69058	3.69058	3.69058	3.69058	3.69058	3.69058	3.69058	3.69058	3.69058	3.69058	3.69058	3.69058	3.69058	3.69058	3.69058	
3.98953	3.98953	3.98953	3.98953	3.98953	3.98953	3.98953	3.98953	3.98953	3.98953	3.98953	3.98953	3.98953	3.98953	3.98953	3.98953	3.98953	3.98953	3.98953	3.98953	3.98953	3.98953	3.98953	3.98953	
