3.99996	3.99996	3.99996	3.99996	3.99996	3.99996	3.99996	3.99996	3.99996	3.99996	3.99996	3.99996	3.99996	3.99996	3.99996	3.99996	3.99996	3.99996	3.99996	3.99996	3.99996	3.99996	3.99996	3.99996	
3.89996	3.89996	3.89996	3.89996	3.89996	3.89996	3.89996	3.89996	3.89996	3.89996	3.89996	3.89996	3.89996	3.89996	3.89996	3.89996	3.89996	3.89996	3.89996	3.89996	3.89996	3.89996	3.89996	3.89996	
3.79996	3.79996	3.79996	3.79996	3.79996	3.79996	3.79996	3.79996	3.79996	3.79996	3.79996	3.79996	3.79996	3.79996	3.79996	3.79996	3.79996	3.79996	3.79996	3.79996	3.79996	3.79996	3.79996	3.79996	
3.69996	3.69996	3.69996	3.69996	3.69996	3.69996	3.69996	3.69996	3.69996	3.69996	3.69996	3.69996	3.69996	3.69996	3.69996	3.69996	3.69996	3.69996	3.69996	3.69996	3.69996	3.69996	3.69996	3.69996	
3.59997	3.59997	3.59997	3.59997	3.59997	3.59997	3.59997	3.59997	3.59997	3.59997	3.59997	3.59997	3.59997	3.59997	3.59997	3.59997	3.59997	3.59997	3.59997	3.59997	3.59997	3.59997	3.59997	3.59997	
3.49997	3.49997	3.49997	3.49997	3.49997	3.49997	3.49997	3.49997	3.49997	3.49997	3.49997	3.49997	3.49997	3.49997	3.49997	3.49997	3.49997	3.49997	3.49997	3.49997	3.49997	3.49997	3.49997	3.49997	
3.39997	3.39997	3.39997	3.39997	3.39997	3.39997	3.39997	3.39997	3.39997	3.39997	3.39997	3.39997	3.39997	3.39997	3.39997	3.39997	3.39997	3.39997	3.39997	3.39997	3.39997	3.39997	3.39997	3.39997	
3.29997	3.29997	3.29997	3.29997	3.29997	3.29997	3.29997	3.29997	3.29997	3.29997	3.29997	3.29997	3.29997	3.29997	3.29997	3.29997	3.29997	3.29997	3.29997	3.29997	3.29997	3.29997	3.29997	3.29997	
3.19997	3.19997	3.19997	3.19997	3.19997	3.19997	3.19997	3.19997	3.19997	3.19997	3.19997	3.19997	3.19997	3.19997	3.19997	3.19997	3.19997	3.19997	3.19997	3.19997	3.19997	3.19997	3.19997	3.19997	
3.09997	3.09997	3.09997	3.09997	3.09997	3.09997	3.09997	3.09997	3.09997	3.09997	3.09997	3.09997	3.09997	3.09997	3.09997	3.09997	3.09997	3.09997	3.09997	3.09997	3.09997	3.09997	3.09997	3.09997	
2.99997	2.99997	2.99997	2.99997	2.99997	2.99997	2.99997	2.99997	2.99997	2.99997	2.99997	2.99997	2.99997	2.99997	2.99997	2.99997	2.99997	2.99997	2.99997	2.99997	2.99997	2.99997	2.99997	2.99997	
2.89998	2.89998	2.89998	2.89998	2.89998	2.89998	2.89998	2.89998	2.89998	2.89998	2.89998	2.89998	2.89998	2.89998	2.89998	2.89998	2.89998	2.89998	2.89998	2.89998	2.89998	2.89998	2.89998	2.89998	
2.79998	2.79998	2.79998	2.79998	2.79998	2.79998	2.79998	2.79998	2.79998	2.79998	2.79998	2.79998	2.79998	2.79998	2.79998	2.79998	2.79998	2.79998	2.79998	2.79998	2.79998	2.79998	2.79998	2.79998	
2.69998	2.69998	2.69998	2.69998	2.69998	2.69998	2.69998	2.69998	2.69998	2.69998	2.69998	2.69998	2.69998	2.69998	2.69998	2.69998	2.69998	2.69998	2.69998	2.69998	2.69998	2.69998	2.69998	2.69998	
2.59998	2.59998	2.59998	2.59998	2.59998	2.59998	2.59998	2.59998	2.59998	2.59998	2.59998	2.59998	2.59998	2.59998	2.59998	2.59998	2.59998	2.59998	2.59998	2.59998	2.59998	2.59998	2.59998	2.59998	
2.49998	2.49998	2.49998	2.49998	2.49998	2.49998	2.49998	2.49998	2.49998	2.49998	2.49998	2.49998	2.49998	2.49998	2.49998	2.49998	2.49998	2.49998	2.49998	2.49998	2.49998	2.49998	2.49998	2.49998	
2.39998	2.39998	2.39998	2.39998	2.39998	2.39998	2.39998	2.39998	2.39998	2.39998	2.39998	2.39998	2.39998	2.39998	2.39998	2.39998	2.39998	2.39998	2.39998	2.39998	2.39998	2.39998	2.39998	2.39998	
2.29998	2.29998	2.29998	2.29998	2.29998	2.29998	2.29998	2.29998	2.29998	2.29998	2.29998	2.29998	2.29998	2.29998	2.29998	2.29998	2.29998	2.29998	2.29998	2.29998	2.29998	2.29998	2.29998	2.29998	
2.19998	2.19998	2.19998	2.19998	2.19998	2.19998	2.19998	2.19998	2.19998	2.19998	2.19998	2.19998	2.19998	2.19998	2.19998	2.19998	2.19998	2.19998	2.19998	2.19998	2.19998	2.19998	2.19998	2.19998	
2.09999	2.09999	2.09999	2.09999	2.09999	2.09999	2.09999	2.09999	2.09999	2.09999	2.09999	2.09999	2.09999	2.09999	2.09999	2.09999	2.09999	2.09999	2.09999	2.09999	2.09999	2.09999	2.09999	2.09999	
1.99999	1.99999	1.99999	1.99999	1.99999	1.99999	1.99999	1.99999	1.99999	1.99999	1.99999	1.99999	1.99999	1.99999	1.99999	1.99999	1.99999	1.99999	1.99999	1.99999	1.99999	1.99999	1.99999	1.99999	
3.69996	3.69996	3.69996	3.69996	3.69996	3.69996	3.69996	3.69996	3.69996	3.69996	3.69996	3.69996	3.69996	3.69996	3.69996	3.69996	3.69996	3.69996	3.69996	3.69996	3.69996	3.69996	3.69996	3.69996	
3.79996	3.79349	3.77451	3.74431	3.70496	3.65914	3.60997	3.56079	3.51497	3.47562	3.44542	3.42644	3.41997	3.42644	3.44542	3.47562	3.51497	3.56079	3.60997	3.65914	3.70496	3.74431	3.77451	3.79349	
3.78150	3.77259	3.74646	3.70490	3.65073	3.58766	3.51997	3.45228	3.38920	3.33504	3.29348	3.26735	3.25844	3.26735	3.29348	3.33504	3.38920	3.45228	3.51997	3.58766	3.65073	3.70490	3.74646	3.77259	
3.74125	3.73065	3.69955	3.65008	3.58561	3.51053	3.42997	3.34940	3.27433	3.20986	3.16039	3.12929	3.11868	3.12929	3.16039	3.20986	3.27433	3.34940	3.42997	3.51053	3.58561	3.65008	3.69955	3.73065	
3.68868	3.67679	3.64196	3.58654	3.51432	3.43022	3.33997	3.24972	3.16562	3.09340	3.03798	3.00314	2.99126	3.00314	3.03798	3.09340	3.16562	3.24972	3.33997	3.43022	3.51432	3.58654	3.64196	3.67679	
3.62746	3.61459	3.57688	3.51689	3.43871	3.34767	3.24997	3.15227	3.06123	2.98305	2.92306	2.88535	2.87248	2.88535	2.92306	2.98305	3.06123	3.15227	3.24997	3.34767	3.43871	3.51689	3.57688	3.61459	
3.55947	3.54585	3.50594	3.44246	3.35972	3.26337	3.15997	3.05658	2.96022	2.87749	2.81400	2.77409	2.76048	2.77409	2.81400	2.87749	2.96022	3.05658	3.15997	3.26337	3.35972	3.44246	3.50594	3.54585	
3.48578	3.47161	3.43007	3.36399	3.27788	3.17759	3.06997	2.96235	2.86207	2.77595	2.70987	2.66833	2.65417	2.66833	2.70987	2.77595	2.86207	2.96235	3.06997	3.17759	3.27788	3.36399	3.43007	3.47161	
3.40705	3.39250	3.34983	3.28196	3.19351	3.09051	2.97997	2.86944	2.76644	2.67798	2.61011	2.56745	2.55290	2.56745	2.61011	2.67798	2.76644	2.86944	2.97997	3.09051	3.19351	3.28196	3.34983	3.39250	
3.32367	3.30890	3.26557	3.19665	3.10682	3.00222	2.88998	2.77773	2.67313	2.58330	2.51438	2.47105	2.45628	2.47105	2.51438	2.58330	2.67313	2.77773	2.88998	3.00222	3.10682	3.19665	3.26557	3.30890	
3.23586	3.22101	3.17746	3.10819	3.01792	2.91279	2.79998	2.68716	2.58203	2.49176	2.42249	2.37894	2.36409	2.37894	2.42249	2.49176	2.58203	2.68716	2.79998	2.91279	3.01792	3.10819	3.17746	3.22101	
3.14368	3.12890	3.08557	3.01665	2.92683	2.82223	2.70998	2.59773	2.49313	2.40331	2.33438	2.29106	2.27628	2.29106	2.33438	2.40331	2.49313	2.59773	2.70998	2.82223	2.92683	3.01665	3.08557	3.12890	
3.04706	3.03250	2.98984	2.92197	2.83352	2.73051	2.61998	2.50944	2.40644	2.31799	2.25012	2.20745	2.19290	2.20745	2.25012	2.31799	2.40644	2.50944	2.61998	2.73051	2.83352	2.92197	2.98984	3.03250	
2.94579	2.93162	2.89008	2.82400	2.73788	2.63760	2.52998	2.42236	2.32208	2.23596	2.16988	2.12834	2.11417	2.12834	2.16988	2.23596	2.32208	2.42236	2.52998	2.63760	2.73788	2.82400	2.89008	2.93162	
2.83948	2.82586	2.78595	2.72247	2.63973	2.54338	2.43998	2.33658	2.24023	2.15750	2.09401	2.05410	2.04049	2.05410	2.09401	2.15750	2.24023	2.33658	2.43998	2.54338	2.63973	2.72247	2.78595	2.82586	
2.72747	2.71461	2.67690	2.61691	2.53873	2.44768	2.34998	2.25228	2.16124	2.08306	2.02307	1.98536	1.97250	1.98536	2.02307	2.08306	2.16124	2.25228	2.34998	2.44768	2.53873	2.61691	2.67690	2.71461	
2.60869	2.59681	2.56197	2.50656	2.43434	2.35024	2.25998	2.16973	2.08563	2.01341	1.95799	1.92316	1.91128	1.92316	1.95799	2.01341	2.08563	2.16973	2.25998	2.35024	2.43434	2.50656	2.56197	2.59681	
2.48127	2.47066	2.43956	2.39010	2.32563	2.25055	2.16998	2.08942	2.01434	1.94987	1.90041	1.86931	1.85870	1.86931	1.90041	1.94987	2.01434	2.08942	2.16998	2.25055	2.32563	2.39010	2.43956	2.47066	
2.34152	2.33260	2.30648	2.26492	2.21075	2.14767	2.07999	2.01230	1.94922	1.89506	1.85349	1.82737	1.81846	1.82737	1.85349	1.89506	1.94922	2.01230	2.07999	2.14767	2.21075	2.26492	2.30648	2.33260	
2.17998	2.17351	2.15453	2.12434	2.08499	2.03916	1.98999	1.94081	1.89499	1.85564	1.82544	1.80646	1.79999	1.80646	1.82544	1.85564	1.89499	1.94081	1.98999	2.03916	2.08499	2.12434	2.15453	2.17351	
1.89999	1.89999	1.89999	1.89999	1.89999	1.89999	1.89999	1.89999	1.89999	1.89999	1.89999	1.89999	1.89999	1.89999	1.89999	1.89999	1.89999	1.89999	1.89999	1.89999	1.89999	1.89999	1.89999	1.89999	
3.39997	3.39997	3.39997	3.39997	3.39997	3.39997	3.39997	3.39997	3.39997	3.39997	3.39997	3.39997	3.39997	3.39997	3.39997	3.39997	3.39997	3.39997	3.39997	3.39997	3.39997	3.39997	3.39997	3.39997	
3.58150	3.57259	3.54646	3.50490	3.45073	3.38766	3.31997	3.25228	3.18920	3.13504	3.09348	3.06735	3.05844	3.06735	3.09348	3.13504	3.18920	3.25228	3.31997	3.38766	3.45073	3.50490	3.54646	3.57259	
3.59997	3.58770	3.55174	3.49453	3.41997	3.33314	3.23997	3.14680	3.05997	2.98542	2.92821	2.89224	2.87998	2.89224	2.92821	2.98542	3.05997	3.14680	3.23997	3.33314	3.41997	3.49453	3.55174	3.58770	
3.58845	3.57385	3.53105	3.46295	3.37421	3.27087	3.15997	3.04907	2.94573	2.85699	2.78890	2.74609	2.73149	2.74609	2.78890	2.85699	2.94573	3.04907	3.15997	3.27087	3.37421	3.46295	3.53105	3.57385	
3.55997	3.54361	3.49566	3.41938	3.31997	3.20420	3.07997	2.95574	2.83998	2.74057	2.66429	2.61633	2.59998	2.61633	2.66429	2.74057	2.83998	2.95574	3.07997	3.20420	3.31997	3.41938	3.49566	3.54361	
3.51958	3.50188	3.44997	3.36739	3.25978	3.13446	2.99997	2.86549	2.74017	2.63256	2.54998	2.49807	2.48037	2.49807	2.54998	2.63256	2.74017	2.86549	2.99997	3.13446	3.25978	3.36739	3.44997	3.50188	
3.46988	3.45114	3.39620	3.30881	3.19493	3.06230	2.91997	2.77765	2.64502	2.53114	2.44375	2.38881	2.37007	2.38881	2.44375	2.53114	2.64502	2.77765	2.91997	3.06230	3.19493	3.30881	3.39620	3.45114	
3.41233	3.39283	3.33565	3.24469	3.12615	2.98811	2.83998	2.69184	2.55380	2.43526	2.34430	2.28712	2.26762	2.28712	2.34430	2.43526	2.55380	2.69184	2.83998	2.98811	3.12615	3.24469	3.33565	3.39283	
3.34785	3.32782	3.26909	3.17566	3.05391	2.91213	2.75998	2.60783	2.46604	2.34429	2.25087	2.19214	2.17211	2.19214	2.25087	2.34429	2.46604	2.60783	2.75998	2.91213	3.05391	3.17566	3.26909	3.32782	
3.27696	3.25662	3.19698	3.10211	2.97847	2.83449	2.67998	2.52547	2.38149	2.25785	2.16297	2.10334	2.08299	2.10334	2.16297	2.25785	2.38149	2.52547	2.67998	2.83449	2.97847	3.10211	3.19698	3.25662	
3.19997	3.17953	3.11959	3.02424	2.89998	2.75527	2.59998	2.44469	2.29998	2.17572	2.08037	2.02043	1.99999	2.02043	2.08037	2.17572	2.29998	2.44469	2.59998	2.75527	2.89998	3.02424	3.11959	3.17953	
3.11696	3.09662	3.03698	2.94211	2.81847	2.67449	2.51998	2.36547	2.22149	2.09785	2.00298	1.94334	1.92300	1.94334	2.00298	2.09785	2.22149	2.36547	2.51998	2.67449	2.81847	2.94211	3.03698	3.09662	
3.02785	3.00782	2.94909	2.85567	2.73392	2.59213	2.43998	2.28783	2.14605	2.02429	1.93087	1.87214	1.85211	1.87214	1.93087	2.02429	2.14605	2.28783	2.43998	2.59213	2.73392	2.85567	2.94909	3.00782	
2.93234	2.91284	2.85566	2.76470	2.64616	2.50812	2.35998	2.21185	2.07380	1.95527	1.86431	1.80713	1.78763	1.80713	1.86431	1.95527	2.07380	2.21185	2.35998	2.50812	2.64616	2.76470	2.85566	2.91284	
2.82989	2.81115	2.75621	2.66882	2.55493	2.42231	2.27998	2.13766	2.00503	1.89114	1.80375	1.74882	1.73008	1.74882	1.80375	1.89114	2.00503	2.13766	2.27998	2.42231	2.55493	2.66882	2.75621	2.81115	
2.71959	2.70189	2.64998	2.56740	2.45979	2.33447	2.19998	2.06550	1.94018	1.83257	1.74999	1.69808	1.68038	1.69808	1.74999	1.83257	1.94018	2.06550	2.19998	2.33447	2.45979	2.56740	2.64998	2.70189	
2.59998	2.58362	2.53567	2.45939	2.35998	2.24422	2.11999	1.99575	1.87999	1.78058	1.70430	1.65635	1.63999	1.65635	1.70430	1.78058	1.87999	1.99575	2.11999	2.24422	2.35998	2.45939	2.53567	2.58362	
2.46847	2.45387	2.41106	2.34297	2.25423	2.15089	2.03999	1.92909	1.82575	1.73701	1.66891	1.62611	1.61151	1.62611	1.66891	1.73701	1.82575	1.92909	2.03999	2.15089	2.25423	2.34297	2.41106	2.45387	
2.31998	2.30772	2.27175	2.21454	2.13999	2.05316	1.95999	1.86681	1.77999	1.70543	1.64822	1.61226	1.59999	1.61226	1.64822	1.70543	1.77999	1.86681	1.95999	2.05316	2.13999	2.21454	2.27175	2.30772	
2.14152	2.13261	2.10648	2.06492	2.01075	1.94768	1.87999	1.81230	1.74922	1.69506	1.65350	1.62737	1.61846	1.62737	1.65350	1.69506	1.74922	1.81230	1.87999	1.94768	2.01075	2.06492	2.10648	2.13261	
1.79999	1.79999	1.79999	1.79999	1.79999	1.79999	1.79999	1.79999	1.79999	1.79999	1.79999	1.79999	1.79999	1.79999	1.79999	1.79999	1.79999	1.79999	1.79999	1.79999	1.79999	1.79999	1.79999	1.79999	
3.09997	3.09997	3.09997	3.09997	3.09997	3.09997	3.09997	3.09997	3.09997	3.09997	3.09997	3.09997	3.09997	3.09997	3.09997	3.09997	3.09997	3.09997	3.09997	3.09997	3.09997	3.09997	3.09997	3.09997	
3.34126	3.33065	3.29955	3.25008	3.18562	3.11054	3.02997	2.94941	2.87433	2.80986	2.76039	2.72930	2.71869	2.72930	2.76039	2.80986	2.87433	2.94941	3.02997	3.11054	3.18562	3.25008	3.29955	3.33065	
3.38845	3.37385	3.33105	3.26296	3.17421	3.07087	2.95997	2.84908	2.74573	2.65699	2.58890	2.54609	2.53149	2.54609	2.58890	2.65699	2.74573	2.84908	2.95997	3.07087	3.17421	3.26296	3.33105	3.37385	
3.39997	3.38259	3.33164	3.25060	3.14497	3.02197	2.88998	2.75798	2.63498	2.52936	2.44831	2.39736	2.37998	2.39736	2.44831	2.52936	2.63498	2.75798	2.88998	3.02197	3.14497	3.25060	3.33164	3.38259	
3.39128	3.37182	3.31474	3.22395	3.10563	2.96784	2.81998	2.67211	2.53432	2.41600	2.32521	2.26814	2.24867	2.26814	2.32521	2.41600	2.53432	2.67211	2.81998	2.96784	3.10563	3.22395	3.31474	3.37182	
3.36843	3.34736	3.28558	3.18729	3.05921	2.91005	2.74998	2.58991	2.44075	2.31266	2.21438	2.15259	2.13152	2.15259	2.21438	2.31266	2.44075	2.58991	2.74998	2.91005	3.05921	3.18729	3.28558	3.34736	
3.33449	3.31219	3.24680	3.14279	3.00724	2.84938	2.67998	2.51058	2.35272	2.21717	2.11315	2.04777	2.02546	2.04777	2.11315	2.21717	2.35272	2.51058	2.67998	2.84938	3.00724	3.14279	3.24680	3.31219	
3.29122	3.26801	3.19995	3.09169	2.95060	2.78630	2.60998	2.43366	2.26936	2.12827	2.02001	1.95195	1.92874	1.95195	2.02001	2.12827	2.26936	2.43366	2.60998	2.78630	2.95060	3.09169	3.19995	3.26801	
3.23968	3.21584	3.14594	3.03475	2.88983	2.72108	2.53998	2.35888	2.19013	2.04521	1.93402	1.86412	1.84027	1.86412	1.93402	2.04521	2.19013	2.35888	2.53998	2.72108	2.88983	3.03475	3.14594	3.21584	
3.18053	3.15632	3.08534	2.97242	2.82526	2.65389	2.46998	2.28608	2.11470	1.96754	1.85462	1.78364	1.75943	1.78364	1.85462	1.96754	2.11470	2.28608	2.46998	2.65389	2.82526	2.97242	3.08534	3.15632	
3.11412	3.08978	3.01844	2.90495	2.75705	2.58481	2.39998	2.21515	2.04291	1.89501	1.78152	1.71018	1.68585	1.71018	1.78152	1.89501	2.04291	2.21515	2.39998	2.58481	2.75705	2.90495	3.01844	3.08978	
3.04054	3.01632	2.94534	2.83242	2.68526	2.51389	2.32998	2.14608	1.97471	1.82755	1.71462	1.64364	1.61943	1.64364	1.71462	1.82755	1.97471	2.14608	2.32998	2.51389	2.68526	2.83242	2.94534	3.01632	
2.95969	2.93585	2.86595	2.75475	2.60984	2.44108	2.25998	2.07889	1.91013	1.76522	1.65402	1.58412	1.56028	1.58412	1.65402	1.76522	1.91013	2.07889	2.25998	2.44108	2.60984	2.75475	2.86595	2.93585	
2.87122	2.84801	2.77996	2.67169	2.53060	2.36630	2.18998	2.01367	1.84936	1.70828	1.60001	1.53196	1.50874	1.53196	1.60001	1.70828	1.84936	2.01367	2.18998	2.36630	2.53060	2.67169	2.77996	2.84801	
2.77450	2.75220	2.68681	2.58280	2.44724	2.28939	2.11999	1.95058	1.79273	1.65717	1.55316	1.48777	1.46547	1.48777	1.55316	1.65717	1.79273	1.95058	2.11999	2.28939	2.44724	2.58280	2.68681	2.75220	
2.66844	2.64737	2.58559	2.48730	2.35922	2.21005	2.04999	1.88992	1.74076	1.61267	1.51439	1.45260	1.43153	1.45260	1.51439	1.61267	1.74076	1.88992	2.04999	2.21005	2.35922	2.48730	2.58559	2.64737	
2.55129	2.53183	2.47475	2.38396	2.26564	2.12785	1.97999	1.83212	1.69433	1.57601	1.48522	1.42815	1.40868	1.42815	1.48522	1.57601	1.69433	1.83212	1.97999	2.12785	2.26564	2.38396	2.47475	2.53183	
2.41998	2.40260	2.35166	2.27061	2.16498	2.04198	1.90999	1.77799	1.65499	1.54937	1.46832	1.41737	1.39999	1.41737	1.46832	1.54937	1.65499	1.77799	1.90999	2.04198	2.16498	2.27061	2.35166	2.40260	
2.26847	2.25387	2.21106	2.14297	2.05423	1.95089	1.83999	1.72909	1.62575	1.53701	1.46891	1.42611	1.41151	1.42611	1.46891	1.53701	1.62575	1.72909	1.83999	1.95089	2.05423	2.14297	2.21106	2.25387	
2.08127	2.07067	2.03957	1.99010	1.92563	1.85056	1.76999	1.68942	1.61435	1.54988	1.50041	1.46931	1.45871	1.46931	1.50041	1.54988	1.61435	1.68942	1.76999	1.85056	1.92563	1.99010	2.03957	2.07067	
1.69999	1.69999	1.69999	1.69999	1.69999	1.69999	1.69999	1.69999	1.69999	1.69999	1.69999	1.69999	1.69999	1.69999	1.69999	1.69999	1.69999	1.69999	1.69999	1.69999	1.69999	1.69999	1.69999	1.69999	
2.79998	2.79998	2.79998	2.79998	2.79998	2.79998	2.79998	2.79998	2.79998	2.79998	2.79998	2.79998	2.79998	2.79998	2.79998	2.79998	2.79998	2.79998	2.79998	2.79998	2.79998	2.79998	2.79998	2.79998	
3.08868	3.07680	3.04197	2.98655	2.91433	2.83023	2.73998	2.64973	2.56562	2.49340	2.43799	2.40315	2.39127	2.40315	2.43799	2.49340	2.56562	2.64973	2.73998	2.83023	2.91433	2.98655	3.04197	3.07680	
3.15997	3.14362	3.09566	3.01938	2.91997	2.80421	2.67998	2.55575	2.43998	2.34057	2.26429	2.21634	2.19998	2.21634	2.26429	2.34057	2.43998	2.55575	2.67998	2.80421	2.91997	3.01938	3.09566	3.14362	
3.19129	3.17182	3.11475	3.02395	2.90563	2.76784	2.61998	2.47211	2.33433	2.21600	2.12521	2.06814	2.04867	2.06814	2.12521	2.21600	2.33433	2.47211	2.61998	2.76784	2.90563	3.02395	3.11475	3.17182	
3.19997	3.17816	3.11423	3.01252	2.87998	2.72562	2.55998	2.39434	2.23998	2.10744	2.00573	1.94180	1.91999	1.94180	2.00573	2.10744	2.23998	2.39434	2.55998	2.72562	2.87998	3.01252	3.11423	3.17816	
3.19279	3.16918	3.09997	2.98987	2.84639	2.67929	2.49998	2.32067	2.15357	2.01009	1.89999	1.83078	1.80717	1.83078	1.89999	2.01009	2.15357	2.32067	2.49998	2.67929	2.84639	2.98987	3.09997	3.16918	
3.17318	3.14820	3.07495	2.95843	2.80658	2.62975	2.43998	2.25021	2.07338	1.92153	1.80501	1.73176	1.70678	1.73176	1.80501	1.92153	2.07338	2.25021	2.43998	2.62975	2.80658	2.95843	3.07495	3.14820	
3.14312	3.11712	3.04088	2.91960	2.76155	2.57750	2.37998	2.18247	1.99841	1.84036	1.71908	1.64284	1.61684	1.64284	1.71908	1.84036	1.99841	2.18247	2.37998	2.57750	2.76155	2.91960	3.04088	3.11712	
3.10381	3.07710	2.99880	2.87423	2.71190	2.52285	2.31998	2.11711	1.92807	1.76573	1.64117	1.56286	1.53616	1.56286	1.64117	1.76573	1.92807	2.11711	2.31998	2.52285	2.71190	2.87423	2.99880	3.07710	
3.05596	3.02884	2.94932	2.82283	2.65797	2.46600	2.25998	2.05397	1.86199	1.69714	1.57065	1.49113	1.46400	1.49113	1.57065	1.69714	1.86199	2.05397	2.25998	2.46600	2.65797	2.82283	2.94932	3.02884	
2.99997	2.97271	2.89280	2.76566	2.59998	2.40704	2.19998	1.99293	1.79999	1.63431	1.50717	1.42725	1.39999	1.42725	1.50717	1.63431	1.79999	1.99293	2.19998	2.40704	2.59998	2.76566	2.89280	2.97271	
2.93596	2.90884	2.82932	2.70283	2.53797	2.34600	2.13999	1.93397	1.74200	1.57714	1.45065	1.37113	1.34401	1.37113	1.45065	1.57714	1.74200	1.93397	2.13999	2.34600	2.53797	2.70283	2.82932	2.90884	
2.86381	2.83710	2.75880	2.63423	2.47190	2.28286	2.07999	1.87712	1.68807	1.52574	1.40117	1.32287	1.29616	1.32287	1.40117	1.52574	1.68807	1.87712	2.07999	2.28286	2.47190	2.63423	2.75880	2.83710	
2.78313	2.75712	2.68089	2.55961	2.40156	2.21750	2.01999	1.82247	1.63842	1.48036	1.35909	1.28285	1.25685	1.28285	1.35909	1.48036	1.63842	1.82247	2.01999	2.21750	2.40156	2.55961	2.68089	2.75712	
2.69319	2.66821	2.59496	2.47844	2.32659	2.14975	1.95999	1.77022	1.59339	1.44153	1.32502	1.25177	1.22678	1.25177	1.32502	1.44153	1.59339	1.77022	1.95999	2.14975	2.32659	2.47844	2.59496	2.66821	
2.59280	2.56919	2.49998	2.38988	2.24639	2.07930	1.89999	1.72068	1.55358	1.41010	1.30000	1.23078	1.20718	1.23078	1.30000	1.41010	1.55358	1.72068	1.89999	2.07930	2.24639	2.38988	2.49998	2.56919	
2.47998	2.45817	2.39424	2.29253	2.15998	2.00563	1.83999	1.67435	1.51999	1.38745	1.28574	1.22180	1.20000	1.22180	1.28574	1.38745	1.51999	1.67435	1.83999	2.00563	2.15998	2.29253	2.39424	2.45817	
2.35130	2.33183	2.27476	2.18396	2.06564	1.92785	1.77999	1.63212	1.49434	1.37601	1.28522	1.22815	1.20868	1.22815	1.28522	1.37601	1.49434	1.63212	1.77999	1.92785	2.06564	2.18396	2.27476	2.33183	
2.19998	2.18363	2.13568	2.05940	1.95999	1.84422	1.71999	1.59576	1.47999	1.38058	1.30430	1.25635	1.24000	1.25635	1.30430	1.38058	1.47999	1.59576	1.71999	1.84422	1.95999	2.05940	2.13568	2.18363	
2.00870	1.99682	1.96198	1.90656	1.83435	1.75024	1.65999	1.56974	1.48564	1.41342	1.35800	1.32317	1.31128	1.32317	1.35800	1.41342	1.48564	1.56974	1.65999	1.75024	1.83435	1.90656	1.96198	1.99682	
1.59999	1.59999	1.59999	1.59999	1.59999	1.59999	1.59999	1.59999	1.59999	1.59999	1.59999	1.59999	1.59999	1.59999	1.59999	1.59999	1.59999	1.59999	1.59999	1.59999	1.59999	1.59999	1.59999	1.59999	
2.49998	2.49998	2.49998	2.49998	2.49998	2.49998	2.49998	2.49998	2.49998	2.49998	2.49998	2.49998	2.49998	2.49998	2.49998	2.49998	2.49998	2.49998	2.49998	2.49998	2.49998	2.49998	2.49998	2.49998	
2.82747	2.81461	2.77689	2.71690	2.63872	2.54768	2.44998	2.35228	2.26124	2.18306	2.12307	2.08536	2.07249	2.08536	2.12307	2.18306	2.26124	2.35228	2.44998	2.54768	2.63872	2.71690	2.77689	2.81461	
2.91959	2.90188	2.84998	2.76740	2.65979	2.53447	2.39998	2.26550	2.14018	2.03256	1.94999	1.89808	1.88037	1.89808	1.94999	2.03256	2.14018	2.26550	2.39998	2.53447	2.65979	2.76740	2.84998	2.90188	
2.96844	2.94737	2.88558	2.78730	2.65921	2.51005	2.34998	2.18991	2.04075	1.91267	1.81438	1.75260	1.73152	1.75260	1.81438	1.91267	2.04075	2.18991	2.34998	2.51005	2.65921	2.78730	2.88558	2.94737	
2.99279	2.96919	2.89998	2.78987	2.64639	2.47930	2.29998	2.12067	1.95358	1.81009	1.69999	1.63078	1.60717	1.63078	1.69999	1.81009	1.95358	2.12067	2.29998	2.47930	2.64639	2.78987	2.89998	2.96919	
2.99997	2.97442	2.89949	2.78031	2.62498	2.44410	2.24998	2.05587	1.87499	1.71966	1.60047	1.52555	1.49999	1.52555	1.60047	1.71966	1.87499	2.05587	2.24998	2.44410	2.62498	2.78031	2.89949	2.97442	
2.99370	2.96665	2.88736	2.76123	2.59684	2.40541	2.19998	1.99456	1.80313	1.63874	1.51261	1.43331	1.40627	1.43331	1.51261	1.63874	1.80313	1.99456	2.19998	2.40541	2.59684	2.76123	2.88736	2.96665	
2.97611	2.94796	2.86543	2.73414	2.56305	2.36380	2.14998	1.93617	1.73692	1.56583	1.43454	1.35201	1.32386	1.35201	1.43454	1.56583	1.73692	1.93617	2.14998	2.36380	2.56305	2.73414	2.86543	2.94796	
2.94850	2.91959	2.83482	2.69998	2.52424	2.31960	2.09999	1.88037	1.67573	1.49999	1.36515	1.28038	1.25147	1.28038	1.36515	1.49999	1.67573	1.88037	2.09999	2.31960	2.52424	2.69998	2.83482	2.91959	
2.91166	2.88230	2.79622	2.65928	2.48082	2.27300	2.04999	1.82697	1.61915	1.44069	1.30376	1.21767	1.18831	1.21767	1.30376	1.44069	1.61915	1.82697	2.04999	2.27300	2.48082	2.65928	2.79622	2.88230	
2.86600	2.83649	2.74998	2.61235	2.43299	2.22413	1.99999	1.77585	1.56698	1.38762	1.25000	1.16348	1.13397	1.16348	1.25000	1.38762	1.56698	1.77585	1.99999	2.22413	2.43299	2.61235	2.74998	2.83649	
2.81166	2.78230	2.69622	2.55928	2.38082	2.17301	1.94999	1.72697	1.51915	1.34069	1.20376	1.11768	1.08831	1.11768	1.20376	1.34069	1.51915	1.72697	1.94999	2.17301	2.38082	2.55928	2.69622	2.78230	
2.74851	2.71959	2.63483	2.49998	2.32425	2.11960	1.89999	1.68038	1.47573	1.30000	1.16515	1.08038	1.05147	1.08038	1.16515	1.30000	1.47573	1.68038	1.89999	2.11960	2.32425	2.49998	2.63483	2.71959	
2.67611	2.64796	2.56543	2.43415	2.26305	2.06381	1.84999	1.63617	1.43693	1.26583	1.13454	1.05201	1.02386	1.05201	1.13454	1.26583	1.43693	1.63617	1.84999	2.06381	2.26305	2.43415	2.56543	2.64796	
2.59370	2.56666	2.48737	2.36123	2.19685	2.00542	1.79999	1.59456	1.40313	1.23875	1.11261	1.03332	1.00627	1.03332	1.11261	1.23875	1.40313	1.59456	1.79999	2.00542	2.19685	2.36123	2.48737	2.56666	
2.49998	2.47443	2.39950	2.28031	2.12499	1.94410	1.74999	1.55588	1.37500	1.21967	1.10048	1.02556	1.00000	1.02556	1.10048	1.21967	1.37500	1.55588	1.74999	1.94410	2.12499	2.28031	2.39950	2.47443	
2.39280	2.36920	2.29998	2.18988	2.04640	1.87930	1.69999	1.52068	1.35359	1.21010	1.10000	1.03079	1.00718	1.03079	1.10000	1.21010	1.35359	1.52068	1.69999	1.87930	2.04640	2.18988	2.29998	2.36920	
2.26845	2.24738	2.18559	2.08731	1.95922	1.81006	1.64999	1.48992	1.34076	1.21268	1.11439	1.05261	1.03153	1.05261	1.11439	1.21268	1.34076	1.48992	1.64999	1.81006	1.95922	2.08731	2.18559	2.24738	
2.11960	2.10190	2.04999	1.96741	1.85980	1.73448	1.59999	1.46551	1.34019	1.23257	1.15000	1.09809	1.08038	1.09809	1.15000	1.23257	1.34019	1.46551	1.59999	1.73448	1.85980	1.96741	2.04999	2.10190	
1.92748	1.91462	1.87691	1.81692	1.73874	1.64769	1.54999	1.45229	1.36125	1.28307	1.22308	1.18537	1.17251	1.18537	1.22308	1.28307	1.36125	1.45229	1.54999	1.64769	1.73874	1.81692	1.87691	1.91462	
1.49999	1.49999	1.49999	1.49999	1.49999	1.49999	1.49999	1.49999	1.49999	1.49999	1.49999	1.49999	1.49999	1.49999	1.49999	1.49999	1.49999	1.49999	1.49999	1.49999	1.49999	1.49999	1.49999	1.49999	
2.19998	2.19998	2.19998	2.19998	2.19998	2.19998	2.19998	2.19998	2.19998	2.19998	2.19998	2.19998	2.19998	2.19998	2.19998	2.19998	2.19998	2.19998	2.19998	2.19998	2.19998	2.19998	2.19998	2.19998	
2.55948	2.54587	2.50596	2.44247	2.35973	2.26338	2.15998	2.05659	1.96024	1.87750	1.81401	1.77410	1.76049	1.77410	1.81401	1.87750	1.96024	2.05659	2.15998	2.26338	2.35973	2.44247	2.50596	2.54587	
2.66989	2.65115	2.59621	2.50882	2.39494	2.26231	2.11999	1.97766	1.84503	1.73115	1.64376	1.58882	1.57008	1.58882	1.64376	1.73115	1.84503	1.97766	2.11999	2.26231	2.39494	2.50882	2.59621	2.65115	
2.73450	2.71220	2.64681	2.54280	2.40724	2.24939	2.07999	1.91059	1.75273	1.61717	1.51316	1.44777	1.42547	1.44777	1.51316	1.61717	1.75273	1.91059	2.07999	2.24939	2.40724	2.54280	2.64681	2.71220	
2.77319	2.74821	2.67496	2.55844	2.40659	2.22975	2.03999	1.85022	1.67339	1.52153	1.40501	1.33177	1.30678	1.33177	1.40501	1.52153	1.67339	1.85022	2.03999	2.22975	2.40659	2.55844	2.67496	2.74821	
2.79370	2.76666	2.68736	2.56123	2.39684	2.20542	1.99999	1.79456	1.60313	1.43875	1.31261	1.23332	1.20627	1.23332	1.31261	1.43875	1.60313	1.79456	1.99999	2.20542	2.39684	2.56123	2.68736	2.76666	
2.79998	2.77135	2.68744	2.55395	2.37998	2.17739	1.95999	1.74258	1.53999	1.36603	1.23254	1.14862	1.12000	1.14862	1.23254	1.36603	1.53999	1.74258	1.95999	2.17739	2.37998	2.55395	2.68744	2.77135	
2.79428	2.76449	2.67714	2.53820	2.35713	2.14627	1.91999	1.69371	1.48284	1.30177	1.16283	1.07549	1.04570	1.07549	1.16283	1.30177	1.48284	1.69371	1.91999	2.14627	2.35713	2.53820	2.67714	2.76449	
2.77797	2.74738	2.65767	2.51496	2.32898	2.11240	1.87999	1.64757	1.43100	1.24502	1.10231	1.01260	0.98200	1.01260	1.10231	1.24502	1.43100	1.64757	1.87999	2.11240	2.32898	2.51496	2.65767	2.74738	
2.75190	2.72083	2.62973	2.48481	2.29594	2.07601	1.83999	1.60397	1.38403	1.19517	1.05025	0.95915	0.92808	0.95915	1.05025	1.19517	1.38403	1.60397	1.83999	2.07601	2.29594	2.48481	2.62973	2.72083	
2.71649	2.68526	2.59370	2.44806	2.25824	2.03720	1.79999	1.56278	1.34174	1.15192	1.00627	0.91472	0.88349	0.91472	1.00627	1.15192	1.34174	1.56278	1.79999	2.03720	2.25824	2.44806	2.59370	2.68526	
2.67190	2.64083	2.54973	2.40481	2.21594	1.99601	1.75999	1.52397	1.30404	1.11517	0.97025	0.87915	0.84808	0.87915	0.97025	1.11517	1.30404	1.52397	1.75999	1.99601	2.21594	2.40481	2.54973	2.64083	
2.61798	2.58738	2.49767	2.35496	2.16898	1.95241	1.71999	1.48757	1.27100	1.08502	0.94231	0.85260	0.82200	0.85260	0.94231	1.08502	1.27100	1.48757	1.71999	1.95241	2.16898	2.35496	2.49767	2.58738	
2.55428	2.52449	2.43715	2.29821	2.11714	1.90627	1.67999	1.45371	1.24285	1.06178	0.92284	0.83549	0.80570	0.83549	0.92284	1.06178	1.24285	1.45371	1.67999	1.90627	2.11714	2.29821	2.43715	2.52449	
2.47998	2.45136	2.36744	2.23395	2.05999	1.85740	1.63999	1.42259	1.22000	1.04603	0.91254	0.82862	0.80000	0.82862	0.91254	1.04603	1.22000	1.42259	1.63999	1.85740	2.05999	2.23395	2.36744	2.45136	
2.39371	2.36666	2.28737	2.16123	1.99685	1.80542	1.59999	1.39456	1.20313	1.03875	0.91261	0.83332	0.80628	0.83332	0.91261	1.03875	1.20313	1.39456	1.59999	1.80542	1.99685	2.16123	2.28737	2.36666	
2.29320	2.26821	2.19496	2.07845	1.92659	1.74976	1.55999	1.37023	1.19339	1.04154	0.92502	0.85177	0.82679	0.85177	0.92502	1.04154	1.19339	1.37023	1.55999	1.74976	1.92659	2.07845	2.19496	2.26821	
2.17451	2.15221	2.08682	1.98280	1.84725	1.68939	1.51999	1.35059	1.19274	1.05718	0.95317	0.88778	0.86548	0.88778	0.95317	1.05718	1.19274	1.35059	1.51999	1.68939	1.84725	1.98280	2.08682	2.15221	
2.02990	2.01116	1.95622	1.86883	1.75494	1.62232	1.47999	1.33767	1.20504	1.09115	1.00376	0.94883	0.93009	0.94883	1.00376	1.09115	1.20504	1.33767	1.47999	1.62232	1.75494	1.86883	1.95622	2.01116	
1.83949	1.82588	1.78597	1.72248	1.63974	1.54339	1.43999	1.33660	1.24025	1.15751	1.09402	1.05411	1.04050	1.05411	1.09402	1.15751	1.24025	1.33660	1.43999	1.54339	1.63974	1.72248	1.78597	1.82588	
1.39999	1.39999	1.39999	1.39999	1.39999	1.39999	1.39999	1.39999	1.39999	1.39999	1.39999	1.39999	1.39999	1.39999	1.39999	1.39999	1.39999	1.39999	1.39999	1.39999	1.39999	1.39999	1.39999	1.39999	
1.89999	1.89999	1.89999	1.89999	1.89999	1.89999	1.89999	1.89999	1.89999	1.89999	1.89999	1.89999	1.89999	1.89999	1.89999	1.89999	1.89999	1.89999	1.89999	1.89999	1.89999	1.89999	1.89999	1.89999	
2.28580	2.27163	2.23009	2.16401	2.07789	1.97761	1.86999	1.76237	1.66209	1.57597	1.50989	1.46835	1.45418	1.46835	1.50989	1.57597	1.66209	1.76237	1.86999	1.97761	2.07789	2.16401	2.23009	2.27163	
2.41235	2.39284	2.33566	2.24471	2.12617	1.98813	1.83999	1.69185	1.55381	1.43527	1.34431	1.28714	1.26763	1.28714	1.34431	1.43527	1.55381	1.69185	1.83999	1.98813	2.12617	2.24471	2.33566	2.39284	
2.49123	2.46802	2.39996	2.29170	2.15061	1.98631	1.80999	1.63367	1.46937	1.32828	1.22002	1.15196	1.12875	1.15196	1.22002	1.32828	1.46937	1.63367	1.80999	1.98631	2.15061	2.29170	2.39996	2.46802	
2.54313	2.51713	2.44089	2.31961	2.16156	1.97751	1.77999	1.58247	1.39842	1.24037	1.11909	1.04285	1.01685	1.04285	1.11909	1.24037	1.39842	1.58247	1.77999	1.97751	2.16156	2.31961	2.44089	2.51713	
2.57612	2.54797	2.46544	2.33415	2.16305	1.96381	1.74999	1.53617	1.33693	1.16583	1.03455	0.95201	0.92387	0.95201	1.03455	1.16583	1.33693	1.53617	1.74999	1.96381	2.16305	2.33415	2.46544	2.54797	
2.59428	2.56449	2.47715	2.33821	2.15713	1.94627	1.71999	1.49371	1.28285	1.10178	0.96283	0.87549	0.84570	0.87549	0.96283	1.10178	1.28285	1.49371	1.71999	1.94627	2.15713	2.33821	2.47715	2.56449	
2.59998	2.56897	2.47806	2.33345	2.14499	1.92551	1.68999	1.45447	1.23500	1.04653	0.90192	0.81101	0.78000	0.81101	0.90192	1.04653	1.23500	1.45447	1.68999	1.92551	2.14499	2.33345	2.47806	2.56897	
2.59464	2.56280	2.46943	2.32089	2.12732	1.90190	1.65999	1.41809	1.19266	0.99909	0.85056	0.75719	0.72534	0.75719	0.85056	0.99909	1.19266	1.41809	1.65999	1.90190	2.12732	2.32089	2.46943	2.56280	
2.57914	2.54680	2.45198	2.30114	2.10456	1.87565	1.62999	1.38433	1.15542	0.95884	0.80801	0.71319	0.68085	0.71319	0.80801	0.95884	1.15542	1.38433	1.62999	1.87565	2.10456	2.30114	2.45198	2.54680	
2.55392	2.52141	2.42612	2.27452	2.07696	1.84689	1.59999	1.35310	1.12303	0.92546	0.77387	0.67857	0.64607	0.67857	0.77387	0.92546	1.12303	1.35310	1.59999	1.84689	2.07696	2.27452	2.42612	2.52141	
2.51914	2.48680	2.39198	2.24114	2.04457	1.81565	1.56999	1.32434	1.09542	0.89885	0.74801	0.65319	0.62085	0.65319	0.74801	0.89885	1.09542	1.32434	1.56999	1.81565	2.04457	2.24114	2.39198	2.48680	
2.47465	2.44280	2.34943	2.20089	2.00732	1.78190	1.53999	1.29809	1.07267	0.87909	0.73056	0.63719	0.60534	0.63719	0.73056	0.87909	1.07267	1.29809	1.53999	1.78190	2.00732	2.20089	2.34943	2.44280	
2.41998	2.38897	2.29807	2.15345	1.96499	1.74552	1.50999	1.27447	1.05500	0.86653	0.72192	0.63101	0.60001	0.63101	0.72192	0.86653	1.05500	1.27447	1.50999	1.74552	1.96499	2.15345	2.29807	2.38897	
2.35428	2.32449	2.23715	2.09821	1.91714	1.70628	1.47999	1.25371	1.04285	0.86178	0.72284	0.63550	0.60571	0.63550	0.72284	0.86178	1.04285	1.25371	1.47999	1.70628	1.91714	2.09821	2.23715	2.32449	
2.27612	2.24797	2.16544	2.03415	1.86306	1.66381	1.44999	1.23618	1.03693	0.86584	0.73455	0.65202	0.62387	0.65202	0.73455	0.86584	1.03693	1.23618	1.44999	1.66381	1.86306	2.03415	2.16544	2.24797	
2.18314	2.15713	2.08089	1.95962	1.80157	1.61751	1.41999	1.22248	1.03842	0.88037	0.75909	0.68286	0.65685	0.68286	0.75909	0.88037	1.03842	1.22248	1.41999	1.61751	1.80157	1.95962	2.08089	2.15713	
2.07123	2.04802	1.97997	1.87170	1.73061	1.56631	1.38999	1.21368	1.04937	0.90829	0.80002	0.73197	0.70875	0.73197	0.80002	0.90829	1.04937	1.21368	1.38999	1.56631	1.73061	1.87170	1.97997	2.04802	
1.93235	1.91285	1.85567	1.76471	1.64617	1.50813	1.36000	1.21186	1.07382	0.95528	0.86432	0.80714	0.78764	0.80714	0.86432	0.95528	1.07382	1.21186	1.36000	1.50813	1.64617	1.76471	1.85567	1.91285	
1.74580	1.73163	1.69010	1.62402	1.53790	1.43761	1.33000	1.22238	1.12209	1.03598	0.96990	0.92836	0.91419	0.92836	0.96990	1.03598	1.12209	1.22238	1.33000	1.43761	1.53790	1.62402	1.69010	1.73163	
1.30000	1.30000	1.30000	1.30000	1.30000	1.30000	1.30000	1.30000	1.30000	1.30000	1.30000	1.30000	1.30000	1.30000	1.30000	1.30000	1.30000	1.30000	1.30000	1.30000	1.30000	1.30000	1.30000	1.30000	
1.59999	1.59999	1.59999	1.59999	1.59999	1.59999	1.59999	1.59999	1.59999	1.59999	1.59999	1.59999	1.59999	1.59999	1.59999	1.59999	1.59999	1.59999	1.59999	1.59999	1.59999	1.59999	1.59999	1.59999	
2.00707	1.99252	1.94985	1.88198	1.79353	1.69053	1.57999	1.46946	1.36645	1.27800	1.21013	1.16747	1.15291	1.16747	1.21013	1.27800	1.36645	1.46946	1.57999	1.69053	1.79353	1.88198	1.94985	1.99252	
2.14786	2.12783	2.06910	1.97568	1.85393	1.71214	1.55999	1.40784	1.26606	1.14431	1.05088	0.99215	0.97212	0.99215	1.05088	1.14431	1.26606	1.40784	1.55999	1.71214	1.85393	1.97568	2.06910	2.12783	
2.23970	2.21586	2.14596	2.03476	1.88985	1.72109	1.53999	1.35890	1.19014	1.04523	0.93403	0.86413	0.84029	0.86413	0.93403	1.04523	1.19014	1.35890	1.53999	1.72109	1.88985	2.03476	2.14596	2.21586	
2.30382	2.27711	2.19881	2.07424	1.91191	1.72286	1.51999	1.31712	1.12808	0.96574	0.84118	0.76287	0.73617	0.76287	0.84118	0.96574	1.12808	1.31712	1.51999	1.72286	1.91191	2.07424	2.19881	2.27711	
2.34851	2.31960	2.23483	2.09999	1.92425	1.71961	1.49999	1.28038	1.07573	0.90000	0.76516	0.68039	0.65148	0.68039	0.76516	0.90000	1.07573	1.28038	1.49999	1.71961	1.92425	2.09999	2.23483	2.31960	
2.37798	2.34738	2.25767	2.11497	1.92899	1.71241	1.47999	1.24758	1.03100	0.84502	0.70232	0.61261	0.58201	0.61261	0.70232	0.84502	1.03100	1.24758	1.47999	1.71241	1.92899	2.11497	2.25767	2.34738	
2.39465	2.36280	2.26943	2.12089	1.92732	1.70190	1.45999	1.21809	0.99267	0.79909	0.65056	0.55719	0.52534	0.55719	0.65056	0.79909	0.99267	1.21809	1.45999	1.70190	1.92732	2.12089	2.26943	2.36280	
2.39998	2.36727	2.27137	2.11881	1.91999	1.68846	1.43999	1.19153	0.96000	0.76118	0.60862	0.51272	0.48001	0.51272	0.60862	0.76118	0.96000	1.19153	1.43999	1.68846	1.91999	2.11881	2.27137	2.36727	
2.39487	2.36165	2.26426	2.10933	1.90743	1.67231	1.41999	1.16768	0.93256	0.73066	0.57573	0.47834	0.44512	0.47834	0.57573	0.73066	0.93256	1.16768	1.41999	1.67231	1.90743	2.10933	2.26426	2.36165	
2.37978	2.34639	2.24851	2.09281	1.88989	1.65358	1.39999	1.14641	0.91010	0.70718	0.55148	0.45360	0.42021	0.45360	0.55148	0.70718	0.91010	1.14641	1.39999	1.65358	1.88989	2.09281	2.24851	2.34639	
2.35487	2.32165	2.22426	2.06933	1.86743	1.63231	1.38000	1.12768	0.89256	0.69066	0.53573	0.43834	0.40512	0.43834	0.53573	0.69066	0.89256	1.12768	1.38000	1.63231	1.86743	2.06933	2.22426	2.32165	
2.31998	2.28727	2.19137	2.03881	1.83999	1.60846	1.36000	1.11153	0.88000	0.68118	0.52862	0.43272	0.40001	0.43272	0.52862	0.68118	0.88000	1.11153	1.36000	1.60846	1.83999	2.03881	2.19137	2.28727	
2.27465	2.24280	2.14943	2.00090	1.80732	1.58190	1.34000	1.09809	0.87267	0.67910	0.53056	0.43719	0.40534	0.43719	0.53056	0.67910	0.87267	1.09809	1.34000	1.58190	1.80732	2.00090	2.14943	2.24280	
2.21798	2.18738	2.09767	1.95497	1.76899	1.55241	1.32000	1.08758	0.87100	0.68502	0.54232	0.45261	0.42201	0.45261	0.54232	0.68502	0.87100	1.08758	1.32000	1.55241	1.76899	1.95497	2.09767	2.18738	
2.14851	2.11960	2.03483	1.89999	1.72425	1.51961	1.30000	1.08038	0.87574	0.70000	0.56516	0.48039	0.45148	0.48039	0.56516	0.70000	0.87574	1.08038	1.30000	1.51961	1.72425	1.89999	2.03483	2.11960	
2.06382	2.03711	1.95881	1.83425	1.67191	1.48287	1.28000	1.07713	0.88808	0.72575	0.60118	0.52288	0.49617	0.52288	0.60118	0.72575	0.88808	1.07713	1.28000	1.48287	1.67191	1.83425	1.95881	2.03711	
1.95970	1.93586	1.86596	1.75476	1.60985	1.44109	1.26000	1.07890	0.91014	0.76523	0.65403	0.58413	0.56029	0.58413	0.65403	0.76523	0.91014	1.07890	1.26000	1.44109	1.60985	1.75476	1.86596	1.93586	
1.82787	1.80784	1.74911	1.65568	1.53393	1.39215	1.24000	1.08784	0.94606	0.82431	0.73089	0.67216	0.65213	0.67216	0.73089	0.82431	0.94606	1.08784	1.24000	1.39215	1.53393	1.65568	1.74911	1.80784	
1.64707	1.63252	1.58986	1.52199	1.43354	1.33053	1.22000	1.10946	1.00646	0.91801	0.85014	0.80747	0.79292	0.80747	0.85014	0.91801	1.00646	1.10946	1.22000	1.33053	1.43354	1.52199	1.58986	1.63252	
1.20000	1.20000	1.20000	1.20000	1.20000	1.20000	1.20000	1.20000	1.20000	1.20000	1.20000	1.20000	1.20000	1.20000	1.20000	1.20000	1.20000	1.20000	1.20000	1.20000	1.20000	1.20000	1.20000	1.20000	
1.30000	1.30000	1.30000	1.30000	1.30000	1.30000	1.30000	1.30000	1.30000	1.30000	1.30000	1.30000	1.30000	1.30000	1.30000	1.30000	1.30000	1.30000	1.30000	1.30000	1.30000	1.30000	1.30000	1.30000	
1.72370	1.70892	1.66559	1.59667	1.50685	1.40225	1.29000	1.17775	1.07315	0.98332	0.91440	0.87107	0.85630	0.87107	0.91440	0.98332	1.07315	1.17775	1.29000	1.40225	1.50685	1.59667	1.66559	1.70892	
1.87698	1.85664	1.79700	1.70213	1.57849	1.43451	1.28000	1.12549	0.98150	0.85786	0.76299	0.70335	0.68301	0.70335	0.76299	0.85786	0.98150	1.12549	1.28000	1.43451	1.57849	1.70213	1.79700	1.85664	
1.98055	1.95634	1.88535	1.77243	1.62527	1.45390	1.27000	1.08609	0.91472	0.76756	0.65464	0.58365	0.55944	0.58365	0.65464	0.76756	0.91472	1.08609	1.27000	1.45390	1.62527	1.77243	1.88535	1.95634	
2.05598	2.02885	1.94934	1.82284	1.65799	1.46601	1.26000	1.05398	0.86201	0.69715	0.57066	0.49114	0.46402	0.49114	0.57066	0.69715	0.86201	1.05398	1.26000	1.46601	1.65799	1.82284	1.94934	2.02885	
2.11167	2.08231	1.99623	1.85929	1.68083	1.47301	1.25000	1.02698	0.81916	0.64070	0.50377	0.41768	0.38832	0.41768	0.50377	0.64070	0.81916	1.02698	1.25000	1.47301	1.68083	1.85929	1.99623	2.08231	
2.15191	2.12083	2.02973	1.88481	1.69595	1.47602	1.24000	1.00398	0.78404	0.59518	0.45026	0.35916	0.32809	0.35916	0.45026	0.59518	0.78404	1.00398	1.24000	1.47602	1.69595	1.88481	2.02973	2.12083	
2.17914	2.14680	2.05198	1.90114	1.70457	1.47565	1.23000	0.98434	0.75542	0.55885	0.40801	0.31319	0.28085	0.31319	0.40801	0.55885	0.75542	0.98434	1.23000	1.47565	1.70457	1.90114	2.05198	2.14680	
2.19487	2.16165	2.06426	1.90934	1.70743	1.47231	1.22000	0.96768	0.73256	0.53066	0.37573	0.27834	0.24513	0.27834	0.37573	0.53066	0.73256	0.96768	1.22000	1.47231	1.70743	1.90934	2.06426	2.16165	
2.19998	2.16625	2.06735	1.91002	1.70499	1.46622	1.21000	0.95377	0.71500	0.50997	0.35264	0.25374	0.22001	0.25374	0.35264	0.50997	0.71500	0.95377	1.21000	1.46622	1.70499	1.91002	2.06735	2.16625	
2.19497	2.16107	2.06167	1.90355	1.69748	1.45752	1.20000	0.94248	0.70251	0.49644	0.33832	0.23893	0.20502	0.23893	0.33832	0.49644	0.70251	0.94248	1.20000	1.45752	1.69748	1.90355	2.06167	2.16107	
2.17998	2.14625	2.04735	1.89002	1.68499	1.44623	1.19000	0.93377	0.69500	0.48997	0.33264	0.23374	0.20001	0.23374	0.33264	0.48997	0.69500	0.93377	1.19000	1.44623	1.68499	1.89002	2.04735	2.14625	
2.15487	2.12165	2.02426	1.86934	1.66743	1.43231	1.18000	0.92768	0.69256	0.49066	0.33573	0.23834	0.20513	0.23834	0.33573	0.49066	0.69256	0.92768	1.18000	1.43231	1.66743	1.86934	2.02426	2.12165	
2.11914	2.08680	1.99198	1.84114	1.64457	1.41565	1.17000	0.92434	0.69543	0.49885	0.34801	0.25319	0.22085	0.25319	0.34801	0.49885	0.69543	0.92434	1.17000	1.41565	1.64457	1.84114	1.99198	2.08680	
2.07191	2.04083	1.94973	1.80482	1.61595	1.39602	1.16000	0.92398	0.70404	0.51518	0.37026	0.27916	0.24809	0.27916	0.37026	0.51518	0.70404	0.92398	1.16000	1.39602	1.61595	1.80482	1.94973	2.04083	
2.01167	1.98231	1.89623	1.75929	1.58083	1.37302	1.15000	0.92698	0.71916	0.54070	0.40377	0.31769	0.28832	0.31769	0.40377	0.54070	0.71916	0.92698	1.15000	1.37302	1.58083	1.75929	1.89623	1.98231	
1.93598	1.90886	1.82934	1.70284	1.53799	1.34601	1.14000	0.93398	0.74201	0.57716	0.45066	0.37114	0.34402	0.37114	0.45066	0.57716	0.74201	0.93398	1.14000	1.34601	1.53799	1.70284	1.82934	1.90886	
1.84055	1.81634	1.74536	1.63244	1.48528	1.31390	1.13000	0.94609	0.77472	0.62756	0.51464	0.44366	0.41944	0.44366	0.51464	0.62756	0.77472	0.94609	1.13000	1.31390	1.48528	1.63244	1.74536	1.81634	
1.71698	1.69664	1.63700	1.54213	1.41849	1.27451	1.12000	0.96549	0.82151	0.69787	0.60299	0.54336	0.52301	0.54336	0.60299	0.69787	0.82151	0.96549	1.12000	1.27451	1.41849	1.54213	1.63700	1.69664	
1.54370	1.52892	1.48559	1.41667	1.32685	1.22225	1.11000	0.99775	0.89315	0.80333	0.73440	0.69108	0.67630	0.69108	0.73440	0.80333	0.89315	0.99775	1.11000	1.22225	1.32685	1.41667	1.48559	1.52892	
1.10000	1.10000	1.10000	1.10000	1.10000	1.10000	1.10000	1.10000	1.10000	1.10000	1.10000	1.10000	1.10000	1.10000	1.10000	1.10000	1.10000	1.10000	1.10000	1.10000	1.10000	1.10000	1.10000	1.10000	
1.00000	1.00000	1.00000	1.00000	1.00000	1.00000	1.00000	1.00000	1.00000	1.00000	1.00000	1.00000	1.00000	1.00000	1.00000	1.00000	1.00000	1.00000	1.00000	1.00000	1.00000	1.00000	1.00000	1.00000	
1.43588	1.42103	1.37749	1.30822	1.21794	1.11282	1.00000	0.88718	0.78206	0.69178	0.62251	0.57897	0.56412	0.57897	0.62251	0.69178	0.78206	0.88718	1.00000	1.11282	1.21794	1.30822	1.37749	1.42103	
1.59999	1.57955	1.51961	1.42426	1.30000	1.15529	1.00000	0.84471	0.70000	0.57574	0.48039	0.42045	0.40001	0.42045	0.48039	0.57574	0.70000	0.84471	1.00000	1.15529	1.30000	1.42426	1.51961	1.57955	
1.71413	1.68980	1.61846	1.50497	1.35707	1.18483	1.00000	0.81517	0.64293	0.49503	0.38154	0.31020	0.28587	0.31020	0.38154	0.49503	0.64293	0.81517	1.00000	1.18483	1.35707	1.50497	1.61846	1.68980	
1.79999	1.77273	1.69281	1.56568	1.39999	1.20705	1.00000	0.79295	0.60001	0.43432	0.30719	0.22727	0.20001	0.22727	0.30719	0.43432	0.60001	0.79295	1.00000	1.20705	1.39999	1.56568	1.69281	1.77273	
1.86601	1.83651	1.74999	1.61236	1.43301	1.22414	1.00000	0.77586	0.56699	0.38764	0.25001	0.16349	0.13399	0.16349	0.25001	0.38764	0.56699	0.77586	1.00000	1.22414	1.43301	1.61236	1.74999	1.83651	
1.91650	1.88527	1.79372	1.64807	1.45825	1.23721	1.00000	0.76279	0.54175	0.35193	0.20628	0.11473	0.08350	0.11473	0.20628	0.35193	0.54175	0.76279	1.00000	1.23721	1.45825	1.64807	1.79372	1.88527	
1.95393	1.92142	1.82612	1.67453	1.47696	1.24689	1.00000	0.75311	0.52304	0.32547	0.17388	0.07858	0.04607	0.07858	0.17388	0.32547	0.52304	0.75311	1.00000	1.24689	1.47696	1.67453	1.82612	1.92142	
1.97978	1.94640	1.84852	1.69281	1.48989	1.25359	1.00000	0.74641	0.51011	0.30719	0.15148	0.05360	0.02022	0.05360	0.15148	0.30719	0.51011	0.74641	1.00000	1.25359	1.48989	1.69281	1.84852	1.94640	
1.99497	1.96107	1.86167	1.70355	1.49749	1.25752	1.00000	0.74248	0.50251	0.29645	0.13833	0.03893	0.00503	0.03893	0.13833	0.29645	0.50251	0.74248	1.00000	1.25752	1.49749	1.70355	1.86167	1.96107	
1.99999	1.96591	1.86601	1.70710	1.49999	1.25882	1.00000	0.74118	0.50001	0.29290	0.13399	0.03409	0.00001	0.03409	0.13399	0.29290	0.50001	0.74118	1.00000	1.25882	1.49999	1.70710	1.86601	1.96591	
1.99497	1.96107	1.86167	1.70355	1.49749	1.25752	1.00000	0.74248	0.50251	0.29645	0.13833	0.03893	0.00503	0.03893	0.13833	0.29645	0.50251	0.74248	1.00000	1.25752	1.49749	1.70355	1.86167	1.96107	
1.97978	1.94640	1.84852	1.69281	1.48989	1.25359	1.00000	0.74641	0.51011	0.30719	0.15148	0.05360	0.02022	0.05360	0.15148	0.30719	0.51011	0.74641	1.00000	1.25359	1.48989	1.69281	1.84852	1.94640	
1.95393	1.92142	1.82612	1.67453	1.47696	1.24689	1.00000	0.75311	0.52304	0.32547	0.17388	0.07858	0.04607	0.07858	0.17388	0.32547	0.52304	0.75311	1.00000	1.24689	1.47696	1.67453	1.82612	1.92142	
1.91650	1.88527	1.79372	1.64807	1.45825	1.23721	1.00000	0.76279	0.54175	0.35193	0.20628	0.11473	0.08350	0.11473	0.20628	0.35193	0.54175	0.76279	1.00000	1.23721	1.45825	1.64807	1.79372	1.88527	
1.86601	1.83651	1.74999	1.61236	1.43301	1.22414	1.00000	0.77586	0.56699	0.38764	0.25001	0.16349	0.13399	0.16349	0.25001	0.38764	0.56699	0.77586	1.00000	1.22414	1.43301	1.61236	1.74999	1.83651	
1.79999	1.77273	1.69281	1.56568	1.39999	1.20705	1.00000	0.79295	0.60001	0.43432	0.30719	0.22727	0.20001	0.22727	0.30719	0.43432	0.60001	0.79295	1.00000	1.20705	1.39999	1.56568	1.69281	1.77273	
1.71413	1.68980	1.61846	1.50497	1.35707	1.18483	1.00000	0.81517	0.64293	0.49503	0.38154	0.31020	0.28587	0.31020	0.38154	0.49503	0.64293	0.81517	1.00000	1.18483	1.35707	1.50497	1.61846	1.68980	
1.59999	1.57955	1.51961	1.42426	1.30000	1.15529	1.00000	0.84471	0.70000	0.57574	0.48039	0.42045	0.40001	0.42045	0.48039	0.57574	0.70000	0.84471	1.00000	1.15529	1.30000	1.42426	1.51961	1.57955	
1.43588	1.42103	1.37749	1.30822	1.21794	1.11282	1.00000	0.88718	0.78206	0.69178	0.62251	0.57897	0.56412	0.57897	0.62251	0.69178	0.78206	0.88718	1.00000	1.11282	1.21794	1.30822	1.37749	1.42103	
1.00000	1.00000	1.00000	1.00000	1.00000	1.00000	1.00000	1.00000	1.00000	1.00000	1.00000	1.00000	1.00000	1.00000	1.00000	1.00000	1.00000	1.00000	1.00000	1.00000	1.00000	1.00000	1.00000	1.00000	
0.70000	0.70000	0.70000	0.70000	0.70000	0.70000	0.70000	0.70000	0.70000	0.70000	0.70000	0.70000	0.70000	0.70000	0.70000	0.70000	0.70000	0.70000	0.70000	0.70000	0.70000	0.70000	0.70000	0.70000	
1.14370	1.12893	1.08560	1.01668	0.92685	0.82225	0.71000	0.59775	0.49315	0.40333	0.33441	0.29108	0.27630	0.29108	0.33441	0.40333	0.49315	0.59775	0.71000	0.82225	0.92685	1.01668	1.08560	1.12893	
1.31699	1.29665	1.23701	1.14214	1.01850	0.87451	0.72000	0.56549	0.42151	0.29787	0.20300	0.14336	0.12302	0.14336	0.20300	0.29787	0.42151	0.56549	0.72000	0.87451	1.01850	1.14214	1.23701	1.29665	
1.44056	1.41635	1.34536	1.23244	1.08528	0.91391	0.73000	0.54610	0.37473	0.22757	0.11465	0.04366	0.01945	0.04366	0.11465	0.22757	0.37473	0.54610	0.73000	0.91391	1.08528	1.23244	1.34536	1.41635	
1.53598	1.50886	1.42934	1.30285	1.13799	0.94602	0.74000	0.53399	0.34201	0.17716	0.05066	-0.02885	-0.05598	-0.02885	0.05066	0.17716	0.34201	0.53399	0.74000	0.94602	1.13799	1.30285	1.42934	1.50886	
1.61168	1.58232	1.49623	1.35930	1.18084	0.97302	0.75000	0.52699	0.31917	0.14071	0.00377	-0.08231	-0.11167	-0.08231	0.00377	0.14071	0.31917	0.52699	0.75000	0.97302	1.18084	1.35930	1.49623	1.58232	
1.67191	1.64084	1.54974	1.40482	1.21596	0.99602	0.76000	0.52398	0.30405	0.11519	-0.02973	-0.12083	-0.15191	-0.12083	-0.02973	0.11519	0.30405	0.52398	0.76000	0.99602	1.21596	1.40482	1.54974	1.64084	
1.71915	1.68681	1.59199	1.44115	1.24458	1.01566	0.77000	0.52435	0.29543	0.09886	-0.05198	-0.14680	-0.17914	-0.14680	-0.05198	0.09886	0.29543	0.52435	0.77000	1.01566	1.24458	1.44115	1.59199	1.68681	
1.75487	1.72166	1.62427	1.46934	1.26744	1.03232	0.78000	0.52769	0.29257	0.09066	-0.06426	-0.16165	-0.19487	-0.16165	-0.06426	0.09066	0.29257	0.52769	0.78000	1.03232	1.26744	1.46934	1.62427	1.72166	
1.77999	1.74626	1.64736	1.49003	1.28500	1.04623	0.79000	0.53378	0.29501	0.08998	-0.06735	-0.16625	-0.19998	-0.16625	-0.06735	0.08998	0.29501	0.53378	0.79000	1.04623	1.28500	1.49003	1.64736	1.74626	
1.79498	1.76107	1.66168	1.50356	1.29749	1.05752	0.80000	0.54248	0.30252	0.09645	-0.06167	-0.16107	-0.19497	-0.16107	-0.06167	0.09645	0.30252	0.54248	0.80000	1.05752	1.29749	1.50356	1.66168	1.76107	
1.79999	1.76626	1.66736	1.51003	1.30500	1.06623	0.81000	0.55377	0.31501	0.10998	-0.04735	-0.14625	-0.17998	-0.14625	-0.04735	0.10998	0.31501	0.55377	0.81000	1.06623	1.30500	1.51003	1.66736	1.76626	
1.79487	1.76166	1.66427	1.50934	1.30744	1.07232	0.82000	0.56769	0.33257	0.13066	-0.02426	-0.12165	-0.15487	-0.12165	-0.02426	0.13066	0.33257	0.56769	0.82000	1.07232	1.30744	1.50934	1.66427	1.76166	
1.77915	1.74681	1.65199	1.50115	1.30457	1.07566	0.83000	0.58435	0.35543	0.15886	0.00802	-0.08680	-0.11914	-0.08680	0.00802	0.15886	0.35543	0.58435	0.83000	1.07566	1.30457	1.50115	1.65199	1.74681	
1.75191	1.72084	1.62974	1.48482	1.29596	1.07602	0.84000	0.60398	0.38405	0.19518	0.05027	-0.04083	-0.07191	-0.04083	0.05027	0.19518	0.38405	0.60398	0.84000	1.07602	1.29596	1.48482	1.62974	1.72084	
1.71168	1.68231	1.59623	1.45930	1.28084	1.07302	0.85000	0.62698	0.41917	0.24071	0.10377	0.01769	-0.01167	0.01769	0.10377	0.24071	0.41917	0.62698	0.85000	1.07302	1.28084	1.45930	1.59623	1.68231	
1.65598	1.62886	1.54934	1.42284	1.25799	1.06602	0.86000	0.65399	0.46201	0.29716	0.17066	0.09114	0.06402	0.09114	0.17066	0.29716	0.46201	0.65399	0.86000	1.06602	1.25799	1.42284	1.54934	1.62886	
1.58056	1.55634	1.48536	1.37244	1.22528	1.05391	0.87000	0.68610	0.51472	0.36756	0.25464	0.18366	0.15945	0.18366	0.25464	0.36756	0.51472	0.68610	0.87000	1.05391	1.22528	1.37244	1.48536	1.55634	
1.47699	1.45664	1.39701	1.30213	1.17849	1.03451	0.88000	0.72549	0.58151	0.45787	0.36300	0.30336	0.28302	0.30336	0.36300	0.45787	0.58151	0.72549	0.88000	1.03451	1.17849	1.30213	1.39701	1.45664	
1.32370	1.30892	1.26560	1.19667	1.10685	1.00225	0.89000	0.77775	0.67315	0.58333	0.51441	0.47108	0.45630	0.47108	0.51441	0.58333	0.67315	0.77775	0.89000	1.00225	1.10685	1.19667	1.26560	1.30892	
0.90000	0.90000	0.90000	0.90000	0.90000	0.90000	0.90000	0.90000	0.90000	0.90000	0.90000	0.90000	0.90000	0.90000	0.90000	0.90000	0.90000	0.90000	0.90000	0.90000	0.90000	0.90000	0.90000	0.90000	
0.40001	0.40001	0.40001	0.40001	0.40001	0.40001	0.40001	0.40001	0.40001	0.40001	0.40001	0.40001	0.40001	0.40001	0.40001	0.40001	0.40001	0.40001	0.40001	0.40001	0.40001	0.40001	0.40001	0.40001	
0.84709	0.83253	0.78987	0.72200	0.63355	0.53054	0.42001	0.30947	0.20647	0.11802	0.05015	0.00748	-0.00707	0.00748	0.05015	0.11802	0.20647	0.30947	0.42001	0.53054	0.63355	0.72200	0.78987	0.83253	
1.02788	1.00785	0.94912	0.85569	0.73394	0.59216	0.44001	0.28786	0.14607	0.02432	-0.06910	-0.12783	-0.14786	-0.12783	-0.06910	0.02432	0.14607	0.28786	0.44001	0.59216	0.73394	0.85569	0.94912	1.00785	
1.15971	1.13587	1.06597	0.95477	0.80986	0.64110	0.46001	0.27891	0.11015	-0.03476	-0.14596	-0.21586	-0.23970	-0.21586	-0.14596	-0.03476	0.11015	0.27891	0.46001	0.64110	0.80986	0.95477	1.06597	1.13587	
1.26383	1.23713	1.15882	1.03426	0.87192	0.68288	0.48001	0.27714	0.08809	-0.07424	-0.19881	-0.27711	-0.30382	-0.27711	-0.19881	-0.07424	0.08809	0.27714	0.48001	0.68288	0.87192	1.03426	1.15882	1.23713	
1.34852	1.31961	1.23484	1.10000	0.92427	0.71962	0.50001	0.28039	0.07575	-0.09999	-0.23483	-0.31960	-0.34851	-0.31960	-0.23483	-0.09999	0.07575	0.28039	0.50001	0.71962	0.92427	1.10000	1.23484	1.31961	
1.41799	1.38739	1.29768	1.15498	0.96900	0.75242	0.52001	0.28759	0.07101	-0.11497	-0.25767	-0.34738	-0.37798	-0.34738	-0.25767	-0.11497	0.07101	0.28759	0.52001	0.75242	0.96900	1.15498	1.29768	1.38739	
1.47466	1.44281	1.34944	1.20091	1.00733	0.78191	0.54001	0.29810	0.07268	-0.12089	-0.26943	-0.36280	-0.39465	-0.36280	-0.26943	-0.12089	0.07268	0.29810	0.54001	0.78191	1.00733	1.20091	1.34944	1.44281	
1.51999	1.48728	1.39138	1.23882	1.04000	0.80847	0.56001	0.31154	0.08001	-0.11881	-0.27137	-0.36727	-0.39998	-0.36727	-0.27137	-0.11881	0.08001	0.31154	0.56001	0.80847	1.04000	1.23882	1.39138	1.48728	
1.55488	1.52166	1.42427	1.26934	1.06744	0.83232	0.58001	0.32769	0.09257	-0.10933	-0.26426	-0.36165	-0.39487	-0.36165	-0.26426	-0.10933	0.09257	0.32769	0.58001	0.83232	1.06744	1.26934	1.42427	1.52166	
1.57979	1.54640	1.44852	1.29282	1.08990	0.85359	0.60001	0.34642	0.11011	-0.09281	-0.24851	-0.34639	-0.37978	-0.34639	-0.24851	-0.09281	0.11011	0.34642	0.60001	0.85359	1.08990	1.29282	1.44852	1.54640	
1.59488	1.56166	1.46427	1.30934	1.10744	0.87232	0.62000	0.36769	0.13257	-0.06933	-0.22426	-0.32165	-0.35487	-0.32165	-0.22426	-0.06933	0.13257	0.36769	0.62000	0.87232	1.10744	1.30934	1.46427	1.56166	
1.59999	1.56728	1.47138	1.31882	1.12000	0.88847	0.64000	0.39154	0.16001	-0.03881	-0.19137	-0.28727	-0.31998	-0.28727	-0.19137	-0.03881	0.16001	0.39154	0.64000	0.88847	1.12000	1.31882	1.47138	1.56728	
1.59466	1.56281	1.46944	1.32090	1.12733	0.90191	0.66000	0.41810	0.19268	-0.00090	-0.14943	-0.24280	-0.27465	-0.24280	-0.14943	-0.00090	0.19268	0.41810	0.66000	0.90191	1.12733	1.32090	1.46944	1.56281	
1.57799	1.54739	1.45768	1.31498	1.12900	0.91242	0.68000	0.44759	0.23101	0.04503	-0.09767	-0.18738	-0.21798	-0.18738	-0.09767	0.04503	0.23101	0.44759	0.68000	0.91242	1.12900	1.31498	1.45768	1.54739	
1.54852	1.51961	1.43484	1.30000	1.12426	0.91962	0.70000	0.48039	0.27575	0.10001	-0.03483	-0.11960	-0.14851	-0.11960	-0.03483	0.10001	0.27575	0.48039	0.70000	0.91962	1.12426	1.30000	1.43484	1.51961	
1.50383	1.47712	1.39882	1.27425	1.11192	0.92287	0.72000	0.51713	0.32809	0.16575	0.04119	-0.03711	-0.06382	-0.03711	0.04119	0.16575	0.32809	0.51713	0.72000	0.92287	1.11192	1.27425	1.39882	1.47712	
1.43971	1.41587	1.34597	1.23477	1.08986	0.92110	0.74000	0.55891	0.39015	0.24524	0.13404	0.06414	0.04030	0.06414	0.13404	0.24524	0.39015	0.55891	0.74000	0.92110	1.08986	1.23477	1.34597	1.41587	
1.34787	1.32784	1.26911	1.17569	1.05394	0.91216	0.76000	0.60785	0.46607	0.34432	0.25089	0.19216	0.17213	0.19216	0.25089	0.34432	0.46607	0.60785	0.76000	0.91216	1.05394	1.17569	1.26911	1.32784	
1.20708	1.19253	1.14986	1.08199	0.99354	0.89054	0.78000	0.66947	0.56646	0.47801	0.41014	0.36748	0.35293	0.36748	0.41014	0.47801	0.56646	0.66947	0.78000	0.89054	0.99354	1.08199	1.14986	1.19253	
0.80000	0.80000	0.80000	0.80000	0.80000	0.80000	0.80000	0.80000	0.80000	0.80000	0.80000	0.80000	0.80000	0.80000	0.80000	0.80000	0.80000	0.80000	0.80000	0.80000	0.80000	0.80000	0.80000	0.80000	
0.10001	0.10001	0.10001	0.10001	0.10001	0.10001	0.10001	0.10001	0.10001	0.10001	0.10001	0.10001	0.10001	0.10001	0.10001	0.10001	0.10001	0.10001	0.10001	0.10001	0.10001	0.10001	0.10001	0.10001	
0.54582	0.53165	0.49011	0.42403	0.33791	0.23763	0.13001	0.02239	-0.07789	-0.16401	-0.23009	-0.27163	-0.28580	-0.27163	-0.23009	-0.16401	-0.07789	0.02239	0.13001	0.23763	0.33791	0.42403	0.49011	0.53165	
0.73237	0.71286	0.65569	0.56473	0.44619	0.30815	0.16001	0.01187	-0.12617	-0.24471	-0.33566	-0.39284	-0.41235	-0.39284	-0.33566	-0.24471	-0.12617	0.01187	0.16001	0.30815	0.44619	0.56473	0.65569	0.71286	
0.87125	0.84804	0.77998	0.67172	0.53063	0.36633	0.19001	0.01369	-0.15061	-0.29170	-0.39996	-0.46802	-0.49123	-0.46802	-0.39996	-0.29170	-0.15061	0.01369	0.19001	0.36633	0.53063	0.67172	0.77998	0.84804	
0.98315	0.95715	0.88091	0.75963	0.60158	0.41753	0.22001	0.02249	-0.16156	-0.31961	-0.44089	-0.51713	-0.54313	-0.51713	-0.44089	-0.31961	-0.16156	0.02249	0.22001	0.41753	0.60158	0.75963	0.88091	0.95715	
1.07613	1.04799	0.96545	0.83417	0.66307	0.46383	0.25001	0.03619	-0.16305	-0.33415	-0.46544	-0.54797	-0.57612	-0.54797	-0.46544	-0.33415	-0.16305	0.03619	0.25001	0.46383	0.66307	0.83417	0.96545	1.04799	
1.15430	1.12451	1.03717	0.89822	0.71715	0.50629	0.28001	0.05373	-0.15713	-0.33821	-0.47715	-0.56449	-0.59428	-0.56449	-0.47715	-0.33821	-0.15713	0.05373	0.28001	0.50629	0.71715	0.89822	1.03717	1.12451	
1.22000	1.18899	1.09808	0.95347	0.76500	0.54553	0.31001	0.07449	-0.14499	-0.33345	-0.47806	-0.56897	-0.59998	-0.56897	-0.47806	-0.33345	-0.14499	0.07449	0.31001	0.54553	0.76500	0.95347	1.09808	1.18899	
1.27466	1.24281	1.14944	1.00091	0.80734	0.58191	0.34001	0.09810	-0.12732	-0.32089	-0.46943	-0.56280	-0.59464	-0.56280	-0.46943	-0.32089	-0.12732	0.09810	0.34001	0.58191	0.80734	1.00091	1.14944	1.24281	
1.31915	1.28681	1.19199	1.04116	0.84458	0.61567	0.37001	0.12435	-0.10456	-0.30114	-0.45198	-0.54680	-0.57914	-0.54680	-0.45198	-0.30114	-0.10456	0.12435	0.37001	0.61567	0.84458	1.04116	1.19199	1.28681	
1.35393	1.32143	1.22613	1.07454	0.87697	0.64690	0.40001	0.15311	-0.07696	-0.27452	-0.42612	-0.52141	-0.55392	-0.52141	-0.42612	-0.27452	-0.07696	0.15311	0.40001	0.64690	0.87697	1.07454	1.22613	1.32143	
1.37915	1.34681	1.25199	1.10115	0.90458	0.67566	0.43001	0.18435	-0.04457	-0.24114	-0.39198	-0.48680	-0.51914	-0.48680	-0.39198	-0.24114	-0.04457	0.18435	0.43001	0.67566	0.90458	1.10115	1.25199	1.34681	
1.39466	1.36281	1.26944	1.12091	0.92733	0.70191	0.46001	0.21810	-0.00732	-0.20089	-0.34943	-0.44280	-0.47465	-0.44280	-0.34943	-0.20089	-0.00732	0.21810	0.46001	0.70191	0.92733	1.12091	1.26944	1.36281	
1.39999	1.36899	1.27808	1.13347	0.94500	0.72553	0.49001	0.25448	0.03501	-0.15345	-0.29807	-0.38897	-0.41998	-0.38897	-0.29807	-0.15345	0.03501	0.25448	0.49001	0.72553	0.94500	1.13347	1.27808	1.36899	
1.39429	1.36450	1.27716	1.13822	0.95715	0.74629	0.52001	0.29372	0.08286	-0.09821	-0.23715	-0.32449	-0.35428	-0.32449	-0.23715	-0.09821	0.08286	0.29372	0.52001	0.74629	0.95715	1.13822	1.27716	1.36450	
1.37613	1.34798	1.26545	1.13416	0.96307	0.76382	0.55001	0.33619	0.13694	-0.03415	-0.16544	-0.24797	-0.27612	-0.24797	-0.16544	-0.03415	0.13694	0.33619	0.55001	0.76382	0.96307	1.13416	1.26545	1.34798	
1.34315	1.31714	1.24091	1.11963	0.96158	0.77752	0.58001	0.38249	0.19843	0.04038	-0.08089	-0.15713	-0.18314	-0.15713	-0.08089	0.04038	0.19843	0.38249	0.58001	0.77752	0.96158	1.11963	1.24091	1.31714	
1.29125	1.26803	1.19998	1.09171	0.95063	0.78632	0.61001	0.43369	0.26939	0.12830	0.02003	-0.04802	-0.07123	-0.04802	0.02003	0.12830	0.26939	0.43369	0.61001	0.78632	0.95063	1.09171	1.19998	1.26803	
1.21236	1.19286	1.13568	1.04472	0.92618	0.78814	0.64000	0.49187	0.35383	0.23529	0.14433	0.08715	0.06765	0.08715	0.14433	0.23529	0.35383	0.49187	0.64000	0.78814	0.92618	1.04472	1.13568	1.19286	
1.08581	1.07164	1.03010	0.96402	0.87791	0.77762	0.67000	0.56239	0.46210	0.37598	0.30990	0.26837	0.25420	0.26837	0.30990	0.37598	0.46210	0.56239	0.67000	0.77762	0.87791	0.96402	1.03010	1.07164	
0.70000	0.70000	0.70000	0.70000	0.70000	0.70000	0.70000	0.70000	0.70000	0.70000	0.70000	0.70000	0.70000	0.70000	0.70000	0.70000	0.70000	0.70000	0.70000	0.70000	0.70000	0.70000	0.70000	0.70000	
-0.19998	-0.19998	-0.19998	-0.19998	-0.19998	-0.19998	-0.19998	-0.19998	-0.19998	-0.19998	-0.19998	-0.19998	-0.19998	-0.19998	-0.19998	-0.19998	-0.19998	-0.19998	-0.19998	-0.19998	-0.19998	-0.19998	-0.19998	-0.19998	
0.23951	0.22590	0.18599	0.12250	0.03976	-0.05659	-0.15998	-0.26338	-0.35973	-0.44247	-0.50596	-0.54587	-0.55948	-0.54587	-0.50596	-0.44247	-0.35973	-0.26338	-0.15998	-0.05659	0.03976	0.12250	0.18599	0.22590	
0.42992	0.41118	0.35624	0.26885	0.15497	0.02234	-0.11999	-0.26231	-0.39494	-0.50882	-0.59621	-0.65115	-0.66989	-0.65115	-0.59621	-0.50882	-0.39494	-0.26231	-0.11999	0.02234	0.15497	0.26885	0.35624	0.41118	
0.57453	0.55223	0.48684	0.38283	0.24727	0.08941	-0.07999	-0.24939	-0.40724	-0.54280	-0.64681	-0.71220	-0.73450	-0.71220	-0.64681	-0.54280	-0.40724	-0.24939	-0.07999	0.08941	0.24727	0.38283	0.48684	0.55223	
0.69322	0.66823	0.59499	0.47847	0.32661	0.14978	-0.03999	-0.22975	-0.40659	-0.55844	-0.67496	-0.74821	-0.77319	-0.74821	-0.67496	-0.55844	-0.40659	-0.22975	-0.03999	0.14978	0.32661	0.47847	0.59499	0.66823	
0.79373	0.76668	0.68739	0.56125	0.39687	0.20544	0.00001	-0.20542	-0.39684	-0.56123	-0.68736	-0.76666	-0.79370	-0.76666	-0.68736	-0.56123	-0.39684	-0.20542	0.00001	0.20544	0.39687	0.56125	0.68739	0.76668	
0.88000	0.85138	0.76746	0.63397	0.46001	0.25742	0.04001	-0.17739	-0.37998	-0.55395	-0.68744	-0.77135	-0.79998	-0.77135	-0.68744	-0.55395	-0.37998	-0.17739	0.04001	0.25742	0.46001	0.63397	0.76746	0.85138	
0.95430	0.92451	0.83717	0.69823	0.51716	0.30629	0.08001	-0.14627	-0.35713	-0.53820	-0.67714	-0.76449	-0.79428	-0.76449	-0.67714	-0.53820	-0.35713	-0.14627	0.08001	0.30629	0.51716	0.69823	0.83717	0.92451	
1.01800	0.98740	0.89769	0.75498	0.56900	0.35243	0.12001	-0.11240	-0.32898	-0.51496	-0.65767	-0.74738	-0.77797	-0.74738	-0.65767	-0.51496	-0.32898	-0.11240	0.12001	0.35243	0.56900	0.75498	0.89769	0.98740	
1.07192	1.04085	0.94975	0.80483	0.61597	0.39603	0.16001	-0.07601	-0.29594	-0.48481	-0.62973	-0.72083	-0.75190	-0.72083	-0.62973	-0.48481	-0.29594	-0.07601	0.16001	0.39603	0.61597	0.80483	0.94975	1.04085	
1.11651	1.08528	0.99373	0.84808	0.65826	0.43722	0.20001	-0.03720	-0.25824	-0.44806	-0.59370	-0.68526	-0.71649	-0.68526	-0.59370	-0.44806	-0.25824	-0.03720	0.20001	0.43722	0.65826	0.84808	0.99373	1.08528	
1.15192	1.12085	1.02975	0.88483	0.69596	0.47603	0.24001	0.00399	-0.21594	-0.40481	-0.54973	-0.64083	-0.67190	-0.64083	-0.54973	-0.40481	-0.21594	0.00399	0.24001	0.47603	0.69596	0.88483	1.02975	1.12085	
1.17800	1.14740	1.05769	0.91498	0.72900	0.51243	0.28001	0.04759	-0.16898	-0.35496	-0.49767	-0.58738	-0.61798	-0.58738	-0.49767	-0.35496	-0.16898	0.04759	0.28001	0.51243	0.72900	0.91498	1.05769	1.14740	
1.19430	1.16451	1.07716	0.93822	0.75715	0.54629	0.32001	0.09373	-0.11714	-0.29821	-0.43715	-0.52449	-0.55428	-0.52449	-0.43715	-0.29821	-0.11714	0.09373	0.32001	0.54629	0.75715	0.93822	1.07716	1.16451	
1.20000	1.17138	1.08746	0.95397	0.78000	0.57741	0.36001	0.14260	-0.05999	-0.23395	-0.36744	-0.45136	-0.47998	-0.45136	-0.36744	-0.23395	-0.05999	0.14260	0.36001	0.57741	0.78000	0.95397	1.08746	1.17138	
1.19372	1.16668	1.08739	0.96125	0.79687	0.60544	0.40001	0.19458	0.00315	-0.16123	-0.28737	-0.36666	-0.39371	-0.36666	-0.28737	-0.16123	0.00315	0.19458	0.40001	0.60544	0.79687	0.96125	1.08739	1.16668	
1.17321	1.14823	1.07498	0.95846	0.80661	0.62977	0.44001	0.25024	0.07341	-0.07845	-0.19496	-0.26821	-0.29320	-0.26821	-0.19496	-0.07845	0.07341	0.25024	0.44001	0.62977	0.80661	0.95846	1.07498	1.14823	
1.13452	1.11222	1.04683	0.94282	0.80726	0.64941	0.48001	0.31061	0.15275	0.01720	-0.08682	-0.15221	-0.17451	-0.15221	-0.08682	0.01720	0.15275	0.31061	0.48001	0.64941	0.80726	0.94282	1.04683	1.11222	
1.06991	1.05117	0.99624	0.90885	0.79496	0.66233	0.52001	0.37768	0.24506	0.13117	0.04378	-0.01116	-0.02990	-0.01116	0.04378	0.13117	0.24506	0.37768	0.52001	0.66233	0.79496	0.90885	0.99624	1.05117	
0.95950	0.94589	0.90598	0.84249	0.75975	0.66340	0.56001	0.45661	0.36026	0.27752	0.21403	0.17412	0.16051	0.17412	0.21403	0.27752	0.36026	0.45661	0.56001	0.66340	0.75975	0.84249	0.90598	0.94589	
0.60001	0.60001	0.60001	0.60001	0.60001	0.60001	0.60001	0.60001	0.60001	0.60001	0.60001	0.60001	0.60001	0.60001	0.60001	0.60001	0.60001	0.60001	0.60001	0.60001	0.60001	0.60001	0.60001	0.60001	
-0.49998	-0.49998	-0.49998	-0.49998	-0.49998	-0.49998	-0.49998	-0.49998	-0.49998	-0.49998	-0.49998	-0.49998	-0.49998	-0.49998	-0.49998	-0.49998	-0.49998	-0.49998	-0.49998	-0.49998	-0.49998	-0.49998	-0.49998	-0.49998	
-0.07249	-0.08536	-0.12307	-0.18306	-0.26124	-0.35228	-0.44998	-0.54768	-0.63872	-0.71690	-0.77689	-0.81461	-0.82747	-0.81461	-0.77689	-0.71690	-0.63872	-0.54768	-0.44998	-0.35228	-0.26124	-0.18306	-0.12307	-0.08536	
0.11963	0.10192	0.05001	-0.03256	-0.14018	-0.26550	-0.39998	-0.53447	-0.65979	-0.76740	-0.84998	-0.90188	-0.91959	-0.90188	-0.84998	-0.76740	-0.65979	-0.53447	-0.39998	-0.26550	-0.14018	-0.03256	0.05001	0.10192	
0.26848	0.24740	0.18562	0.08733	-0.04075	-0.18991	-0.34998	-0.51005	-0.65921	-0.78730	-0.88558	-0.94737	-0.96844	-0.94737	-0.88558	-0.78730	-0.65921	-0.51005	-0.34998	-0.18991	-0.04075	0.08733	0.18562	0.24740	
0.39283	0.36922	0.30001	0.18991	0.04642	-0.12067	-0.29998	-0.47930	-0.64639	-0.78987	-0.89998	-0.96919	-0.99279	-0.96919	-0.89998	-0.78987	-0.64639	-0.47930	-0.29998	-0.12067	0.04642	0.18991	0.30001	0.36922	
0.50001	0.47445	0.39953	0.28034	0.12501	-0.05587	-0.24998	-0.44410	-0.62498	-0.78031	-0.89949	-0.97442	-0.99997	-0.97442	-0.89949	-0.78031	-0.62498	-0.44410	-0.24998	-0.05587	0.12501	0.28034	0.39953	0.47445	
0.59373	0.56669	0.48739	0.36126	0.19687	0.00544	-0.19998	-0.40541	-0.59684	-0.76123	-0.88736	-0.96665	-0.99370	-0.96665	-0.88736	-0.76123	-0.59684	-0.40541	-0.19998	0.00544	0.19687	0.36126	0.48739	0.56669	
0.67614	0.64799	0.56546	0.43417	0.26308	0.06383	-0.14998	-0.36380	-0.56305	-0.73414	-0.86543	-0.94796	-0.97611	-0.94796	-0.86543	-0.73414	-0.56305	-0.36380	-0.14998	0.06383	0.26308	0.43417	0.56546	0.64799	
0.74853	0.71962	0.63485	0.50001	0.32427	0.11963	-0.09999	-0.31960	-0.52424	-0.69998	-0.83482	-0.91959	-0.94850	-0.91959	-0.83482	-0.69998	-0.52424	-0.31960	-0.09999	0.11963	0.32427	0.50001	0.63485	0.71962	
0.81169	0.78233	0.69624	0.55931	0.38085	0.17303	-0.04999	-0.27300	-0.48082	-0.65928	-0.79622	-0.88230	-0.91166	-0.88230	-0.79622	-0.65928	-0.48082	-0.27300	-0.04999	0.17303	0.38085	0.55931	0.69624	0.78233	
0.86603	0.83652	0.75000	0.61238	0.43302	0.22415	0.00001	-0.22413	-0.43299	-0.61235	-0.74998	-0.83649	-0.86600	-0.83649	-0.74998	-0.61235	-0.43299	-0.22413	0.00001	0.22415	0.43302	0.61238	0.75000	0.83652	
0.91169	0.88232	0.79624	0.65931	0.48085	0.27303	0.05001	-0.17301	-0.38082	-0.55928	-0.69622	-0.78230	-0.81166	-0.78230	-0.69622	-0.55928	-0.38082	-0.17301	0.05001	0.27303	0.48085	0.65931	0.79624	0.88232	
0.94853	0.91962	0.83485	0.70000	0.52427	0.31962	0.10001	-0.11960	-0.32425	-0.49998	-0.63483	-0.71959	-0.74851	-0.71959	-0.63483	-0.49998	-0.32425	-0.11960	0.10001	0.31962	0.52427	0.70000	0.83485	0.91962	
0.97614	0.94799	0.86546	0.73417	0.56307	0.36383	0.15001	-0.06381	-0.26305	-0.43415	-0.56543	-0.64796	-0.67611	-0.64796	-0.56543	-0.43415	-0.26305	-0.06381	0.15001	0.36383	0.56307	0.73417	0.86546	0.94799	
0.99373	0.96668	0.88739	0.76125	0.59687	0.40544	0.20001	-0.00542	-0.19685	-0.36123	-0.48737	-0.56666	-0.59370	-0.56666	-0.48737	-0.36123	-0.19685	-0.00542	0.20001	0.40544	0.59687	0.76125	0.88739	0.96668	
1.00000	0.97444	0.89952	0.78033	0.62500	0.44412	0.25001	0.05590	-0.12499	-0.28031	-0.39950	-0.47443	-0.49998	-0.47443	-0.39950	-0.28031	-0.12499	0.05590	0.25001	0.44412	0.62500	0.78033	0.89952	0.97444	
0.99282	0.96921	0.90000	0.78990	0.64641	0.47932	0.30001	0.12070	-0.04640	-0.18988	-0.29998	-0.36920	-0.39280	-0.36920	-0.29998	-0.18988	-0.04640	0.12070	0.30001	0.47932	0.64641	0.78990	0.90000	0.96921	
0.96847	0.94739	0.88561	0.78732	0.65924	0.51008	0.35001	0.18994	0.04078	-0.08731	-0.18559	-0.24738	-0.26845	-0.24738	-0.18559	-0.08731	0.04078	0.18994	0.35001	0.51008	0.65924	0.78732	0.88561	0.94739	
0.91962	0.90191	0.85000	0.76743	0.65981	0.53449	0.40001	0.26552	0.14020	0.03259	-0.04999	-0.10190	-0.11960	-0.10190	-0.04999	0.03259	0.14020	0.26552	0.40001	0.53449	0.65981	0.76743	0.85000	0.90191	
0.82749	0.81463	0.77692	0.71693	0.63875	0.54771	0.45001	0.35231	0.26126	0.18308	0.12309	0.08538	0.07252	0.08538	0.12309	0.18308	0.26126	0.35231	0.45001	0.54771	0.63875	0.71693	0.77692	0.81463	
0.50001	0.50001	0.50001	0.50001	0.50001	0.50001	0.50001	0.50001	0.50001	0.50001	0.50001	0.50001	0.50001	0.50001	0.50001	0.50001	0.50001	0.50001	0.50001	0.50001	0.50001	0.50001	0.50001	0.50001	
-0.79998	-0.79998	-0.79998	-0.79998	-0.79998	-0.79998	-0.79998	-0.79998	-0.79998	-0.79998	-0.79998	-0.79998	-0.79998	-0.79998	-0.79998	-0.79998	-0.79998	-0.79998	-0.79998	-0.79998	-0.79998	-0.79998	-0.79998	-0.79998	
-0.39127	-0.40315	-0.43799	-0.49340	-0.56562	-0.64973	-0.73998	-0.83023	-0.91433	-0.98655	-1.04197	-1.07680	-1.08868	-1.07680	-1.04197	-0.98655	-0.91433	-0.83023	-0.73998	-0.64973	-0.56562	-0.49340	-0.43799	-0.40315	
-0.19998	-0.21634	-0.26429	-0.34057	-0.43998	-0.55575	-0.67998	-0.80421	-0.91997	-1.01938	-1.09566	-1.14362	-1.15997	-1.14362	-1.09566	-1.01938	-0.91997	-0.80421	-0.67998	-0.55575	-0.43998	-0.34057	-0.26429	-0.21634	
-0.04867	-0.06814	-0.12521	-0.21600	-0.33433	-0.47211	-0.61998	-0.76784	-0.90563	-1.02395	-1.11475	-1.17182	-1.19129	-1.17182	-1.11475	-1.02395	-0.90563	-0.76784	-0.61998	-0.47211	-0.33433	-0.21600	-0.12521	-0.06814	
0.08001	0.05820	-0.00573	-0.10744	-0.23998	-0.39434	-0.55998	-0.72562	-0.87998	-1.01252	-1.11423	-1.17816	-1.19997	-1.17816	-1.11423	-1.01252	-0.87998	-0.72562	-0.55998	-0.39434	-0.23998	-0.10744	-0.00573	0.05820	
0.19283	0.16922	0.10001	-0.01009	-0.15357	-0.32067	-0.49998	-0.67929	-0.84639	-0.98987	-1.09997	-1.16918	-1.19279	-1.16918	-1.09997	-0.98987	-0.84639	-0.67929	-0.49998	-0.32067	-0.15357	-0.01009	0.10001	0.16922	
0.29322	0.26824	0.19499	0.07847	-0.07338	-0.25021	-0.43998	-0.62975	-0.80658	-0.95843	-1.07495	-1.14820	-1.17318	-1.14820	-1.07495	-0.95843	-0.80658	-0.62975	-0.43998	-0.25021	-0.07338	0.07847	0.19499	0.26824	
0.38316	0.35716	0.28092	0.15964	0.00159	-0.18247	-0.37998	-0.57750	-0.76155	-0.91960	-1.04088	-1.11712	-1.14312	-1.11712	-1.04088	-0.91960	-0.76155	-0.57750	-0.37998	-0.18247	0.00159	0.15964	0.28092	0.35716	
0.46384	0.43714	0.35883	0.23427	0.07193	-0.11711	-0.31998	-0.52285	-0.71190	-0.87423	-0.99880	-1.07710	-1.10381	-1.07710	-0.99880	-0.87423	-0.71190	-0.52285	-0.31998	-0.11711	0.07193	0.23427	0.35883	0.43714	
0.53600	0.50887	0.42935	0.30286	0.13801	-0.05397	-0.25998	-0.46600	-0.65797	-0.82283	-0.94932	-1.02884	-1.05596	-1.02884	-0.94932	-0.82283	-0.65797	-0.46600	-0.25998	-0.05397	0.13801	0.30286	0.42935	0.50887	
0.60001	0.57275	0.49283	0.36569	0.20001	0.00707	-0.19998	-0.40704	-0.59998	-0.76566	-0.89280	-0.97271	-0.99997	-0.97271	-0.89280	-0.76566	-0.59998	-0.40704	-0.19998	0.00707	0.20001	0.36569	0.49283	0.57275	
0.65599	0.62887	0.54935	0.42286	0.25800	0.06603	-0.13999	-0.34600	-0.53797	-0.70283	-0.82932	-0.90884	-0.93596	-0.90884	-0.82932	-0.70283	-0.53797	-0.34600	-0.13999	0.06603	0.25800	0.42286	0.54935	0.62887	
0.70384	0.67713	0.59883	0.47426	0.31193	0.12288	-0.07999	-0.28286	-0.47190	-0.63423	-0.75880	-0.83710	-0.86381	-0.83710	-0.75880	-0.63423	-0.47190	-0.28286	-0.07999	0.12288	0.31193	0.47426	0.59883	0.67713	
0.74315	0.71715	0.64091	0.51964	0.36158	0.17753	-0.01999	-0.21750	-0.40156	-0.55961	-0.68089	-0.75712	-0.78313	-0.75712	-0.68089	-0.55961	-0.40156	-0.21750	-0.01999	0.17753	0.36158	0.51964	0.64091	0.71715	
0.77322	0.74823	0.67498	0.55847	0.40661	0.22978	0.04001	-0.14975	-0.32659	-0.47844	-0.59496	-0.66821	-0.69319	-0.66821	-0.59496	-0.47844	-0.32659	-0.14975	0.04001	0.22978	0.40661	0.55847	0.67498	0.74823	
0.79282	0.76922	0.70000	0.58990	0.44642	0.27932	0.10001	-0.07930	-0.24639	-0.38988	-0.49998	-0.56919	-0.59280	-0.56919	-0.49998	-0.38988	-0.24639	-0.07930	0.10001	0.27932	0.44642	0.58990	0.70000	0.76922	
0.80000	0.77820	0.71426	0.61255	0.48001	0.32565	0.16001	-0.00563	-0.15998	-0.29253	-0.39424	-0.45817	-0.47998	-0.45817	-0.39424	-0.29253	-0.15998	-0.00563	0.16001	0.32565	0.48001	0.61255	0.71426	0.77820	
0.79132	0.77185	0.71478	0.62399	0.50566	0.36788	0.22001	0.07215	-0.06564	-0.18396	-0.27476	-0.33183	-0.35130	-0.33183	-0.27476	-0.18396	-0.06564	0.07215	0.22001	0.36788	0.50566	0.62399	0.71478	0.77185	
0.76000	0.74365	0.69570	0.61942	0.52001	0.40424	0.28001	0.15578	0.04001	-0.05940	-0.13568	-0.18363	-0.19998	-0.18363	-0.13568	-0.05940	0.04001	0.15578	0.28001	0.40424	0.52001	0.61942	0.69570	0.74365	
0.68872	0.67683	0.64200	0.58658	0.51436	0.43026	0.34001	0.24976	0.16565	0.09344	0.03802	0.00318	-0.00870	0.00318	0.03802	0.09344	0.16565	0.24976	0.34001	0.43026	0.51436	0.58658	0.64200	0.67683	
0.40001	0.40001	0.40001	0.40001	0.40001	0.40001	0.40001	0.40001	0.40001	0.40001	0.40001	0.40001	0.40001	0.40001	0.40001	0.40001	0.40001	0.40001	0.40001	0.40001	0.40001	0.40001	0.40001	0.40001	
-1.09997	-1.09997	-1.09997	-1.09997	-1.09997	-1.09997	-1.09997	-1.09997	-1.09997	-1.09997	-1.09997	-1.09997	-1.09997	-1.09997	-1.09997	-1.09997	-1.09997	-1.09997	-1.09997	-1.09997	-1.09997	-1.09997	-1.09997	-1.09997	
-0.71869	-0.72930	-0.76039	-0.80986	-0.87433	-0.94941	-1.02997	-1.11054	-1.18562	-1.25008	-1.29955	-1.33065	-1.34126	-1.33065	-1.29955	-1.25008	-1.18562	-1.11054	-1.02997	-0.94941	-0.87433	-0.80986	-0.76039	-0.72930	
-0.53149	-0.54609	-0.58890	-0.65699	-0.74573	-0.84908	-0.95997	-1.07087	-1.17421	-1.26296	-1.33105	-1.37385	-1.38845	-1.37385	-1.33105	-1.26296	-1.17421	-1.07087	-0.95997	-0.84908	-0.74573	-0.65699	-0.58890	-0.54609	
-0.37998	-0.39736	-0.44831	-0.52936	-0.63498	-0.75798	-0.88998	-1.02197	-1.14497	-1.25060	-1.33164	-1.38259	-1.39997	-1.38259	-1.33164	-1.25060	-1.14497	-1.02197	-0.88998	-0.75798	-0.63498	-0.52936	-0.44831	-0.39736	
-0.24867	-0.26814	-0.32521	-0.41600	-0.53432	-0.67211	-0.81998	-0.96784	-1.10563	-1.22395	-1.31474	-1.37182	-1.39128	-1.37182	-1.31474	-1.22395	-1.10563	-0.96784	-0.81998	-0.67211	-0.53432	-0.41600	-0.32521	-0.26814	
-0.13152	-0.15259	-0.21438	-0.31266	-0.44075	-0.58991	-0.74998	-0.91005	-1.05921	-1.18729	-1.28558	-1.34736	-1.36843	-1.34736	-1.28558	-1.18729	-1.05921	-0.91005	-0.74998	-0.58991	-0.44075	-0.31266	-0.21438	-0.15259	
-0.02546	-0.04777	-0.11315	-0.21717	-0.35272	-0.51058	-0.67998	-0.84938	-1.00724	-1.14279	-1.24680	-1.31219	-1.33449	-1.31219	-1.24680	-1.14279	-1.00724	-0.84938	-0.67998	-0.51058	-0.35272	-0.21717	-0.11315	-0.04777	
0.07126	0.04805	-0.02001	-0.12827	-0.26936	-0.43366	-0.60998	-0.78630	-0.95060	-1.09169	-1.19995	-1.26801	-1.29122	-1.26801	-1.19995	-1.09169	-0.95060	-0.78630	-0.60998	-0.43366	-0.26936	-0.12827	-0.02001	0.04805	
0.15973	0.13588	0.06598	-0.04521	-0.19013	-0.35888	-0.53998	-0.72108	-0.88983	-1.03475	-1.14594	-1.21584	-1.23968	-1.21584	-1.14594	-1.03475	-0.88983	-0.72108	-0.53998	-0.35888	-0.19013	-0.04521	0.06598	0.13588	
0.24057	0.21636	0.14538	0.03246	-0.11470	-0.28608	-0.46998	-0.65389	-0.82526	-0.97242	-1.08534	-1.15632	-1.18053	-1.15632	-1.08534	-0.97242	-0.82526	-0.65389	-0.46998	-0.28608	-0.11470	0.03246	0.14538	0.21636	
0.31415	0.28982	0.21848	0.10499	-0.04291	-0.21515	-0.39998	-0.58481	-0.75705	-0.90495	-1.01844	-1.08978	-1.11412	-1.08978	-1.01844	-0.90495	-0.75705	-0.58481	-0.39998	-0.21515	-0.04291	0.10499	0.21848	0.28982	
0.38057	0.35636	0.28538	0.17245	0.02529	-0.14608	-0.32998	-0.51389	-0.68526	-0.83242	-0.94534	-1.01632	-1.04054	-1.01632	-0.94534	-0.83242	-0.68526	-0.51389	-0.32998	-0.14608	0.02529	0.17245	0.28538	0.35636	
0.43972	0.41588	0.34598	0.23478	0.08987	-0.07889	-0.25998	-0.44108	-0.60984	-0.75475	-0.86595	-0.93585	-0.95969	-0.93585	-0.86595	-0.75475	-0.60984	-0.44108	-0.25998	-0.07889	0.08987	0.23478	0.34598	0.41588	
0.49126	0.46804	0.39999	0.29172	0.15064	-0.01367	-0.18998	-0.36630	-0.53060	-0.67169	-0.77996	-0.84801	-0.87122	-0.84801	-0.77996	-0.67169	-0.53060	-0.36630	-0.18998	-0.01367	0.15064	0.29172	0.39999	0.46804	
0.53453	0.51223	0.44684	0.34283	0.20727	0.04942	-0.11999	-0.28939	-0.44724	-0.58280	-0.68681	-0.75220	-0.77450	-0.75220	-0.68681	-0.58280	-0.44724	-0.28939	-0.11999	0.04942	0.20727	0.34283	0.44684	0.51223	
0.56847	0.54740	0.48561	0.38733	0.25924	0.11008	-0.04999	-0.21005	-0.35922	-0.48730	-0.58559	-0.64737	-0.66844	-0.64737	-0.58559	-0.48730	-0.35922	-0.21005	-0.04999	0.11008	0.25924	0.38733	0.48561	0.54740	
0.59132	0.57185	0.51478	0.42399	0.30567	0.16788	0.02001	-0.12785	-0.26564	-0.38396	-0.47475	-0.53183	-0.55129	-0.53183	-0.47475	-0.38396	-0.26564	-0.12785	0.02001	0.16788	0.30567	0.42399	0.51478	0.57185	
0.60001	0.58263	0.53168	0.45063	0.34501	0.22201	0.09001	-0.04198	-0.16498	-0.27061	-0.35166	-0.40260	-0.41998	-0.40260	-0.35166	-0.27061	-0.16498	-0.04198	0.09001	0.22201	0.34501	0.45063	0.53168	0.58263	
0.58849	0.57389	0.53109	0.46299	0.37425	0.27091	0.16001	0.04911	-0.05423	-0.14297	-0.21106	-0.25387	-0.26847	-0.25387	-0.21106	-0.14297	-0.05423	0.04911	0.16001	0.27091	0.37425	0.46299	0.53109	0.57389	
0.54129	0.53069	0.49959	0.45012	0.38565	0.31058	0.23001	0.14944	0.07437	0.00990	-0.03957	-0.07067	-0.08127	-0.07067	-0.03957	0.00990	0.07437	0.14944	0.23001	0.31058	0.38565	0.45012	0.49959	0.53069	
0.30001	0.30001	0.30001	0.30001	0.30001	0.30001	0.30001	0.30001	0.30001	0.30001	0.30001	0.30001	0.30001	0.30001	0.30001	0.30001	0.30001	0.30001	0.30001	0.30001	0.30001	0.30001	0.30001	0.30001	
-1.39997	-1.39997	-1.39997	-1.39997	-1.39997	-1.39997	-1.39997	-1.39997	-1.39997	-1.39997	-1.39997	-1.39997	-1.39997	-1.39997	-1.39997	-1.39997	-1.39997	-1.39997	-1.39997	-1.39997	-1.39997	-1.39997	-1.39997	-1.39997	
-1.05844	-1.06735	-1.09348	-1.13504	-1.18920	-1.25228	-1.31997	-1.38766	-1.45073	-1.50490	-1.54646	-1.57259	-1.58150	-1.57259	-1.54646	-1.50490	-1.45073	-1.38766	-1.31997	-1.25228	-1.18920	-1.13504	-1.09348	-1.06735	
-0.87998	-0.89224	-0.92821	-0.98542	-1.05997	-1.14680	-1.23997	-1.33314	-1.41997	-1.49453	-1.55174	-1.58770	-1.59997	-1.58770	-1.55174	-1.49453	-1.41997	-1.33314	-1.23997	-1.14680	-1.05997	-0.98542	-0.92821	-0.89224	
-0.73149	-0.74609	-0.78890	-0.85699	-0.94573	-1.04907	-1.15997	-1.27087	-1.37421	-1.46295	-1.53105	-1.57385	-1.58845	-1.57385	-1.53105	-1.46295	-1.37421	-1.27087	-1.15997	-1.04907	-0.94573	-0.85699	-0.78890	-0.74609	
-0.59998	-0.61633	-0.66429	-0.74057	-0.83998	-0.95574	-1.07997	-1.20420	-1.31997	-1.41938	-1.49566	-1.54361	-1.55997	-1.54361	-1.49566	-1.41938	-1.31997	-1.20420	-1.07997	-0.95574	-0.83998	-0.74057	-0.66429	-0.61633	
-0.48037	-0.49807	-0.54998	-0.63256	-0.74017	-0.86549	-0.99997	-1.13446	-1.25978	-1.36739	-1.44997	-1.50188	-1.51958	-1.50188	-1.44997	-1.36739	-1.25978	-1.13446	-0.99997	-0.86549	-0.74017	-0.63256	-0.54998	-0.49807	
-0.37007	-0.38881	-0.44375	-0.53114	-0.64502	-0.77765	-0.91997	-1.06230	-1.19493	-1.30881	-1.39620	-1.45114	-1.46988	-1.45114	-1.39620	-1.30881	-1.19493	-1.06230	-0.91997	-0.77765	-0.64502	-0.53114	-0.44375	-0.38881	
-0.26762	-0.28712	-0.34430	-0.43526	-0.55380	-0.69184	-0.83998	-0.98811	-1.12615	-1.24469	-1.33565	-1.39283	-1.41233	-1.39283	-1.33565	-1.24469	-1.12615	-0.98811	-0.83998	-0.69184	-0.55380	-0.43526	-0.34430	-0.28712	
-0.17211	-0.19214	-0.25087	-0.34429	-0.46604	-0.60783	-0.75998	-0.91213	-1.05391	-1.17566	-1.26909	-1.32782	-1.34785	-1.32782	-1.26909	-1.17566	-1.05391	-0.91213	-0.75998	-0.60783	-0.46604	-0.34429	-0.25087	-0.19214	
-0.08299	-0.10334	-0.16297	-0.25785	-0.38149	-0.52547	-0.67998	-0.83449	-0.97847	-1.10211	-1.19698	-1.25662	-1.27696	-1.25662	-1.19698	-1.10211	-0.97847	-0.83449	-0.67998	-0.52547	-0.38149	-0.25785	-0.16297	-0.10334	
0.00001	-0.02043	-0.08037	-0.17572	-0.29998	-0.44469	-0.59998	-0.75527	-0.89998	-1.02424	-1.11959	-1.17953	-1.19997	-1.17953	-1.11959	-1.02424	-0.89998	-0.75527	-0.59998	-0.44469	-0.29998	-0.17572	-0.08037	-0.02043	
0.07700	0.05666	-0.00298	-0.09785	-0.22149	-0.36547	-0.51998	-0.67449	-0.81847	-0.94211	-1.03698	-1.09662	-1.11696	-1.09662	-1.03698	-0.94211	-0.81847	-0.67449	-0.51998	-0.36547	-0.22149	-0.09785	-0.00298	0.05666	
0.14789	0.12786	0.06913	-0.02429	-0.14605	-0.28783	-0.43998	-0.59213	-0.73392	-0.85567	-0.94909	-1.00782	-1.02785	-1.00782	-0.94909	-0.85567	-0.73392	-0.59213	-0.43998	-0.28783	-0.14605	-0.02429	0.06913	0.12786	
0.21237	0.19287	0.13569	0.04473	-0.07380	-0.21185	-0.35998	-0.50812	-0.64616	-0.76470	-0.85566	-0.91284	-0.93234	-0.91284	-0.85566	-0.76470	-0.64616	-0.50812	-0.35998	-0.21185	-0.07380	0.04473	0.13569	0.19287	
0.26992	0.25118	0.19625	0.10886	-0.00503	-0.13766	-0.27998	-0.42231	-0.55493	-0.66882	-0.75621	-0.81115	-0.82989	-0.81115	-0.75621	-0.66882	-0.55493	-0.42231	-0.27998	-0.13766	-0.00503	0.10886	0.19625	0.25118	
0.31962	0.30192	0.25001	0.16743	0.05982	-0.06550	-0.19998	-0.33447	-0.45979	-0.56740	-0.64998	-0.70189	-0.71959	-0.70189	-0.64998	-0.56740	-0.45979	-0.33447	-0.19998	-0.06550	0.05982	0.16743	0.25001	0.30192	
0.36001	0.34365	0.29570	0.21942	0.12001	0.00425	-0.11999	-0.24422	-0.35998	-0.45939	-0.53567	-0.58362	-0.59998	-0.58362	-0.53567	-0.45939	-0.35998	-0.24422	-0.11999	0.00425	0.12001	0.21942	0.29570	0.34365	
0.38849	0.37389	0.33109	0.26299	0.17425	0.07091	-0.03999	-0.15089	-0.25423	-0.34297	-0.41106	-0.45387	-0.46847	-0.45387	-0.41106	-0.34297	-0.25423	-0.15089	-0.03999	0.07091	0.17425	0.26299	0.33109	0.37389	
0.40001	0.38774	0.35178	0.29457	0.22001	0.13319	0.04001	-0.05316	-0.13999	-0.21454	-0.27175	-0.30772	-0.31998	-0.30772	-0.27175	-0.21454	-0.13999	-0.05316	0.04001	0.13319	0.22001	0.29457	0.35178	0.38774	
0.38154	0.37263	0.34650	0.30494	0.25078	0.18770	0.12001	0.05232	-0.01075	-0.06492	-0.10648	-0.13261	-0.14152	-0.13261	-0.10648	-0.06492	-0.01075	0.05232	0.12001	0.18770	0.25078	0.30494	0.34650	0.37263	
0.20001	0.20001	0.20001	0.20001	0.20001	0.20001	0.20001	0.20001	0.20001	0.20001	0.20001	0.20001	0.20001	0.20001	0.20001	0.20001	0.20001	0.20001	0.20001	0.20001	0.20001	0.20001	0.20001	0.20001	
-1.69996	-1.69996	-1.69996	-1.69996	-1.69996	-1.69996	-1.69996	-1.69996	-1.69996	-1.69996	-1.69996	-1.69996	-1.69996	-1.69996	-1.69996	-1.69996	-1.69996	-1.69996	-1.69996	-1.69996	-1.69996	-1.69996	-1.69996	-1.69996	
-1.41997	-1.42644	-1.44542	-1.47562	-1.51497	-1.56079	-1.60997	-1.65914	-1.70496	-1.74431	-1.77451	-1.79349	-1.79996	-1.79349	-1.77451	-1.74431	-1.70496	-1.65914	-1.60997	-1.56079	-1.51497	-1.47562	-1.44542	-1.42644	
-1.25844	-1.26735	-1.29348	-1.33504	-1.38920	-1.45228	-1.51997	-1.58766	-1.65073	-1.70490	-1.74646	-1.77259	-1.78150	-1.77259	-1.74646	-1.70490	-1.65073	-1.58766	-1.51997	-1.45228	-1.38920	-1.33504	-1.29348	-1.26735	
-1.11868	-1.12929	-1.16039	-1.20986	-1.27433	-1.34940	-1.42997	-1.51053	-1.58561	-1.65008	-1.69955	-1.73065	-1.74125	-1.73065	-1.69955	-1.65008	-1.58561	-1.51053	-1.42997	-1.34940	-1.27433	-1.20986	-1.16039	-1.12929	
-0.99126	-1.00314	-1.03798	-1.09340	-1.16562	-1.24972	-1.33997	-1.43022	-1.51432	-1.58654	-1.64196	-1.67679	-1.68868	-1.67679	-1.64196	-1.58654	-1.51432	-1.43022	-1.33997	-1.24972	-1.16562	-1.09340	-1.03798	-1.00314	
-0.87248	-0.88535	-0.92306	-0.98305	-1.06123	-1.15227	-1.24997	-1.34767	-1.43871	-1.51689	-1.57688	-1.61459	-1.62746	-1.61459	-1.57688	-1.51689	-1.43871	-1.34767	-1.24997	-1.15227	-1.06123	-0.98305	-0.92306	-0.88535	
-0.76048	-0.77409	-0.81400	-0.87749	-0.96022	-1.05658	-1.15997	-1.26337	-1.35972	-1.44246	-1.50594	-1.54585	-1.55947	-1.54585	-1.50594	-1.44246	-1.35972	-1.26337	-1.15997	-1.05658	-0.96022	-0.87749	-0.81400	-0.77409	
-0.65417	-0.66833	-0.70987	-0.77595	-0.86207	-0.96235	-1.06997	-1.17759	-1.27788	-1.36399	-1.43007	-1.47161	-1.48578	-1.47161	-1.43007	-1.36399	-1.27788	-1.17759	-1.06997	-0.96235	-0.86207	-0.77595	-0.70987	-0.66833	
-0.55290	-0.56745	-0.61011	-0.67798	-0.76644	-0.86944	-0.97997	-1.09051	-1.19351	-1.28196	-1.34983	-1.39250	-1.40705	-1.39250	-1.34983	-1.28196	-1.19351	-1.09051	-0.97997	-0.86944	-0.76644	-0.67798	-0.61011	-0.56745	
-0.45628	-0.47105	-0.51438	-0.58330	-0.67313	-0.77773	-0.88998	-1.00222	-1.10682	-1.19665	-1.26557	-1.30890	-1.32367	-1.30890	-1.26557	-1.19665	-1.10682	-1.00222	-0.88998	-0.77773	-0.67313	-0.58330	-0.51438	-0.47105	
-0.36409	-0.37894	-0.42249	-0.49176	-0.58203	-0.68716	-0.79998	-0.91279	-1.01792	-1.10819	-1.17746	-1.22101	-1.23586	-1.22101	-1.17746	-1.10819	-1.01792	-0.91279	-0.79998	-0.68716	-0.58203	-0.49176	-0.42249	-0.37894	
-0.27628	-0.29106	-0.33438	-0.40331	-0.49313	-0.59773	-0.70998	-0.82223	-0.92683	-1.01665	-1.08557	-1.12890	-1.14368	-1.12890	-1.08557	-1.01665	-0.92683	-0.82223	-0.70998	-0.59773	-0.49313	-0.40331	-0.33438	-0.29106	
-0.19290	-0.20745	-0.25012	-0.31799	-0.40644	-0.50944	-0.61998	-0.73051	-0.83352	-0.92197	-0.98984	-1.03250	-1.04706	-1.03250	-0.98984	-0.92197	-0.83352	-0.73051	-0.61998	-0.50944	-0.40644	-0.31799	-0.25012	-0.20745	
-0.11417	-0.12834	-0.16988	-0.23596	-0.32208	-0.42236	-0.52998	-0.63760	-0.73788	-0.82400	-0.89008	-0.93162	-0.94579	-0.93162	-0.89008	-0.82400	-0.73788	-0.63760	-0.52998	-0.42236	-0.32208	-0.23596	-0.16988	-0.12834	
-0.04049	-0.05410	-0.09401	-0.15750	-0.24023	-0.33658	-0.43998	-0.54338	-0.63973	-0.72247	-0.78595	-0.82586	-0.83948	-0.82586	-0.78595	-0.72247	-0.63973	-0.54338	-0.43998	-0.33658	-0.24023	-0.15750	-0.09401	-0.05410	
0.02750	0.01464	-0.02307	-0.08306	-0.16124	-0.25228	-0.34998	-0.44768	-0.53873	-0.61691	-0.67690	-0.71461	-0.72747	-0.71461	-0.67690	-0.61691	-0.53873	-0.44768	-0.34998	-0.25228	-0.16124	-0.08306	-0.02307	0.01464	
0.08872	0.07684	0.04201	-0.01341	-0.08563	-0.16973	-0.25998	-0.35024	-0.43434	-0.50656	-0.56197	-0.59681	-0.60869	-0.59681	-0.56197	-0.50656	-0.43434	-0.35024	-0.25998	-0.16973	-0.08563	-0.01341	0.04201	0.07684	
0.14130	0.13069	0.09959	0.05013	-0.01434	-0.08942	-0.16998	-0.25055	-0.32563	-0.39010	-0.43956	-0.47066	-0.48127	-0.47066	-0.43956	-0.39010	-0.32563	-0.25055	-0.16998	-0.08942	-0.01434	0.05013	0.09959	0.13069	
0.18154	0.17263	0.14651	0.10494	0.05078	-0.01230	-0.07999	-0.14767	-0.21075	-0.26492	-0.30648	-0.33260	-0.34152	-0.33260	-0.30648	-0.26492	-0.21075	-0.14767	-0.07999	-0.01230	0.05078	0.10494	0.14651	0.17263	
0.20001	0.19354	0.17456	0.14436	0.10501	0.05919	0.01001	-0.03916	-0.08499	-0.12434	-0.15453	-0.17351	-0.17998	-0.17351	-0.15453	-0.12434	-0.08499	-0.03916	0.01001	0.05919	0.10501	0.14436	0.17456	0.19354	
0.10001	0.10001	0.10001	0.10001	0.10001	0.10001	0.10001	0.10001	0.10001	0.10001	0.10001	0.10001	0.10001	0.10001	0.10001	0.10001	0.10001	0.10001	0.10001	0.10001	0.10001	0.10001	0.10001	0.10001	
-1.99996	-1.99996	-1.99996	-1.99996	-1.99996	-1.99996	-1.99996	-1.99996	-1.99996	-1.99996	-1.99996	-1.99996	-1.99996	-1.99996	-1.99996	-1.99996	-1.99996	-1.99996	-1.99996	-1.99996	-1.99996	-1.99996	-1.99996	-1.99996	
-1.89996	-1.89996	-1.89996	-1.89996	-1.89996	-1.89996	-1.89996	-1.89996	-1.89996	-1.89996	-1.89996	-1.89996	-1.89996	-1.89996	-1.89996	-1.89996	-1.89996	-1.89996	-1.89996	-1.89996	-1.89996	-1.89996	-1.89996	-1.89996	
-1.79996	-1.79996	-1.79996	-1.79996	-1.79996	-1.79996	-1.79996	-1.79996	-1.79996	-1.79996	-1.79996	-1.79996	-1.79996	-1.79996	-1.79996	-1.79996	-1.79996	-1.79996	-1.79996	-1.79996	-1.79996	-1.79996	-1.79996	-1.79996	
-1.69996	-1.69996	-1.69996	-1.69996	-1.69996	-1.69996	-1.69996	-1.69996	-1.69996	-1.69996	-1.69996	-1.69996	-1.69996	-1.69996	-1.69996	-1.69996	-1.69996	-1.69996	-1.69996	-1.69996	-1.69996	-1.69996	-1.69996	-1.69996	
-1.59997	-1.59997	-1.59997	-1.59997	-1.59997	-1.59997	-1.59997	-1.59997	-1.59997	-1.59997	-1.59997	-1.59997	-1.59997	-1.59997	-1.59997	-1.59997	-1.59997	-1.59997	-1.59997	-1.59997	-1.59997	-1.59997	-1.59997	-1.59997	
-1.49997	-1.49997	-1.49997	-1.49997	-1.49997	-1.49997	-1.49997	-1.49997	-1.49997	-1.49997	-1.49997	-1.49997	-1.49997	-1.49997	-1.49997	-1.49997	-1.49997	-1.49997	-1.49997	-1.49997	-1.49997	-1.49997	-1.49997	-1.49997	
-1.39997	-1.39997	-1.39997	-1.39997	-1.39997	-1.39997	-1.39997	-1.39997	-1.39997	-1.39997	-1.39997	-1.39997	-1.39997	-1.39997	-1.39997	-1.39997	-1.39997	-1.39997	-1.39997	-1.39997	-1.39997	-1.39997	-1.39997	-1.39997	
-1.29997	-1.29997	-1.29997	-1.29997	-1.29997	-1.29997	-1.29997	-1.29997	-1.29997	-1.29997	-1.29997	-1.29997	-1.29997	-1.29997	-1.29997	-1.29997	-1.29997	-1.29997	-1.29997	-1.29997	-1.29997	-1.29997	-1.29997	-1.29997	
-1.19997	-1.19997	-1.19997	-1.19997	-1.19997	-1.19997	-1.19997	-1.19997	-1.19997	-1.19997	-1.19997	-1.19997	-1.19997	-1.19997	-1.19997	-1.19997	-1.19997	-1.19997	-1.19997	-1.19997	-1.19997	-1.19997	-1.19997	-1.19997	
-1.09997	-1.09997	-1.09997	-1.09997	-1.09997	-1.09997	-1.09997	-1.09997	-1.09997	-1.09997	-1.09997	-1.09997	-1.09997	-1.09997	-1.09997	-1.09997	-1.09997	-1.09997	-1.09997	-1.09997	-1.09997	-1.09997	-1.09997	-1.09997	
-0.99997	-0.99997	-0.99997	-0.99997	-0.99997	-0.99997	-0.99997	-0.99997	-0.99997	-0.99997	-0.99997	-0.99997	-0.99997	-0.99997	-0.99997	-0.99997	-0.99997	-0.99997	-0.99997	-0.99997	-0.99997	-0.99997	-0.99997	-0.99997	
-0.89998	-0.89998	-0.89998	-0.89998	-0.89998	-0.89998	-0.89998	-0.89998	-0.89998	-0.89998	-0.89998	-0.89998	-0.89998	-0.89998	-0.89998	-0.89998	-0.89998	-0.89998	-0.89998	-0.89998	-0.89998	-0.89998	-0.89998	-0.89998	
-0.79998	-0.79998	-0.79998	-0.79998	-0.79998	-0.79998	-0.79998	-0.79998	-0.79998	-0.79998	-0.79998	-0.79998	-0.79998	-0.79998	-0.79998	-0.79998	-0.79998	-0.79998	-0.79998	-0.79998	-0.79998	-0.79998	-0.79998	-0.79998	
-0.69998	-0.69998	-0.69998	-0.69998	-0.69998	-0.69998	-0.69998	-0.69998	-0.69998	-0.69998	-0.69998	-0.69998	-0.69998	-0.69998	-0.69998	-0.69998	-0.69998	-0.69998	-0.69998	-0.69998	-0.69998	-0.69998	-0.69998	-0.69998	
-0.59998	-0.59998	-0.59998	-0.59998	-0.59998	-0.59998	-0.59998	-0.59998	-0.59998	-0.59998	-0.59998	-0.59998	-0.59998	-0.59998	-0.59998	-0.59998	-0.59998	-0.59998	-0.59998	-0.59998	-0.59998	-0.59998	-0.59998	-0.59998	
-0.49998	-0.49998	-0.49998	-0.49998	-0.49998	-0.49998	-0.49998	-0.49998	-0.49998	-0.49998	-0.49998	-0.49998	-0.49998	-0.49998	-0.49998	-0.49998	-0.49998	-0.49998	-0.49998	-0.49998	-0.49998	-0.49998	-0.49998	-0.49998	
-0.39998	-0.39998	-0.39998	-0.39998	-0.39998	-0.39998	-0.39998	-0.39998	-0.39998	-0.39998	-0.39998	-0.39998	-0.39998	-0.39998	-0.39998	-0.39998	-0.39998	-0.39998	-0.39998	-0.39998	-0.39998	-0.39998	-0.39998	-0.39998	
-0.29998	-0.29998	-0.29998	-0.29998	-0.29998	-0.29998	-0.29998	-0.29998	-0.29998	-0.29998	-0.29998	-0.29998	-0.29998	-0.29998	-0.29998	-0.29998	-0.29998	-0.29998	-0.29998	-0.29998	-0.29998	-0.29998	-0.29998	-0.29998	
-0.19998	-0.19998	-0.19998	-0.19998	-0.19998	-0.19998	-0.19998	-0.19998	-0.19998	-0.19998	-0.19998	-0.19998	-0.19998	-0.19998	-0.19998	-0.19998	-0.19998	-0.19998	-0.19998	-0.19998	-0.19998	-0.19998	-0.19998	-0.19998	
-0.09999	-0.09999	-0.09999	-0.09999	-0.09999	-0.09999	-0.09999	-0.09999	-0.09999	-0.09999	-0.09999	-0.09999	-0.09999	-0.09999	-0.09999	-0.09999	-0.09999	-0.09999	-0.09999	-0.09999	-0.09999	-0.09999	-0.09999	-0.09999	
0.00001	0.00001	0.00001	0.00001	0.00001	0.00001	0.00001	0.00001	0.00001	0.00001	0.00001	0.00001	0.00001	0.00001	0.00001	0.00001	0.00001	0.00001	0.00001	0.00001	0.00001	0.00001	0.00001	0.00001	
